EventID,ParticleName,Initial_Energy_MeV,Total_Energy_Deposit_MeV,PosX_m,PosY_m,PosZ_m,Theta_deg,Phi_deg,MomX,MomY,MomZ
100,gamma,0.592655,216.771592,-0.047855,-92.000000,2.480314,87.919689,-123.897296,-0.557338,-0.829492,0.036300
300,neutron,0.006244,3448.585598,-1.063833,-92.000000,-2.944991,116.212227,-86.768897,0.050567,-0.895738,-0.441697
201,neutron,19511.236713,0.000000,1.966457,-92.000000,-2.875144,89.999868,-90.325045,-0.005673,-0.999984,0.000002
0,neutron,31.824276,3879.641008,1.773687,-92.000000,-0.081925,83.241819,-77.152100,0.220819,-0.968189,0.117679
202,neutron,12816.179726,1075.226391,2.284664,-92.000000,-0.573392,86.715496,-89.730252,0.004700,-0.998346,0.057294
1,pi-,2311.856319,804.663692,0.584816,-92.000000,2.604587,68.921628,-98.822818,-0.143117,-0.922048,0.359645
2,neutron,19511.576325,0.000000,2.990399,-92.000000,-2.138269,90.000000,-90.000000,0.000000,-1.000000,0.000000
301,neutron,19511.576325,3109.345659,2.243787,-92.000000,2.935025,90.000000,-90.000000,0.000000,-1.000000,0.000000
101,gamma,0.127768,2433.148186,2.175221,-92.000000,-0.822639,84.361556,-54.124787,0.583187,-0.806375,0.098251
302,neutron,0.000031,1774.209975,0.939083,-92.000000,0.130017,75.417381,-101.834796,-0.198484,-0.947213,0.251776
203,pi+,2299.516952,4117.160509,1.862050,-92.000000,-2.568176,87.479325,-80.728608,0.160955,-0.985981,0.043980
204,neutron,15052.500049,785.351905,-1.138148,-92.000000,1.993948,90.516184,-88.204148,0.031337,-0.999468,-0.009009
205,neutron,19511.576325,0.000000,-1.857652,-92.000000,2.588436,90.000000,-90.000000,0.000000,-1.000000,0.000000
206,neutron,19511.531354,1261.533573,1.915017,-92.000000,-0.297723,89.852117,-89.948995,0.000890,-0.999996,0.002581
303,pi+,1060.703970,2246.148609,-0.675858,-92.000000,-2.105053,90.613350,-82.253628,0.134780,-0.990818,-0.010705
102,gamma,3.487025,3218.682736,0.486167,-92.000000,2.827662,82.280148,-84.249500,0.099289,-0.985950,0.134330
103,neutron,19192.776070,0.000000,-2.523400,-92.000000,2.604969,89.458042,-90.351072,-0.006127,-0.999936,0.009459
104,neutron,19511.576325,441.352103,-1.847121,-92.000000,1.818431,90.000000,-90.000000,0.000000,-1.000000,0.000000
105,neutron,19511.576325,0.000000,1.052800,-92.000000,1.361000,90.000000,-90.000000,0.000000,-1.000000,0.000000
106,neutron,19510.717092,78.636172,0.456868,-92.000000,0.127751,89.636877,-90.263598,-0.004601,-0.999969,0.006338
207,gamma,0.119184,2975.145020,0.513477,-92.000000,0.363767,83.452325,-106.836415,-0.287751,-0.950893,0.114030
107,neutron,19511.576325,744.996825,-0.564879,-92.000000,-1.950518,90.000000,-90.000000,0.000000,-1.000000,0.000000
209,neutron,19511.576325,0.088527,0.238910,-92.000000,-2.903579,90.000000,-90.000000,0.000000,-1.000000,0.000000
304,gamma,0.202519,43.649405,1.646458,-92.000000,-2.179131,64.676628,-120.039430,-0.452493,-0.782496,0.427727
210,neutron,19511.576325,2429.567286,-2.296347,-92.000000,-1.907718,90.000000,-90.000000,0.000000,-1.000000,0.000000
211,neutron,19511.576325,0.000000,-1.579988,-92.000000,1.060193,90.000000,-90.000000,0.000000,-1.000000,0.000000
109,gamma,0.394635,597.682618,-2.663543,-92.000000,0.477338,116.596807,-89.286467,0.011135,-0.894110,-0.447709
110,neutron,19511.576325,0.000000,-0.713752,-92.000000,-1.239302,90.000000,-90.000000,0.000000,-1.000000,0.000000
111,neutron,19511.576325,0.071317,0.768747,-92.000000,-2.643843,90.000000,-90.000000,0.000000,-1.000000,0.000000
113,neutron,18770.424764,5.133590,-2.195419,-92.000000,2.076333,89.504692,-91.534637,-0.026780,-0.999604,0.008645
114,neutron,19511.576325,0.000000,-0.339132,-92.000000,0.633454,90.000000,-90.000000,0.000000,-1.000000,0.000000
212,neutron,18.135170,2052.363203,0.105864,-92.000000,1.410914,112.082870,-126.576339,-0.552179,-0.744152,-0.375947
213,neutron,19511.576325,0.000000,2.817434,-92.000000,2.309463,90.000000,-90.000000,0.000000,-1.000000,0.000000
4,nu_mu,29.791916,2686.728468,0.848016,-92.000000,2.661688,81.003660,-96.476447,-0.111407,-0.981395,0.156371
305,gamma,0.885418,3773.728565,-2.957318,-92.000000,-0.063338,112.006545,-79.566243,0.167904,-0.911811,-0.374713
115,gamma,0.151105,3128.418470,-2.205950,-92.000000,0.512389,72.964487,-135.039820,-0.676551,-0.675611,0.292964
306,neutron,19511.576325,571.424407,-1.859521,-92.000000,-2.226691,90.000000,-90.000000,0.000000,-1.000000,0.000000
5,pi+,169.556131,1412.055535,0.783784,-92.000000,-2.269111,105.798401,-86.780265,0.054044,-0.960707,-0.272253
6,proton,5272.976813,911.164713,-1.888805,-92.000000,1.534412,88.873845,-88.714313,0.022433,-0.999555,0.019654
7,neutron,19511.576325,164.300876,0.097859,-92.000000,-2.053743,90.000000,-90.000000,0.000000,-1.000000,0.000000
8,pi-,2957.088361,1156.768674,2.713009,-92.000000,-1.765702,93.014626,-93.802439,-0.066225,-0.996418,-0.052591
9,neutron,19399.730559,192.359690,-1.077369,-92.000000,-0.845077,88.775025,-90.127148,-0.002219,-0.999769,0.021378
10,neutron,19511.576325,0.000000,-1.529535,-92.000000,-0.980093,90.000000,-90.000000,0.000000,-1.000000,0.000000
214,e+,370.018946,1694.634958,-2.444793,-92.000000,-0.468207,91.616990,-92.769388,-0.048297,-0.998434,-0.028218
215,neutron,19511.576325,0.000000,2.152171,-92.000000,-0.105444,90.000000,-90.000000,0.000000,-1.000000,0.000000
11,neutron,19511.576325,899.270209,2.446739,-92.000000,-0.145079,90.000000,-90.000000,0.000000,-1.000000,0.000000
12,neutron,19459.589386,178.256384,0.623634,-92.000000,-1.151341,90.052547,-89.954759,0.000790,-0.999999,-0.000917
116,neutron,2352.341548,1116.017708,1.890536,-92.000000,-1.564564,91.588124,-88.877310,0.019586,-0.999424,-0.027714
307,proton,7840.029263,2655.059255,1.654000,-92.000000,-2.320460,89.213808,-84.465209,0.096441,-0.995244,0.013721
216,gamma,527.172143,2492.164285,-2.159203,-92.000000,-1.589599,66.734730,-92.466518,-0.039536,-0.917835,0.394989
217,pi-,3721.998249,464.936004,-1.679997,-92.000000,-0.013405,90.939038,-90.923726,-0.016119,-0.999736,-0.016389
218,neutron,19511.576325,995.488854,-0.446320,-92.000000,-2.640805,90.000000,-90.000000,0.000000,-1.000000,0.000000
219,neutron,18848.887931,0.000000,-2.115391,-92.000000,-0.135419,89.057087,-90.552029,-0.009633,-0.999818,0.016456
220,neutron,19511.576325,0.000000,-1.690515,-92.000000,-1.417677,90.000000,-90.000000,0.000000,-1.000000,0.000000
13,neutron,32.373754,2620.684305,2.407563,-92.000000,0.449761,58.790450,-80.264065,0.144634,-0.842960,0.518170
308,gamma,3.576482,2843.814328,2.208379,-92.000000,0.391511,51.335036,-87.654572,0.031954,-0.780158,0.624765
118,neutron,28.490614,3089.622544,-0.241048,-92.000000,2.049811,89.835094,-112.021987,-0.374961,-0.927036,0.002878
119,neutron,19510.551752,0.000000,2.853731,-92.000000,-1.204402,89.541877,-90.173811,-0.003033,-0.999963,0.007996
14,neutron,38.414313,1767.498128,-1.903690,-92.000000,1.901993,41.074073,-122.319554,-0.351277,-0.555246,0.753861
15,neutron,19511.576325,502.786792,-0.246414,-92.000000,2.107763,90.000000,-90.000000,0.000000,-1.000000,0.000000
221,gamma,1.990569,4709.742727,-0.855750,-92.000000,0.650448,92.897839,-96.626090,-0.115242,-0.992050,-0.050555
222,proton,18140.736875,143.476721,-0.902919,-92.000000,-2.325221,87.335360,-89.805512,0.003391,-0.998913,0.046490
120,e+,471.838738,1114.073235,-0.486764,-92.000000,1.499051,110.186871,-82.795639,0.117705,-0.931162,-0.345083
309,neutron,112.633718,3107.290682,2.294989,-92.000000,2.764654,53.569068,-54.602275,0.466048,-0.655849,0.593853
16,pi-,555.113394,1407.140069,-1.447439,-92.000000,-0.547280,89.190237,-94.528585,-0.078949,-0.996779,0.014133
17,pi+,1199.661597,2255.943599,1.581202,-92.000000,-0.405572,66.161726,-74.011865,0.251941,-0.879309,0.404156
223,neutron,6.325062,3427.654497,1.608058,-92.000000,-2.304553,147.770835,-87.272858,0.025375,-0.532703,-0.845922
122,proton,1352.826615,4344.709935,2.532004,-92.000000,-0.009105,73.768794,-85.529929,0.074832,-0.957221,0.279514
311,neutron,0.228456,1437.564425,2.801824,-92.000000,-2.008143,128.404228,-73.931938,0.216897,-0.753033,-0.621206
123,neutron,53.219625,918.410828,1.160020,-92.000000,-0.606873,74.851333,-40.697693,0.731815,-0.629409,0.261324
19,pi+,218.795351,2967.102102,2.591540,-92.000000,-0.232678,72.099683,-77.222336,0.210462,-0.928027,0.307362
312,neutron,5374.193724,1682.501450,-1.424116,-92.000000,-1.554213,93.317599,-90.760155,-0.013245,-0.998236,-0.057871
313,neutron,19511.576325,0.000000,-1.631686,-92.000000,1.133272,90.000000,-90.000000,0.000000,-1.000000,0.000000
225,gamma,9.872726,4436.926041,0.320077,-92.000000,-2.460793,127.224015,-103.751852,-0.189289,-0.773451,-0.604933
314,gamma,0.719816,1049.301955,1.562745,-92.000000,1.423296,87.397667,-103.505196,-0.233293,-0.971346,0.045404
315,neutron,19510.672579,0.000000,-1.645600,-92.000000,0.279876,89.538132,-89.603646,0.006917,-0.999944,0.008061
20,neutron,0.000024,2164.382492,-2.966471,-92.000000,2.152511,71.325835,-103.693903,-0.224272,-0.920426,0.320186
316,neutron,19511.576325,249.332047,2.700192,-92.000000,0.544209,90.000000,-90.000000,0.000000,-1.000000,0.000000
124,neutron,6682.939101,3117.601539,0.471366,-92.000000,0.000440,87.786969,-83.492188,0.113254,-0.992815,0.038615
125,neutron,19511.381167,0.000000,-2.255340,-92.000000,2.552366,90.194011,-89.881378,0.002070,-0.999992,-0.003386
126,neutron,19511.576325,0.028010,-0.478011,-92.000000,-0.954859,90.000000,-90.000000,0.000000,-1.000000,0.000000
127,neutron,11.484206,6.207847,-1.572793,-92.000000,-0.358790,58.941707,-66.537674,0.341069,-0.785817,0.515910
21,neutron,97.952161,790.950364,-2.822833,-92.000000,1.800468,35.069128,-109.205071,-0.189003,-0.542588,0.818459
128,neutron,19511.478309,1568.655953,-0.416594,-92.000000,-0.495416,90.098365,-90.102132,-0.001783,-0.999997,-0.001717
226,neutron,2.752684,1988.898507,-1.860510,-92.000000,-1.833323,91.094395,-99.663153,-0.167825,-0.985632,-0.019100
129,gamma,0.131894,2082.117302,0.442436,-92.000000,1.911285,87.644712,-105.737940,-0.271009,-0.961699,0.041096
22,neutron,1372.584050,1847.521518,2.727570,-92.000000,0.042210,88.085158,-91.310337,-0.022855,-0.999180,0.033414
228,neutron,19511.576325,1075.601144,-0.650865,-92.000000,-1.163932,90.000000,-90.000000,0.000000,-1.000000,0.000000
319,neutron,19511.044198,3060.508055,0.126310,-92.000000,-0.121659,90.344857,-89.924086,0.001325,-0.999981,-0.006019
320,neutron,19511.576325,0.000000,2.780421,-92.000000,-2.965219,90.000000,-90.000000,0.000000,-1.000000,0.000000
321,neutron,19511.576325,0.023111,-0.740803,-92.000000,-0.265139,90.000000,-90.000000,0.000000,-1.000000,0.000000
130,gamma,0.142543,3239.363663,1.296169,-92.000000,0.374191,89.513848,-57.039743,0.544038,-0.839018,0.008485
131,neutron,19367.559456,0.000000,-1.702839,-92.000000,-1.232951,89.756785,-90.831958,-0.014520,-0.999886,0.004245
132,neutron,5.358204,430.074923,2.407752,-92.000000,-2.681268,123.280568,-40.078220,0.639674,-0.538240,-0.548739
24,neutron,19511.562864,0.000000,1.138297,-92.000000,2.927598,90.083829,-90.063268,-0.001104,-0.999998,-0.001463
133,proton,18586.317608,93.928917,-0.400118,-92.000000,0.244198,89.367895,-90.621985,-0.010855,-0.999880,0.011032
134,neutron,19511.576325,921.740931,2.624390,-92.000000,0.136094,90.000000,-90.000000,0.000000,-1.000000,0.000000
322,neutron,0.023746,4447.285127,-2.498152,-92.000000,0.811597,81.508341,-78.053481,0.204729,-0.967616,0.147665
25,gamma,0.951421,3231.511723,-0.466351,-92.000000,-1.460358,99.426990,-72.998236,0.288452,-0.943381,-0.163791
26,neutron,19511.069772,0.000000,0.338638,-92.000000,-0.478785,90.106429,-90.443043,-0.007732,-0.999968,-0.001858
231,neutron,19511.576325,0.000000,-1.670188,-92.000000,1.188613,90.000000,-90.000000,0.000000,-1.000000,0.000000
232,neutron,19511.576325,396.090613,-2.858417,-92.000000,0.585372,90.000000,-90.000000,0.000000,-1.000000,0.000000
27,proton,7255.147083,708.261001,-0.366521,-92.000000,2.250054,93.233671,-92.820571,-0.049130,-0.997198,-0.056408
28,proton,15557.345852,283.971468,-0.921845,-92.000000,-1.119965,90.110902,-91.309448,-0.022852,-0.999737,-0.001936
233,proton,12391.967438,1155.708019,-1.711237,-92.000000,-2.096000,92.130406,-88.243558,0.030630,-0.998839,-0.037174
234,gamma,0.095098,1032.809878,1.458652,-92.000000,1.284974,109.181495,-96.362803,-0.104671,-0.938665,-0.328562
323,gamma,0.436422,3285.158616,-0.201905,-92.000000,0.910866,103.937712,-85.228742,0.080729,-0.967195,-0.240867
136,pi+,3818.868606,2783.313962,-1.049693,-92.000000,0.556425,94.695843,-86.001920,0.069489,-0.994218,-0.081866
137,neutron,19511.576325,0.000000,-0.509010,-92.000000,1.721378,90.000000,-90.000000,0.000000,-1.000000,0.000000
235,gamma,2.577669,1600.976329,1.376106,-92.000000,2.711111,76.281518,-57.989807,0.514949,-0.823764,0.237152
324,neutron,19509.631861,2383.490745,2.490829,-92.000000,0.258255,89.568777,-89.860747,0.002430,-0.999969,0.007526
325,neutron,18290.268461,2.516340,-1.884144,-92.000000,1.093108,88.602116,-90.278023,-0.004851,-0.999691,0.024395
326,neutron,19511.493857,0.000000,-0.788920,-92.000000,-2.944340,89.761623,-90.091030,-0.001589,-0.999990,0.004160
236,proton,327.477989,2067.783859,0.081074,-92.000000,0.155027,66.668150,-64.849713,0.390241,-0.831175,0.396056
237,neutron,19511.576325,76.511639,1.938978,-92.000000,2.949538,90.000000,-90.000000,0.000000,-1.000000,0.000000
238,neutron,19511.576325,903.047836,-0.236882,-92.000000,-1.551488,90.000000,-90.000000,0.000000,-1.000000,0.000000
239,neutron,19511.544729,1880.352376,-1.770048,-92.000000,1.545806,89.891624,-89.965299,0.000606,-0.999998,0.001892
30,mu+,2008.931132,131.909111,2.269956,-92.000000,-2.441003,90.028711,-88.237234,0.030761,-0.999527,-0.000501
138,pi+,58.864749,916.923406,-2.456547,-92.000000,1.875738,33.286447,-95.123956,-0.049016,-0.546632,0.835937
327,neutron,60.167016,2628.781360,0.687660,-92.000000,-0.217120,80.760804,-98.973256,-0.153950,-0.974947,0.160556
31,neutron,1.556710,1425.381889,2.020966,-92.000000,0.060147,71.608345,-35.442859,0.773081,-0.550271,0.315511
240,neutron,17973.435455,260.417758,-2.817920,-92.000000,-0.437285,89.818128,-91.849578,-0.032275,-0.999474,0.003174
241,neutron,19511.576325,0.000000,-2.545597,-92.000000,-0.274061,90.000000,-90.000000,0.000000,-1.000000,0.000000
242,neutron,19511.576325,0.000000,1.107306,-92.000000,0.808776,90.000000,-90.000000,0.000000,-1.000000,0.000000
243,gamma,0.492458,98.360026,-2.205129,-92.000000,-1.545412,99.152051,-130.263109,-0.638071,-0.753370,-0.159055
32,gamma,0.233870,461.730218,-1.112335,-92.000000,0.965836,99.513752,-57.074114,0.536078,-0.827830,-0.165284
33,gamma,0.228560,527.329422,0.890598,-92.000000,-1.359943,61.673314,-58.184891,0.464054,-0.748001,0.474498
34,neutron,19511.576325,0.116566,0.244734,-92.000000,1.214545,90.000000,-90.000000,0.000000,-1.000000,0.000000
244,neutron,19511.576325,824.932444,2.718299,-92.000000,-1.043309,90.000000,-90.000000,0.000000,-1.000000,0.000000
139,neutron,18916.637117,0.175928,-1.193041,-92.000000,1.050834,90.187736,-90.013455,-0.000235,-0.999995,-0.003277
140,neutron,19511.576325,0.116389,0.860720,-92.000000,0.609452,90.000000,-90.000000,0.000000,-1.000000,0.000000
245,neutron,1298.463914,842.460131,1.143812,-92.000000,-1.558047,76.734209,-87.767977,0.037907,-0.972578,0.229469
246,neutron,11415.901864,0.000000,-2.644984,-92.000000,0.834237,89.926456,-95.170377,-0.090118,-0.995930,0.001284
141,pi+,1245.385043,1561.634304,0.208202,-92.000000,-2.171218,87.351155,-72.572247,0.299183,-0.953076,0.046215
35,neutron,15735.987816,0.000000,1.896803,-92.000000,-1.744677,91.746956,-90.058541,-0.001021,-0.999535,-0.030485
36,neutron,19511.576325,0.000000,0.520025,-92.000000,-2.949720,90.000000,-90.000000,0.000000,-1.000000,0.000000
329,neutron,19146.223896,0.000000,1.559736,-92.000000,0.208516,89.247599,-90.905220,-0.015797,-0.999789,0.013132
330,gamma,8.183423,999.557905,0.394192,-92.000000,2.241457,41.188543,-45.544130,0.461214,-0.470059,0.752547
142,gamma,3.014826,2374.302748,-2.360538,-92.000000,1.198240,94.083659,-89.027310,0.016933,-0.997317,-0.071213
143,neutron,19511.576325,0.592471,1.103425,-92.000000,-2.695257,90.000000,-90.000000,0.000000,-1.000000,0.000000
38,neutron,19510.720283,316.123595,-1.469061,-92.000000,-1.301294,89.551899,-89.809251,0.003329,-0.999964,0.007821
331,gamma,0.273213,2773.948736,0.732159,-92.000000,-2.825386,103.528683,-102.087792,-0.203600,-0.950696,-0.233932
144,pi+,1218.435077,2464.683222,-0.262637,-92.000000,2.202199,94.833765,-75.737292,0.245492,-0.965729,-0.084265
145,neutron,19511.576325,0.066831,2.841305,-92.000000,0.968672,90.000000,-90.000000,0.000000,-1.000000,0.000000
247,gamma,0.035150,2956.835631,2.242001,-92.000000,-2.124873,113.769104,-44.612450,0.651490,-0.642736,-0.403052
146,nu_mu,3056.794967,0.000000,-2.691988,-92.000000,0.084858,91.249391,-91.954160,-0.034092,-0.999181,-0.021804
147,neutron,19511.576325,0.000000,-0.811362,-92.000000,0.309011,90.000000,-90.000000,0.000000,-1.000000,0.000000
332,pi+,563.158853,426.258905,-1.750369,-92.000000,-2.798135,77.904156,-107.572923,-0.295216,-0.932168,0.209548
148,gamma,4.039254,969.888394,1.413993,-92.000000,-0.756150,62.846578,-113.944982,-0.361129,-0.813209,0.456375
40,gamma,0.052152,1483.363241,1.137037,-92.000000,0.619734,47.598983,-125.722114,-0.431144,-0.599511,0.674315
248,e-,381.687379,4908.226314,-0.209760,-92.000000,2.569078,80.893332,-71.531481,0.312791,-0.936542,0.158273
250,neutron,19511.576325,0.000000,1.032835,-92.000000,-0.756604,90.000000,-90.000000,0.000000,-1.000000,0.000000
149,neutron,58.082225,1666.658698,0.650199,-92.000000,-1.821498,121.731653,-73.534934,0.241064,-0.815643,-0.525942
150,neutron,19511.143958,0.031136,2.301447,-92.000000,-2.172616,89.907464,-90.304549,-0.005315,-0.999985,0.001615
334,pi+,3878.319392,673.007274,1.772095,-92.000000,2.161038,97.367906,-89.315090,0.011855,-0.991672,-0.128240
41,gamma,6.668341,2435.111567,-2.685552,-92.000000,0.618858,108.264229,-147.274914,-0.798892,-0.513374,-0.313400
251,neutron,19511.576325,2955.809801,1.936736,-92.000000,2.394474,90.000000,-90.000000,0.000000,-1.000000,0.000000
252,neutron,19511.287885,0.000000,-1.654287,-92.000000,2.723088,89.914941,-89.857147,0.002493,-0.999996,0.001485
42,neutron,19511.576325,1541.912008,-1.398583,-92.000000,1.040079,90.000000,-90.000000,0.000000,-1.000000,0.000000
253,neutron,19511.576325,1633.759024,0.285209,-92.000000,-2.923643,90.000000,-90.000000,0.000000,-1.000000,0.000000
151,gamma,2.080932,2236.988191,-1.492969,-92.000000,2.286722,61.394822,-125.337666,-0.507795,-0.716186,0.478771
335,neutron,19511.576325,2548.641492,-2.104176,-92.000000,-2.982963,90.000000,-90.000000,0.000000,-1.000000,0.000000
336,pi-,175.494289,382.414673,-0.452395,-92.000000,0.318873,48.632546,-59.963706,0.375655,-0.649703,0.660886
337,neutron,19511.576325,0.000000,-2.460885,-92.000000,-0.213717,90.000000,-90.000000,0.000000,-1.000000,0.000000
43,neutron,11.067316,3248.938596,-2.557802,-92.000000,0.799531,57.782028,-94.111450,-0.060657,-0.843849,0.533142
44,neutron,19511.576325,0.000000,1.681240,-92.000000,0.699458,90.000000,-90.000000,0.000000,-1.000000,0.000000
254,e+,41.060244,462.291502,1.592157,-92.000000,1.219726,90.658212,-84.917498,0.088584,-0.996002,-0.011488
338,neutron,36.460069,3057.937092,0.515272,-92.000000,2.566333,59.702304,-123.029957,-0.470629,-0.723875,0.504493
255,neutron,19511.576325,680.410060,-2.613682,-92.000000,2.308414,90.000000,-90.000000,0.000000,-1.000000,0.000000
152,gamma,0.616138,805.197352,0.870034,-92.000000,0.428284,95.553746,-84.237192,0.099939,-0.990276,-0.096779
153,e+,95.036617,1300.980989,0.376665,-92.000000,1.134565,83.596231,-113.513567,-0.396477,-0.911244,0.111534
256,gamma,0.617833,1895.111955,0.586228,-92.000000,-0.001062,69.137677,-116.996946,-0.424182,-0.832614,0.356124
154,proton,10192.407165,104.381923,2.285018,-92.000000,2.114059,88.887723,-87.467369,0.044180,-0.998835,0.019412
45,e+,112.815230,1058.292674,-1.339162,-92.000000,-2.700560,83.319982,-93.986743,-0.069054,-0.990808,0.116324
46,neutron,19511.571054,0.000000,-0.689268,-92.000000,-0.404749,89.953726,-89.995609,0.000077,-1.000000,0.000808
339,neutron,19364.705670,3286.472088,0.385173,-92.000000,-1.118062,91.057496,-89.028124,0.016959,-0.999686,-0.018456
155,gamma,13.314949,455.280456,1.689494,-92.000000,-0.465389,82.209358,-105.845007,-0.270516,-0.953125,0.135554
340,gamma,125.173837,2339.623070,1.721752,-92.000000,-2.560480,92.662905,-84.139233,0.102001,-0.993699,-0.046460
257,gamma,0.476762,2979.067508,-0.092521,-92.000000,1.020283,81.497966,-81.884079,0.139625,-0.979105,0.147845
47,gamma,0.094116,2352.308485,0.141422,-92.000000,2.802200,91.976782,-124.754843,-0.569727,-0.821110,-0.034495
258,proton,4938.265964,1466.707806,-2.650977,-92.000000,-2.095075,91.003803,-89.671339,0.005735,-0.999830,-0.017519
48,neutron,7221.968396,118.585142,2.703074,-92.000000,-1.230218,91.515066,-87.165065,0.049441,-0.998427,-0.026440
49,neutron,62.795286,823.340720,-0.291462,-92.000000,0.052047,96.327461,-85.938362,0.070398,-0.991412,-0.110211
156,gamma,0.332938,4545.340299,-2.311322,-92.000000,2.112541,83.812464,-96.743996,-0.116749,-0.987296,0.107783
341,gamma,2.651937,982.568418,2.053441,-92.000000,0.268124,66.115540,-48.686039,0.603649,-0.686782,0.404894
342,neutron,19511.576325,0.000000,-2.019828,-92.000000,0.292237,90.000000,-90.000000,0.000000,-1.000000,0.000000
157,neutron,19511.576325,1613.936317,0.566804,-92.000000,-0.549610,90.000000,-90.000000,0.000000,-1.000000,0.000000
50,gamma,3.382548,736.771262,0.544135,-92.000000,2.817599,67.848772,-113.314929,-0.366573,-0.850562,0.377053
51,pi+,907.475425,2219.578177,2.305383,-92.000000,-0.641627,84.840318,-91.314830,-0.022853,-0.995686,0.089932
52,neutron,18339.824221,200.737614,1.451480,-92.000000,1.433307,89.922003,-89.926043,0.001291,-0.999998,0.001361
53,neutron,19511.576325,0.112546,0.976516,-92.000000,-0.825384,90.000000,-90.000000,0.000000,-1.000000,0.000000
259,e-,7.818654,1327.439382,1.073798,-92.000000,2.975632,108.608232,-94.056906,-0.067049,-0.945348,-0.319095
260,gamma,7.477992,534.771862,-2.944131,-92.000000,1.929234,105.774213,-121.028563,-0.496053,-0.824640,-0.271847
343,gamma,2.398969,4069.552331,-2.641690,-92.000000,2.771114,72.632658,-102.690267,-0.209665,-0.931096,0.298497
158,neutron,2.221142,3024.595314,1.068807,-92.000000,1.515224,66.992742,-47.318814,0.623994,-0.676661,0.390848
261,neutron,19511.532990,1554.041490,-2.779190,-92.000000,-1.539109,89.969682,-89.903901,0.001677,-0.999998,0.000529
159,gamma,2.548299,1745.146977,-2.571071,-92.000000,0.725032,53.965815,-109.856077,-0.274670,-0.760590,0.588268
54,gamma,0.388093,3323.280565,-0.941281,-92.000000,1.036985,87.408135,-99.604147,-0.166669,-0.984975,0.045221
345,neutron,19511.576325,0.000000,-1.558015,-92.000000,1.517550,90.000000,-90.000000,0.000000,-1.000000,0.000000
55,neutron,17505.125333,0.000000,-2.466094,-92.000000,1.997796,88.080162,-89.648010,0.006140,-0.999420,0.033501
56,neutron,19273.680891,1061.110192,-2.013754,-92.000000,2.525616,88.581135,-92.014561,-0.035143,-0.999076,0.024761
347,gamma,0.212003,2603.034688,-2.750698,-92.000000,-2.284802,147.492487,-86.643244,0.031467,-0.536488,-0.843321
161,neutron,19327.430509,1815.417663,1.020326,-92.000000,-0.335946,88.521981,-90.242913,-0.004238,-0.999658,0.025793
162,neutron,19511.576325,0.000000,-0.062534,-92.000000,-0.706289,90.000000,-90.000000,0.000000,-1.000000,0.000000
262,gamma,4.684261,3169.669369,2.375140,-92.000000,-1.520550,86.214487,-72.278292,0.303730,-0.950468,0.066022
263,neutron,19511.576325,0.000000,2.827904,-92.000000,0.707957,90.000000,-90.000000,0.000000,-1.000000,0.000000
163,neutron,19511.576325,403.452707,2.567862,-92.000000,2.245313,90.000000,-90.000000,0.000000,-1.000000,0.000000
59,neutron,19511.576325,0.032530,1.327592,-92.000000,0.463224,90.000000,-90.000000,0.000000,-1.000000,0.000000
60,neutron,19511.576325,0.000000,0.146612,-92.000000,1.681737,90.000000,-90.000000,0.000000,-1.000000,0.000000
264,neutron,0.723833,1461.513871,-0.279763,-92.000000,0.162809,61.508617,-47.080372,0.598499,-0.643619,0.477027
349,neutron,19511.536715,94.646855,-1.805248,-92.000000,-0.316109,89.986840,-90.126732,-0.002212,-0.999998,0.000230
350,neutron,19511.538232,0.128978,2.803561,-92.000000,1.010204,90.009393,-89.875404,0.002175,-0.999998,-0.000164
351,neutron,19511.576325,0.279275,1.270930,-92.000000,0.254599,90.000000,-90.000000,0.000000,-1.000000,0.000000
164,neutron,2.583019,1831.367363,2.523857,-92.000000,-0.596866,136.226167,-73.878980,0.192094,-0.664610,-0.722076
165,neutron,19511.576325,0.378411,-2.380741,-92.000000,2.271200,90.000000,-90.000000,0.000000,-1.000000,0.000000
352,neutron,0.045618,1023.714045,-2.380093,-92.000000,1.230751,40.453005,-79.713875,0.115857,-0.638396,0.760938
353,neutron,19511.576325,0.131354,0.868696,-92.000000,-0.257185,90.000000,-90.000000,0.000000,-1.000000,0.000000
61,gamma,0.063706,1971.321457,-1.132294,-92.000000,2.702618,78.116478,-140.883281,-0.759234,-0.617381,0.205923
265,proton,3460.429323,1162.359785,-2.522514,-92.000000,1.783543,98.334635,-96.211568,-0.107057,-0.983629,-0.144954
266,neutron,19510.838419,0.160534,-1.415096,-92.000000,0.495872,90.230366,-89.653818,0.006042,-0.999974,-0.004021
354,neutron,19511.576325,885.524378,-0.993724,-92.000000,-2.919061,90.000000,-90.000000,0.000000,-1.000000,0.000000
166,e-,12.090027,1028.975525,-2.570465,-92.000000,2.255278,60.490843,-77.790903,0.184046,-0.850593,0.492563
62,neutron,19302.789853,0.000000,-2.532077,-92.000000,-1.803597,89.066890,-90.360213,-0.006286,-0.999848,0.016285
63,kaon0L,2621.699075,2300.772560,-2.529115,-92.000000,-0.980849,85.734799,-94.469654,-0.077715,-0.994198,0.074373
167,gamma,0.274975,1395.704779,-1.802291,-92.000000,-2.555609,118.192072,-102.385939,-0.189050,-0.860855,-0.472429
168,neutron,19229.557443,0.000000,1.048240,-92.000000,2.791534,88.959036,-89.660497,0.005924,-0.999817,0.018167
169,neutron,19511.576325,0.001032,-1.535486,-92.000000,-2.508994,90.000000,-90.000000,0.000000,-1.000000,0.000000
355,mu-,1317.557521,104.552704,1.214332,-92.000000,1.791660,89.274395,-91.502643,-0.026221,-0.999576,0.012664
356,neutron,19511.576325,0.266546,-1.320533,-92.000000,-0.741372,90.000000,-90.000000,0.000000,-1.000000,0.000000
64,gamma,0.510999,0.000000,-2.329658,-92.006685,3.000000,131.412650,71.556514,0.237266,0.711444,-0.661477
267,neutron,19511.270932,4330.260528,-2.083690,-92.000000,0.984592,89.787191,-89.760068,0.004188,-0.999984,0.003714
268,neutron,19511.576325,0.000000,2.258477,-92.000000,-1.117538,90.000000,-90.000000,0.000000,-1.000000,0.000000
170,proton,7605.826310,86.485997,-1.971278,-92.000000,-2.805821,91.438791,-91.602967,-0.027965,-0.999294,-0.025109
65,e+,80.596185,972.939574,1.639537,-92.000000,-1.055171,85.888355,-105.996092,-0.274863,-0.958806,0.071700
66,neutron,19511.576325,1.232489,-2.343818,-92.000000,-2.390356,90.000000,-90.000000,0.000000,-1.000000,0.000000
67,neutron,19510.546343,0.000000,1.277112,-92.000000,-1.059025,90.260302,-90.416651,-0.007272,-0.999963,-0.004543
68,neutron,19511.576325,0.144368,-0.108254,-92.000000,1.705433,90.000000,-90.000000,0.000000,-1.000000,0.000000
171,neutron,19421.473964,1000.764631,-1.603137,-92.000000,0.993552,90.553726,-89.157750,0.014699,-0.999845,-0.009664
172,neutron,19511.475465,0.000000,0.859356,-92.000000,1.975392,90.128821,-90.083894,-0.001464,-0.999996,-0.002248
173,neutron,19511.576325,0.000000,1.496955,-92.000000,0.392205,90.000000,-90.000000,0.000000,-1.000000,0.000000
174,neutron,19511.576325,362.500307,1.909434,-92.000000,-1.417804,90.000000,-90.000000,0.000000,-1.000000,0.000000
357,gamma,0.226291,2427.242732,0.917445,-92.000000,-1.336352,129.747204,-99.085614,-0.121413,-0.759226,-0.639401
69,gamma,1.161940,73.494619,0.605827,-92.000000,-1.423069,59.391740,-97.118099,-0.106650,-0.854035,0.509166
175,neutron,19511.576325,1875.286117,0.743229,-92.000000,2.384757,90.000000,-90.000000,0.000000,-1.000000,0.000000
176,neutron,19511.279387,0.000000,1.937446,-92.000000,-1.027722,90.010730,-90.263559,-0.004600,-0.999989,-0.000187
70,neutron,17.701945,21.808746,0.097922,-92.000000,0.708784,35.704344,-71.976656,0.180569,-0.554966,0.812039
177,neutron,4.734271,818.919064,1.643429,-92.000000,2.491815,55.542703,-46.819598,0.564236,-0.601263,0.565792
71,gamma,6.869566,31.505254,2.051064,-92.000000,1.277548,51.697777,-114.322023,-0.323212,-0.715102,0.619809
270,neutron,11.040833,2831.385437,-0.990857,-92.000000,-1.239766,116.062396,-97.511216,-0.117428,-0.890608,-0.439350
271,nu_mu,41.781689,624.554834,0.689783,-92.000000,-1.512581,133.966830,-91.354628,-0.017015,-0.719541,-0.694242
272,neutron,19276.473204,0.000000,-2.123603,-92.000000,-1.683781,89.833480,-88.559660,0.025136,-0.999680,0.002906
178,gamma,0.442501,2480.527016,-1.446324,-92.000000,-2.524957,101.308029,-71.798871,0.306290,-0.931524,-0.196084
72,gamma,0.171077,1959.629491,-0.144430,-92.000000,-2.595037,127.996183,-71.539636,0.249535,-0.747501,-0.615609
360,neutron,68.342578,278.942586,-1.283919,-92.000000,-2.946876,148.785578,-104.923014,-0.133458,-0.500763,-0.855234
273,neutron,107.696548,4047.066035,-1.627802,-92.000000,1.333206,55.170174,-91.979952,-0.028360,-0.820362,0.571141
274,neutron,19511.576325,0.000000,-1.435794,-92.000000,-2.967927,90.000000,-90.000000,0.000000,-1.000000,0.000000
361,neutron,19511.576325,799.045041,-2.989592,-92.000000,0.063908,90.000000,-90.000000,0.000000,-1.000000,0.000000
73,neutron,1810.295991,2690.298149,1.980262,-92.000000,2.054980,71.864161,-101.925158,-0.196369,-0.929812,0.311271
179,gamma,3.348191,925.882874,0.539944,-92.000000,1.782887,116.349911,-119.439691,-0.440440,-0.780390,-0.443852
362,neutron,3.756394,1051.296593,-1.111832,-92.000000,1.535862,105.503118,-76.647149,0.222545,-0.937566,-0.267291
74,neutron,6.391435,1861.244431,0.607037,-92.000000,-0.330173,122.695373,-97.037229,-0.103102,-0.835215,-0.540172
363,neutron,12862.333905,0.073907,-2.375910,-92.000000,2.798944,89.973436,-91.100202,-0.019201,-0.999816,0.000464
75,neutron,18.828400,383.224466,-2.846002,-92.000000,-1.444882,113.943705,-100.888684,-0.172646,-0.897490,-0.405839
275,neutron,311.431694,3085.181102,1.902269,-92.000000,2.284370,97.123806,-63.772654,0.438523,-0.890123,-0.124014
276,gamma,0.147975,131.735476,1.207642,-92.000000,2.886912,65.956560,-119.759649,-0.453297,-0.792795,0.407429
76,neutron,1043.392138,1212.641761,-2.307358,-92.000000,1.902272,90.392491,-78.542928,0.198629,-0.980051,-0.006850
77,neutron,19510.676419,0.034752,2.138519,-92.000000,-0.455525,90.216541,-89.595052,0.007068,-0.999968,-0.003779
181,neutron,19511.548927,2282.228379,-1.927210,-92.000000,-2.003172,89.975052,-89.889523,0.001928,-0.999998,0.000435
364,neutron,6192.830070,2999.888308,-1.270419,-92.000000,1.874107,88.920167,-91.370478,-0.023913,-0.999536,0.018846
182,pi+,368.814716,175.731960,2.175833,-92.000000,1.463869,72.179999,-103.915180,-0.228947,-0.924083,0.306028
78,neutron,19511.559863,2212.969461,-1.068817,-92.000000,-2.137990,90.020622,-90.054330,-0.000948,-0.999999,-0.000360
79,neutron,19511.500128,0.000000,0.817688,-92.000000,-0.917363,90.007524,-89.826617,0.003026,-0.999995,-0.000131
80,neutron,19511.567753,0.000000,2.119834,-92.000000,-0.098420,89.940920,-89.995213,0.000084,-0.999999,0.001031
365,neutron,19509.792045,630.085999,0.118478,-92.000000,-1.827962,90.011707,-89.064200,0.016332,-0.999867,-0.000204
366,neutron,19511.294016,0.000000,2.031952,-92.000000,-1.337425,89.904643,-89.761133,0.004169,-0.999990,0.001664
367,neutron,19511.133293,0.000000,-1.371204,-92.000000,2.841424,90.076027,-89.686900,0.005465,-0.999984,-0.001327
183,neutron,19511.324681,1056.460984,-1.938169,-92.000000,-1.446629,89.815791,-90.158215,-0.002761,-0.999991,0.003215
184,neutron,19511.576325,0.000000,-2.931998,-92.000000,2.653434,90.000000,-90.000000,0.000000,-1.000000,0.000000
185,neutron,19510.857024,342.690231,-0.569175,-92.000000,2.065536,90.335489,-89.763361,0.004130,-0.999974,-0.005855
186,neutron,19511.576325,215.924600,-2.271201,-92.000000,1.607811,90.000000,-90.000000,0.000000,-1.000000,0.000000
187,pi+,1005.740798,509.798088,1.341882,-92.000000,-2.382036,107.545113,-99.381432,-0.155423,-0.940727,-0.301457
81,gamma,0.729841,1567.417086,-0.092153,-92.000000,-0.944610,120.382927,-74.576597,0.229426,-0.831597,-0.505777
82,neutron,19511.520613,0.135863,1.453395,-92.000000,1.694653,89.986194,-89.849524,0.002626,-0.999997,0.000241
368,neutron,0.000003,2062.163749,-1.279832,-92.000000,0.644425,89.294833,-62.278535,0.465138,-0.885152,0.012307
369,neutron,0.308392,1122.830992,-1.042531,-92.000000,-0.506389,64.578059,-109.276575,-0.298162,-0.852536,0.429281
370,neutron,2.097346,105.499921,0.605931,-92.000000,-1.798384,103.706902,-119.147557,-0.473189,-0.848495,-0.236955
371,neutron,19511.576325,0.228742,0.532347,-92.000000,0.749360,90.000000,-90.000000,0.000000,-1.000000,0.000000
188,gamma,1.366328,18.544402,-0.997462,-92.000000,-2.313297,78.644401,-94.268790,-0.072978,-0.977704,0.196898
277,anti_nu_mu,510.168337,0.000000,-1.922096,-92.000000,-2.204691,88.714324,-91.443918,-0.025192,-0.999431,0.022437
278,neutron,19425.926957,0.000000,2.713907,-92.000000,2.812181,90.095330,-90.006719,-0.000117,-0.999999,-0.001664
279,neutron,19511.576325,0.123671,2.635767,-92.000000,2.287036,90.000000,-90.000000,0.000000,-1.000000,0.000000
84,neutron,19511.576325,714.275877,2.940623,-92.000000,1.454067,90.000000,-90.000000,0.000000,-1.000000,0.000000
85,neutron,19511.576325,0.000000,2.738566,-92.000000,1.859438,90.000000,-90.000000,0.000000,-1.000000,0.000000
86,neutron,19511.410943,201.632446,1.322343,-92.000000,1.855249,89.805069,-90.027458,-0.000479,-0.999994,0.003402
87,neutron,19511.576325,0.000000,-1.531259,-92.000000,2.811598,90.000000,-90.000000,0.000000,-1.000000,0.000000
88,neutron,19458.047534,0.303633,2.213601,-92.000000,2.003517,90.742574,-89.176930,0.014364,-0.999813,-0.012960
280,proton,4248.755660,2627.886735,2.353187,-92.000000,0.341487,98.680552,-94.472170,-0.077082,-0.985535,-0.150925
372,neutron,2.584467,386.151015,-3.000000,-92.119938,-1.440143,141.608853,-73.970396,0.171487,-0.596881,-0.783789
189,neutron,0.519508,3249.836394,0.704280,-92.000000,1.005804,120.505653,-86.581350,0.051377,-0.860046,-0.507623
190,neutron,19511.576325,0.000000,-1.988679,-92.000000,2.147288,90.000000,-90.000000,0.000000,-1.000000,0.000000
191,neutron,19511.576325,0.606027,-2.599431,-92.000000,-1.543521,90.000000,-90.000000,0.000000,-1.000000,0.000000
282,gamma,0.510999,1685.307042,-2.610317,-92.000000,-2.369675,95.830923,-120.099707,-0.498912,-0.860678,-0.101593
89,mu-,217.755268,3229.755061,2.470262,-92.000000,1.391701,78.700418,-50.504043,0.623695,-0.756711,0.195939
90,neutron,19511.505244,0.000000,-2.870602,-92.000000,-0.913932,90.144461,-90.090903,-0.001587,-0.999996,-0.002521
373,gamma,0.577623,1438.086619,-1.449132,-92.000000,-1.955919,122.922929,-68.524137,0.307313,-0.781124,-0.543510
374,neutron,19511.576325,0.000000,-0.428338,-92.000000,-1.085977,90.000000,-90.000000,0.000000,-1.000000,0.000000
375,neutron,19511.576325,0.000000,-2.023601,-92.000000,-0.616029,90.000000,-90.000000,0.000000,-1.000000,0.000000
376,neutron,19511.576325,0.003403,2.585557,-92.000000,1.076778,90.000000,-90.000000,0.000000,-1.000000,0.000000
377,neutron,3.336036,2139.913729,1.538269,-92.000000,0.637776,93.481836,-86.432445,0.062110,-0.996220,-0.060732
192,proton,18392.231416,649.535374,-2.916866,-92.000000,-0.975930,89.289912,-90.117735,-0.002055,-0.999921,0.012393
193,gamma,1.250203,102.074551,-2.974972,-92.000000,-2.202801,102.230355,-94.137381,-0.070511,-0.974757,-0.211843
194,neutron,19511.576325,0.000000,1.846967,-92.000000,-0.327145,90.000000,-90.000000,0.000000,-1.000000,0.000000
91,pi-,611.051524,3472.566960,-0.991489,-92.000000,0.734368,94.659437,-87.631562,0.041189,-0.995844,-0.081233
92,neutron,19511.576325,0.000000,-2.494108,-92.000000,0.628001,90.000000,-90.000000,0.000000,-1.000000,0.000000
93,neutron,19507.093129,0.000000,2.554444,-92.000000,-0.689725,89.284695,-89.026320,0.016992,-0.999778,0.012484
195,neutron,19510.324751,997.225292,1.338130,-92.000000,2.795501,90.142353,-90.754788,-0.013173,-0.999910,-0.002485
196,pi-,3548.123546,1592.180272,-1.450397,-92.000000,-2.761138,86.243943,-90.969149,-0.016878,-0.997709,0.065509
94,gamma,0.107390,2140.166152,-1.442550,-92.000000,-0.032311,99.190452,-89.399213,0.010351,-0.987109,-0.159717
378,gamma,2.758169,2543.151863,2.637068,-92.000000,1.189899,64.049724,-33.632246,0.748661,-0.498017,0.437591
284,e-,58.738743,499.886524,2.680580,-92.000000,1.216498,95.872545,-93.108856,-0.053949,-0.993288,-0.102316
95,pi+,315.810567,1046.568629,-0.803541,-92.000000,2.416581,95.785650,-87.092347,0.050468,-0.993625,-0.100807
96,neutron,19511.576325,20.850539,-2.026259,-92.000000,-2.269522,90.000000,-90.000000,0.000000,-1.000000,0.000000
97,neutron,19511.576325,0.000000,-0.965276,-92.000000,0.782366,90.000000,-90.000000,0.000000,-1.000000,0.000000
197,neutron,106.174619,2341.804291,-0.334121,-92.000000,2.923326,77.365369,-55.742827,0.549277,-0.806505,0.218733
98,neutron,19510.809790,2030.882151,2.396683,-92.000000,-0.996573,90.556684,-90.002190,-0.000038,-0.999953,-0.009716
99,neutron,19511.576325,0.000000,-0.227394,-92.000000,-2.921228,90.000000,-90.000000,0.000000,-1.000000,0.000000
400,neutron,19365.107416,0.000000,0.021701,-92.000000,-2.634253,91.563047,-91.120028,-0.019540,-0.999437,-0.027277
285,gamma,0.209447,2829.839803,-2.059639,-92.000000,-2.354599,100.891329,-48.601628,0.649379,-0.736618,-0.188947
401,neutron,0.786605,572.952335,-0.757587,-92.000000,2.708759,51.226380,-101.579687,-0.156495,-0.763758,0.626245
402,neutron,19511.576325,0.000000,2.501346,-92.000000,-1.541114,90.000000,-90.000000,0.000000,-1.000000,0.000000
198,gamma,0.530419,957.633881,-2.750771,-92.000000,-2.429190,88.028525,-93.888963,-0.067783,-0.997107,0.034402
287,gamma,0.372131,666.957796,1.548596,-92.000000,-0.841089,97.258409,-110.871637,-0.353420,-0.926893,-0.126345
288,neutron,19511.576325,0.000000,-0.999986,-92.000000,-1.338228,90.000000,-90.000000,0.000000,-1.000000,0.000000
289,neutron,19511.573781,0.000000,0.005446,-92.000000,0.379518,90.027242,-89.982658,0.000303,-1.000000,-0.000475
500,neutron,19511.576325,0.000000,-1.457500,-92.000000,-1.524934,90.000000,-90.000000,0.000000,-1.000000,0.000000
403,neutron,19510.272326,1992.717416,-1.546578,-92.000000,1.733008,90.446730,-90.325582,-0.005682,-0.999953,-0.007797
380,nu_mu,192.332038,1754.401705,0.953289,-92.000000,1.155786,89.550058,-94.143616,-0.072254,-0.997355,0.007853
381,neutron,0.029072,28.176775,1.617073,-92.000000,2.353687,55.127469,-101.373397,-0.161790,-0.804315,0.571753
290,proton,7945.481695,1149.292927,-2.402456,-92.000000,-1.042905,88.526491,-90.367579,-0.006413,-0.999649,0.025715
404,neutron,19511.576325,1522.171891,-1.350832,-92.000000,-1.774124,90.000000,-90.000000,0.000000,-1.000000,0.000000
291,proton,13876.753069,296.611549,-2.826297,-92.000000,-0.901030,90.329116,-88.403464,0.027861,-0.999595,-0.005744
292,gamma,0.886973,957.989199,1.414679,-92.000000,-1.294899,84.428233,-103.101140,-0.225600,-0.969370,0.097092
293,neutron,19511.340163,1800.732050,-1.123136,-92.000000,-0.931369,89.713871,-90.122153,-0.002132,-0.999985,0.004994
405,gamma,0.413473,1277.143170,1.778923,-92.000000,1.528974,100.416557,-104.642719,-0.248625,-0.951576,-0.180803
406,neutron,19511.576325,2.298506,1.334514,-92.000000,2.646210,90.000000,-90.000000,0.000000,-1.000000,0.000000
501,e+,241.335620,395.797268,-2.215489,-92.000000,-1.803656,90.398265,-93.663359,-0.063893,-0.997933,-0.006951
407,gamma,0.246523,827.487949,1.093721,-92.000000,-0.064190,114.268681,-54.107670,0.534455,-0.738528,-0.411016
408,neutron,19511.576325,0.000000,2.160005,-92.000000,0.975835,90.000000,-90.000000,0.000000,-1.000000,0.000000
409,neutron,19511.370492,0.000000,-2.303239,-92.000000,1.685714,89.945640,-90.186467,-0.003254,-0.999994,0.000949
382,proton,376.940075,3689.900255,-1.301735,-92.000000,1.933771,80.287782,-116.076376,-0.433269,-0.885335,0.168700
383,neutron,15241.172805,104.465283,0.045586,-92.000000,1.952221,89.637285,-89.236684,0.013322,-0.999891,0.006331
384,gamma,3.611264,232.922234,-2.743861,-92.000000,0.463344,74.114298,-125.298528,-0.555769,-0.784983,0.273719
385,neutron,19511.576325,0.000000,-1.225437,-92.000000,-1.714392,90.000000,-90.000000,0.000000,-1.000000,0.000000
386,neutron,19511.488307,647.784278,1.681957,-92.000000,-1.358418,90.097313,-90.163108,-0.002847,-0.999995,-0.001698
294,neutron,19511.576325,1891.235426,0.378563,-92.000000,1.527019,90.000000,-90.000000,0.000000,-1.000000,0.000000
387,neutron,19511.576325,0.000000,-0.042124,-92.000000,0.539593,90.000000,-90.000000,0.000000,-1.000000,0.000000
502,e-,6.680334,879.006790,2.925970,-92.000000,-0.251859,69.035831,-88.818491,0.019255,-0.933606,0.357784
503,neutron,19511.576325,0.000000,-0.786159,-92.000000,-1.912128,90.000000,-90.000000,0.000000,-1.000000,0.000000
504,neutron,19511.576325,0.144312,1.825590,-92.000000,-1.291071,90.000000,-90.000000,0.000000,-1.000000,0.000000
506,neutron,19509.887920,0.000000,1.269403,-92.000000,1.233732,90.422703,-89.590476,0.007147,-0.999947,-0.007377
507,gamma,3.247072,550.345020,-2.102295,-92.000000,0.205146,84.193795,-75.139803,0.255146,-0.961596,0.101164
388,gamma,1.065435,21.864147,-1.334737,-92.000000,2.279167,102.470772,-105.583309,-0.262301,-0.940514,-0.215942
410,nu_mu,146.155754,2283.649591,2.716567,-92.000000,-1.862589,86.813937,-79.748222,0.177699,-0.982514,0.055579
295,gamma,0.210235,419.922455,2.293550,-92.000000,-1.027148,79.285642,-116.159725,-0.433189,-0.881921,0.185913
296,neutron,19511.391993,2185.363041,2.412426,-92.000000,2.418322,90.075165,-90.264383,-0.004614,-0.999988,-0.001312
297,neutron,19511.576325,0.118723,2.005097,-92.000000,-0.013063,90.000000,-90.000000,0.000000,-1.000000,0.000000
411,neutron,1.675534,1931.700109,-2.087511,-92.000000,-0.037718,90.573456,-102.176017,-0.210905,-0.977455,-0.010009
508,gamma,0.808593,1914.716603,2.957391,-92.000000,0.293242,90.418901,-26.755551,0.892911,-0.450173,-0.007311
412,pi+,3015.097153,2755.360349,-2.253271,-92.000000,-2.397976,94.383467,-97.860757,-0.136366,-0.987706,-0.076431
413,neutron,19510.827950,72.794177,-2.395512,-92.000000,2.193047,89.627884,-89.807925,0.003352,-0.999973,0.006495
298,gamma,0.173751,263.340790,-2.773883,-92.000000,-2.282057,67.558169,-127.875470,-0.567452,-0.729568,0.381745
389,neutron,79.710788,0.000000,-0.310770,-92.000000,0.939038,85.613318,-101.368131,-0.196535,-0.977509,0.076487
414,neutron,19511.390817,490.210009,-1.444674,-92.000000,2.855946,90.090584,-90.312544,-0.005455,-0.999984,-0.001581
299,neutron,19511.576325,672.483864,2.061341,-92.000000,-0.414793,90.000000,-90.000000,0.000000,-1.000000,0.000000
415,pi+,1339.159909,101.503731,0.394614,-92.000000,-2.356887,78.615073,-82.474720,0.128387,-0.971880,0.197399
600,gamma,0.296266,153.709110,1.074529,-92.000000,-0.415660,56.604285,-48.638388,0.551702,-0.626629,0.550418
391,neutron,19511.238396,0.000000,-2.616391,-92.000000,0.210049,89.722903,-90.048996,-0.000855,-0.999988,0.004836
417,neutron,19511.468472,0.000000,-2.149691,-92.000000,-2.810667,89.869485,-90.090761,-0.001584,-0.999996,0.002278
510,proton,14549.268351,92.747491,1.385704,-92.000000,1.602142,89.564683,-89.943402,0.000988,-0.999971,0.007598
511,neutron,19511.576325,329.538815,1.689188,-92.000000,2.922246,90.000000,-90.000000,0.000000,-1.000000,0.000000
392,neutron,19511.576325,2190.995606,1.726874,-92.000000,-2.830334,90.000000,-90.000000,0.000000,-1.000000,0.000000
393,neutron,19511.576325,28.675345,0.752478,-92.000000,0.411741,90.000000,-90.000000,0.000000,-1.000000,0.000000
394,neutron,19511.576325,1.858036,0.591525,-92.000000,1.522538,90.000000,-90.000000,0.000000,-1.000000,0.000000
418,pi+,1007.768334,2137.543948,-1.079375,-92.000000,-0.746482,86.952749,-93.895925,-0.067848,-0.996278,0.053160
601,gamma,2.171352,1396.884023,0.515673,-92.000000,-1.059923,66.061767,-111.794406,-0.339341,-0.848654,0.405752
602,neutron,19511.576325,284.158402,-1.675387,-92.000000,-2.643104,90.000000,-90.000000,0.000000,-1.000000,0.000000
512,neutron,18697.947869,0.352988,0.725312,-92.000000,-0.387264,90.387855,-90.137431,-0.002399,-0.999974,-0.006769
513,neutron,19511.118692,0.000000,-0.560052,-92.000000,-1.694681,90.178018,-90.249378,-0.004352,-0.999986,-0.003107
395,pi-,1909.637730,1390.390687,-1.934100,-92.000000,-1.582216,85.317397,-84.337079,0.098346,-0.991798,0.081636
603,e+,18.430902,1707.342206,1.549724,-92.000000,2.115948,105.999991,-83.414428,0.110244,-0.954919,-0.275637
421,neutron,19511.576325,159.418336,-0.137053,-92.000000,2.284484,90.000000,-90.000000,0.000000,-1.000000,0.000000
422,neutron,19511.576325,0.000000,1.413761,-92.000000,2.165793,90.000000,-90.000000,0.000000,-1.000000,0.000000
396,kaon+,2269.546246,1963.907356,-1.492026,-92.000000,0.081187,87.589946,-89.368050,0.011020,-0.999055,0.042051
397,neutron,17573.868734,527.775541,-0.990693,-92.000000,-2.171207,91.470915,-91.404443,-0.024502,-0.999370,-0.025669
604,neutron,19511.576325,2293.921559,0.801967,-92.000000,-0.779901,90.000000,-90.000000,0.000000,-1.000000,0.000000
605,neutron,19511.576325,0.107580,2.752890,-92.000000,-2.537669,90.000000,-90.000000,0.000000,-1.000000,0.000000
606,neutron,19511.565230,0.000000,1.254429,-92.000000,-1.427492,89.930505,-90.040817,-0.000712,-0.999999,0.001213
423,neutron,656.944517,1147.874635,-0.554940,-92.000000,-1.259719,116.934230,-56.855919,0.487439,-0.746474,-0.452967
424,neutron,19511.263645,735.381600,0.895341,-92.000000,-2.736333,89.836920,-89.806227,0.003382,-0.999990,0.002846
514,gamma,0.094342,4209.623300,-2.443255,-92.000000,1.870105,51.932701,-134.535740,-0.552167,-0.561189,0.616587
425,neutron,52.067821,2451.713495,-2.118826,-92.000000,-0.816483,103.690108,-125.205521,-0.560132,-0.793876,-0.236670
426,neutron,19511.576325,0.016591,2.285999,-92.000000,2.158177,90.000000,-90.000000,0.000000,-1.000000,0.000000
398,e+,303.546238,157.848090,-0.846021,-92.000000,-2.796406,87.955821,-92.416750,-0.042141,-0.998475,0.035670
607,neutron,1.837157,3585.841979,0.589813,-92.000000,0.347740,75.079030,-85.991851,0.067542,-0.963918,0.257486
515,gamma,0.714501,1550.962210,1.674099,-92.000000,-2.757591,133.045153,-107.678973,-0.221937,-0.696302,-0.682575
427,neutron,19511.576325,2620.053236,2.032853,-92.000000,0.812135,90.000000,-90.000000,0.000000,-1.000000,0.000000
608,pi+,3448.483655,1962.193012,0.858597,-92.000000,2.955184,82.162548,-97.388497,-0.127395,-0.982433,0.136363
428,neutron,19511.576325,2460.902527,-1.247048,-92.000000,1.683762,90.000000,-90.000000,0.000000,-1.000000,0.000000
609,neutron,19511.576325,1562.015840,-0.066706,-92.000000,0.896017,90.000000,-90.000000,0.000000,-1.000000,0.000000
610,neutron,19511.408830,0.000000,0.226716,-92.000000,-2.783414,89.807709,-90.047658,-0.000832,-0.999994,0.003356
611,neutron,19511.576325,0.000000,-0.015412,-92.000000,-1.355497,90.000000,-90.000000,0.000000,-1.000000,0.000000
612,neutron,41.822606,1495.139238,0.908197,-92.000000,-0.530742,87.748102,-56.071143,0.557732,-0.829091,0.039293
613,neutron,19511.576325,0.000000,-2.261828,-92.000000,-0.489042,90.000000,-90.000000,0.000000,-1.000000,0.000000
614,neutron,12786.280104,0.089000,2.035142,-92.000000,1.151534,89.423175,-89.610111,0.006804,-0.999926,0.010067
615,neutron,19511.576325,841.536293,0.530477,-92.000000,-0.642283,90.000000,-90.000000,0.000000,-1.000000,0.000000
517,neutron,8804.534488,5116.891868,0.865989,-92.000000,-1.060604,88.396584,-87.903770,0.036564,-0.998940,0.027981
429,neutron,0.000076,3233.605013,1.366747,-92.000000,0.487586,112.097273,-93.632766,-0.058707,-0.924685,-0.376180
518,gamma,0.301668,1576.195619,-1.192181,-92.000000,-2.151170,93.497170,-128.089079,-0.615737,-0.785587,-0.060999
430,neutron,19511.576325,4232.170186,1.661385,-92.000000,-0.308585,90.000000,-90.000000,0.000000,-1.000000,0.000000
616,gamma,8.931457,180.055059,-0.183431,-92.000000,-1.063916,102.946339,-73.108063,0.283181,-0.932532,-0.224038
617,neutron,19511.576325,0.000000,-2.185269,-92.000000,-2.665085,90.000000,-90.000000,0.000000,-1.000000,0.000000
701,neutron,19511.576325,1523.031226,-1.440755,-92.000000,1.362858,90.000000,-90.000000,0.000000,-1.000000,0.000000
431,neutron,19511.576325,678.774715,2.116654,-92.000000,1.011500,90.000000,-90.000000,0.000000,-1.000000,0.000000
432,neutron,19511.465271,0.000000,-1.577089,-92.000000,2.606587,89.975127,-89.788112,0.003698,-0.999993,0.000434
433,neutron,19464.001880,0.071339,-1.343409,-92.000000,-2.122787,89.766942,-90.414069,-0.007227,-0.999966,0.004068
702,gamma,0.385223,12.736367,0.883700,-92.000000,2.413910,107.283359,-115.672646,-0.413667,-0.860588,-0.297098
520,neutron,60.052264,531.314370,-1.100985,-92.000000,1.132862,108.738724,-104.457528,-0.236429,-0.917005,-0.321253
521,neutron,19511.576325,273.643491,-1.416262,-92.000000,0.560592,90.000000,-90.000000,0.000000,-1.000000,0.000000
522,neutron,19499.271967,0.000000,-1.211044,-92.000000,0.573763,88.326745,-89.707955,0.005095,-0.999561,0.029200
523,neutron,19097.521405,61.239221,2.534343,-92.000000,2.495485,91.730808,-88.365743,0.028506,-0.999137,-0.030204
703,neutron,17.204676,2396.817807,-1.007132,-92.000000,-2.452574,127.179431,-99.761874,-0.135091,-0.785211,-0.604313
434,neutron,19511.576325,3793.733124,1.831380,-92.000000,2.554482,90.000000,-90.000000,0.000000,-1.000000,0.000000
435,neutron,19511.576325,0.000000,-0.943355,-92.000000,0.155376,90.000000,-90.000000,0.000000,-1.000000,0.000000
618,neutron,0.000003,4208.273789,2.139534,-92.000000,-1.719882,92.381090,-47.938165,0.669354,-0.741781,-0.041546
619,neutron,19511.576325,0.000000,0.684031,-92.000000,1.290413,90.000000,-90.000000,0.000000,-1.000000,0.000000
436,neutron,19511.576325,464.803992,2.065202,-92.000000,1.200328,90.000000,-90.000000,0.000000,-1.000000,0.000000
437,neutron,13.296329,12.871058,1.702959,-92.000000,-1.019475,132.462421,-87.262296,0.035236,-0.736878,-0.675107
620,neutron,19403.037699,435.088425,0.503605,-92.000000,-0.802767,88.772526,-91.046733,-0.018264,-0.999604,0.021422
438,neutron,19432.077612,1768.116455,-2.896205,-92.000000,-2.317438,89.821702,-90.404655,-0.007062,-0.999970,0.003112
439,neutron,19511.571704,0.000000,-1.186938,-92.000000,-2.402766,89.963293,-89.976618,0.000408,-1.000000,0.000641
621,kaon+,1746.944518,1483.261655,-2.405516,-92.000000,-0.496766,86.852403,-88.392082,0.028017,-0.998098,0.054908
704,gamma,1.444823,4474.927425,-1.337020,-92.000000,-1.591952,114.914777,-101.159441,-0.175528,-0.889787,-0.421270
705,neutron,19511.576325,0.000000,-1.361094,-92.000000,-0.082053,90.000000,-90.000000,0.000000,-1.000000,0.000000
622,gamma,610.244608,1440.207676,1.406589,-92.000000,-2.501282,84.382109,-81.645920,0.144592,-0.984637,0.097894
623,neutron,19510.798111,0.000000,-2.131306,-92.000000,-2.692506,89.437419,-90.049635,-0.000866,-0.999951,0.009819
526,neutron,14.192881,1001.641974,-2.922050,-92.000000,-2.400891,89.749616,-93.370985,-0.058800,-0.998260,0.004370
706,proton,711.863321,1692.220847,-0.257058,-92.000000,-1.835512,75.930122,-89.001602,0.016902,-0.969853,0.243105
440,pi-,356.385449,769.725402,-1.754120,-92.000000,2.082664,37.334748,-114.303703,-0.249607,-0.552723,0.795106
707,proton,2852.148335,985.907443,2.169666,-92.000000,-0.494001,98.075986,-99.068708,-0.156056,-0.977707,-0.140486
708,neutron,19511.576325,0.000000,2.753720,-92.000000,-1.538005,90.000000,-90.000000,0.000000,-1.000000,0.000000
441,neutron,0.000098,1750.219995,0.218399,-92.000000,1.191742,79.180157,-77.630822,0.210402,-0.959423,0.187722
442,neutron,19510.844360,0.000000,1.434136,-92.000000,2.259026,90.411218,-89.560318,0.007674,-0.999945,-0.007177
709,neutron,19511.288041,966.702774,-1.784463,-92.000000,0.367344,90.169267,-90.197229,-0.003442,-0.999990,-0.002954
710,neutron,19511.564309,0.000000,0.203738,-92.000000,2.225547,89.972235,-89.935548,0.001125,-0.999999,0.000485
711,gamma,3.274953,217.367978,-2.927843,-92.000000,2.703299,31.654209,-84.453388,0.050724,-0.522334,0.851231
712,neutron,19511.576325,0.000000,0.495085,-92.000000,-1.435097,90.000000,-90.000000,0.000000,-1.000000,0.000000
527,pi+,3475.684961,1011.263070,-2.782273,-92.000000,2.838012,88.887623,-89.719763,0.004890,-0.999800,0.019413
624,neutron,22.487615,4867.368023,0.037005,-92.000000,-1.230877,134.636826,-110.419322,-0.248260,-0.666862,-0.702611
443,proton,374.865277,2909.390476,0.000347,-92.000000,0.202929,98.469084,-74.752426,0.260123,-0.954278,-0.147276
444,neutron,3.752887,819.950306,-1.705518,-92.000000,-2.196966,113.704443,-136.425166,-0.663352,-0.631146,-0.402019
445,neutron,19511.576325,255.556126,2.137258,-92.000000,0.892925,90.000000,-90.000000,0.000000,-1.000000,0.000000
446,neutron,19511.576325,0.000000,-0.554267,-92.000000,1.341306,90.000000,-90.000000,0.000000,-1.000000,0.000000
529,neutron,19511.541826,0.541694,2.249771,-92.000000,-1.143918,90.006043,-90.083908,-0.001464,-0.999999,-0.000105
530,neutron,19511.576325,0.000000,-1.854314,-92.000000,-1.205732,90.000000,-90.000000,0.000000,-1.000000,0.000000
713,gamma,0.117809,3554.644066,-1.890419,-92.000000,0.247614,65.533489,-114.627070,-0.379291,-0.827411,0.414161
447,neutron,19511.576325,1256.521590,-2.004350,-92.000000,2.179325,90.000000,-90.000000,0.000000,-1.000000,0.000000
714,gamma,1.758672,594.120972,-2.038096,-92.000000,-2.236773,125.750031,-117.356159,-0.372935,-0.720813,-0.584250
626,neutron,14710.804390,982.699747,1.325405,-92.000000,-1.025855,93.223794,-91.789034,-0.031170,-0.997931,-0.056236
715,gamma,746.862814,94.572617,1.656601,-92.000000,-1.088545,90.724638,-89.416337,0.010186,-0.999868,-0.012647
448,e+,102.730295,1618.228297,-2.749699,-92.000000,0.494193,71.912534,-91.256479,-0.020844,-0.950355,0.310468
449,neutron,19511.576325,0.000000,-1.203306,-92.000000,2.420719,90.000000,-90.000000,0.000000,-1.000000,0.000000
450,neutron,19510.899282,0.000000,2.022637,-92.000000,1.109249,89.601914,-89.986752,0.000231,-0.999976,0.006948
531,gamma,0.116777,5061.013109,-2.488049,-92.000000,0.027934,117.698936,-122.785997,-0.479448,-0.744357,-0.464826
716,neutron,19511.576325,270.724821,-0.960872,-92.000000,-0.122265,90.000000,-90.000000,0.000000,-1.000000,0.000000
532,neutron,19511.576325,868.518979,0.874936,-92.000000,2.933135,90.000000,-90.000000,0.000000,-1.000000,0.000000
451,gamma,0.101565,2794.459029,0.554960,-92.000000,-0.221119,89.403341,-106.975890,-0.291953,-0.956376,0.010413
533,gamma,607.525380,1850.269805,0.035060,-92.000000,1.593611,90.916074,-86.848898,0.054962,-0.998360,-0.015988
452,neutron,16677.719028,366.106361,-1.271383,-92.000000,1.597062,88.387790,-90.754466,-0.013162,-0.999517,0.028135
453,neutron,0.000018,319.253008,0.931802,-92.000000,1.816169,95.730678,-70.959800,0.324601,-0.940566,-0.099853
717,e+,1642.242530,786.440804,2.532850,-92.000000,1.862272,83.117343,-86.346172,0.063269,-0.990776,0.119836
627,pi+,489.474801,3333.806493,1.641870,-92.000000,-0.427683,78.887847,-70.363894,0.329745,-0.924188,0.192730
628,neutron,19511.576325,0.000000,-1.658829,-92.000000,-1.579197,90.000000,-90.000000,0.000000,-1.000000,0.000000
718,gamma,0.180090,689.911677,1.067625,-92.000000,0.622109,56.181221,-122.733657,-0.449243,-0.698865,0.556568
534,gamma,3.564507,4266.831163,1.731193,-92.000000,-0.172261,79.844419,-66.140583,0.398157,-0.900212,0.176322
535,neutron,19511.576325,0.000000,-0.253525,-92.000000,-2.670333,90.000000,-90.000000,0.000000,-1.000000,0.000000
629,gamma,974.649170,2991.304286,1.577108,-92.000000,-1.115813,83.878521,-84.695828,0.091916,-0.990040,0.106637
454,gamma,1.353215,3029.165937,0.840802,-92.000000,0.449125,92.901502,-51.434526,0.622609,-0.780894,-0.050619
455,neutron,19511.552449,0.000000,-2.156284,-92.000000,-2.252998,89.962729,-89.940765,0.001034,-0.999999,0.000650
630,neutron,19511.341294,1365.980446,-2.277324,-92.000000,1.639580,89.872292,-89.966326,0.000588,-0.999997,0.002229
631,neutron,19511.576325,0.000000,-1.195527,-92.000000,0.874810,90.000000,-90.000000,0.000000,-1.000000,0.000000
456,neutron,19511.576325,1619.741060,-1.485634,-92.000000,-2.722790,90.000000,-90.000000,0.000000,-1.000000,0.000000
719,gamma,0.133367,2842.003295,-1.109342,-92.000000,-0.021369,112.646448,-145.686466,-0.762282,-0.520257,-0.385044
536,neutron,548.564062,0.000000,2.045345,-92.000000,-2.712691,90.502733,-85.097874,0.085451,-0.996304,-0.008774
537,neutron,19511.142422,0.000000,1.093647,-92.000000,1.505509,90.182672,-89.764113,0.004117,-0.999986,-0.003188
538,neutron,19511.576325,0.000000,1.910490,-92.000000,0.800607,90.000000,-90.000000,0.000000,-1.000000,0.000000
539,neutron,19511.508160,0.000000,0.137397,-92.000000,-1.532948,89.992210,-89.873859,0.002202,-0.999998,0.000136
540,neutron,19511.576325,0.000000,-0.451147,-92.000000,2.355933,90.000000,-90.000000,0.000000,-1.000000,0.000000
720,pi+,2531.206901,706.338430,-2.668286,-92.000000,1.548256,108.737512,-86.730089,0.054017,-0.945458,-0.321233
457,proton,812.974089,2632.931764,1.283154,-92.000000,0.840159,94.281945,-104.159262,-0.243935,-0.966913,-0.074664
721,neutron,19511.576325,2871.130087,2.940423,-92.000000,-0.651784,90.000000,-90.000000,0.000000,-1.000000,0.000000
459,neutron,19511.576325,0.000000,-1.710544,-92.000000,-2.798232,90.000000,-90.000000,0.000000,-1.000000,0.000000
722,pi+,440.535877,1598.981379,-1.806664,-92.000000,0.921653,71.433321,-75.916199,0.230676,-0.919459,0.318408
460,proton,37.310487,1031.026008,2.468007,-92.000000,-2.031758,80.842877,-50.253347,0.631245,-0.759080,0.159142
633,neutron,30.292241,1657.127226,0.082021,-92.000000,1.492613,90.496090,-80.678080,0.161975,-0.986757,-0.008658
723,neutron,19511.538373,823.919185,2.902497,-92.000000,-1.008884,90.062459,-89.899510,0.001754,-0.999998,-0.001090
724,neutron,19511.576325,0.163372,1.307899,-92.000000,1.198592,90.000000,-90.000000,0.000000,-1.000000,0.000000
542,pi-,3751.043828,1645.729258,0.360082,-92.000000,-0.032003,95.022518,-91.869310,-0.032495,-0.995630,-0.087547
461,neutron,11127.162889,1632.230512,-0.270772,-92.000000,2.284870,88.038820,-87.914480,0.036370,-0.998752,0.034222
462,neutron,19511.576325,0.000000,0.795600,-92.000000,-1.891674,90.000000,-90.000000,0.000000,-1.000000,0.000000
463,neutron,19511.542381,0.055219,-1.558815,-92.000000,0.596689,90.055479,-90.069826,-0.001219,-0.999999,-0.000968
464,neutron,19511.576325,0.000000,-2.871522,-92.000000,-1.744386,90.000000,-90.000000,0.000000,-1.000000,0.000000
465,neutron,18060.285165,426.206039,2.829578,-92.000000,-2.797202,89.210820,-89.305019,0.012128,-0.999832,0.013773
466,neutron,19511.576325,622.406168,2.993193,-92.000000,1.937853,90.000000,-90.000000,0.000000,-1.000000,0.000000
634,gamma,0.119883,1693.567682,-0.113054,-92.000000,2.315127,81.189198,-124.139445,-0.554586,-0.817907,0.153172
726,gamma,0.131540,519.026273,0.128044,-92.000000,2.012435,41.585159,-77.748566,0.140845,-0.648617,0.747970
727,neutron,19511.576325,0.000000,-0.629808,-92.000000,0.311701,90.000000,-90.000000,0.000000,-1.000000,0.000000
467,neutron,3.282984,1223.960264,-2.354486,-92.000000,-0.743246,126.987491,-103.366894,-0.184664,-0.777128,-0.601641
468,neutron,19511.576325,0.140160,-0.121320,-92.000000,2.446477,90.000000,-90.000000,0.000000,-1.000000,0.000000
635,neutron,19409.045903,665.009518,-2.190072,-92.000000,-1.780376,88.923489,-90.384340,-0.006707,-0.999801,0.018788
636,neutron,19511.576325,0.000000,0.990177,-92.000000,-1.902354,90.000000,-90.000000,0.000000,-1.000000,0.000000
728,neutron,13.210038,730.426528,-1.613083,-92.000000,-2.229037,82.429544,-78.277163,0.201407,-0.970607,0.131745
543,gamma,0.054165,54.695373,2.567283,-92.033910,-3.000000,30.384183,-87.022762,0.026271,-0.505113,0.862653
469,neutron,0.000984,1624.271322,-2.497948,-92.000000,1.625619,105.031118,-103.492477,-0.225335,-0.939130,-0.259344
470,neutron,19484.819405,0.000000,-0.286417,-92.000000,-0.856689,89.986689,-89.614567,0.006727,-0.999977,0.000232
544,neutron,19339.028576,1777.507060,1.807575,-92.000000,2.066448,90.350285,-88.598381,0.024460,-0.999682,-0.006114
729,gamma,0.300961,1945.476310,-2.251726,-92.000000,2.470008,89.092058,-101.421934,-0.198008,-0.980072,0.015846
637,pi+,166.921046,3076.933281,-0.951076,-92.000000,-0.850958,83.141150,-109.723459,-0.335065,-0.934596,0.119424
638,neutron,19511.576325,0.111020,1.311293,-92.000000,0.143790,90.000000,-90.000000,0.000000,-1.000000,0.000000
471,gamma,0.156747,1162.435660,-1.928080,-92.000000,2.211355,104.186105,-132.920212,-0.660213,-0.709971,-0.245072
472,neutron,19511.576325,0.000000,2.090674,-92.000000,-0.293616,90.000000,-90.000000,0.000000,-1.000000,0.000000
730,neutron,8.213191,1730.667714,-0.314764,-92.000000,2.319758,45.877205,-89.659233,0.004269,-0.717837,0.696198
545,proton,2124.951162,2468.193931,-0.986021,-92.000000,1.190099,87.849566,-87.117315,0.050256,-0.998031,0.037523
546,neutron,19511.576325,0.000000,-2.661286,-92.000000,1.748445,90.000000,-90.000000,0.000000,-1.000000,0.000000
639,pi+,3312.880610,183.242457,-2.770368,-92.000000,1.814045,88.159708,-92.773459,-0.048362,-0.998313,0.032114
731,gamma,0.615058,47.934980,0.368585,-92.000000,-2.976986,83.302230,-80.521998,0.163545,-0.979617,0.116632
473,pi-,5240.096858,91.228233,-0.747921,-92.000000,-1.298444,91.568834,-88.762317,0.021592,-0.999392,-0.027378
548,neutron,18.990990,1738.533345,-0.944224,-92.000000,1.986279,66.757049,-106.517619,-0.261235,-0.880921,0.394631
640,neutron,19.513774,3514.402065,-1.006788,-92.000000,-1.242736,92.219490,-122.681152,-0.539558,-0.841057,-0.038728
641,neutron,19511.576325,797.642044,1.125967,-92.000000,0.313666,90.000000,-90.000000,0.000000,-1.000000,0.000000
642,neutron,19511.576325,0.000000,-0.462576,-92.000000,-2.817907,90.000000,-90.000000,0.000000,-1.000000,0.000000
549,e+,3.907199,1738.235833,1.772292,-92.000000,-1.691299,73.985789,-95.241156,-0.087803,-0.957175,0.275876
732,pi-,131.729714,2143.671449,-0.496791,-92.000000,-2.351489,122.267089,-129.714848,-0.540291,-0.650440,-0.533867
474,pi+,1338.174374,3577.091875,1.068352,-92.000000,-2.478118,91.551583,-91.618498,-0.028234,-0.999235,-0.027077
475,neutron,19511.576325,0.000000,1.957338,-92.000000,1.815124,90.000000,-90.000000,0.000000,-1.000000,0.000000
476,neutron,19511.576325,0.000000,0.227297,-92.000000,-2.485936,90.000000,-90.000000,0.000000,-1.000000,0.000000
477,neutron,19511.576325,0.000000,2.421908,-92.000000,-0.476935,90.000000,-90.000000,0.000000,-1.000000,0.000000
643,e+,38.497718,1174.799629,-1.872266,-92.000000,-1.425989,96.258749,-114.481866,-0.411935,-0.904668,-0.109019
733,gamma,0.261040,1320.081506,0.720813,-92.000000,-1.825344,126.937394,-42.249988,0.591651,-0.537418,-0.600942
551,neutron,19510.420467,0.000000,-2.811558,-92.000000,-1.497007,90.452556,-90.256996,-0.004485,-0.999959,-0.007899
478,pi+,6194.715953,3169.149679,-1.279662,-92.000000,0.685068,89.157777,-86.972368,0.052812,-0.998496,0.014699
734,pi+,2219.934931,2869.650893,-0.094357,-92.000000,0.297945,83.940224,-92.708687,-0.046994,-0.993301,0.105566
735,neutron,19511.576325,0.000000,0.944583,-92.000000,1.358573,90.000000,-90.000000,0.000000,-1.000000,0.000000
644,gamma,3.751503,3015.188769,-1.499032,-92.000000,0.143235,94.489657,-92.193277,-0.038153,-0.996201,-0.078279
645,neutron,19511.576325,0.000000,-2.205178,-92.000000,-0.948134,90.000000,-90.000000,0.000000,-1.000000,0.000000
479,neutron,19511.419232,1430.294282,-1.639869,-92.000000,-2.310058,89.886190,-90.221679,-0.003869,-0.999991,0.001986
737,neutron,19511.576325,0.220359,2.900386,-92.000000,-2.174858,90.000000,-90.000000,0.000000,-1.000000,0.000000
738,neutron,19511.576325,0.000000,-0.987741,-92.000000,1.640556,90.000000,-90.000000,0.000000,-1.000000,0.000000
739,neutron,19511.576325,0.008441,-0.533224,-92.000000,-1.193977,90.000000,-90.000000,0.000000,-1.000000,0.000000
646,neutron,19511.576325,1326.676430,1.490854,-92.000000,1.528657,90.000000,-90.000000,0.000000,-1.000000,0.000000
552,pi+,2812.514612,2353.001487,0.187697,-92.000000,0.828999,87.577272,-86.677566,0.057903,-0.997427,0.042272
647,e+,119.918579,982.656858,2.550790,-92.000000,2.724882,86.807755,-94.680816,-0.081478,-0.995118,0.055686
648,neutron,19511.576325,6.830940,-0.211268,-92.000000,-1.445265,90.000000,-90.000000,0.000000,-1.000000,0.000000
649,neutron,12.518476,97.535971,-2.640620,-92.000000,-2.820344,126.755534,-139.386915,-0.608206,-0.521537,-0.598402
480,gamma,0.137647,2488.964216,-1.688204,-92.000000,-1.245505,115.362128,-87.939861,0.032484,-0.903035,-0.428338
553,e+,216.763204,2826.685222,2.341279,-92.000000,-1.752801,92.975952,-97.327173,-0.127363,-0.990496,-0.051917
740,neutron,2.774532,2688.182997,-0.050185,-92.000000,-1.660523,93.509320,-71.225969,0.321233,-0.945020,-0.061211
650,neutron,19511.556208,2772.402524,-0.749385,-92.000000,-0.406272,89.953981,-89.971338,0.000500,-1.000000,0.000803
554,neutron,19511.576325,2328.060435,2.429307,-92.000000,-2.579531,90.000000,-90.000000,0.000000,-1.000000,0.000000
555,neutron,19511.557117,0.000000,1.948010,-92.000000,-1.895706,90.084396,-90.027378,-0.000478,-0.999999,-0.001473
741,neutron,0.001340,1349.376777,-2.031309,-92.000000,2.052972,104.615669,-110.250782,-0.334929,-0.907827,-0.252334
742,neutron,19511.576325,0.000000,1.926978,-92.000000,0.476770,90.000000,-90.000000,0.000000,-1.000000,0.000000
481,neutron,41.892729,1994.290812,0.100634,-92.000000,0.868217,108.174847,-98.779693,-0.145020,-0.938976,-0.311918
556,gamma,0.233326,1681.424690,-2.510625,-92.000000,-0.973196,63.891607,-97.225985,-0.112949,-0.890831,0.440071
557,neutron,19511.576325,0.549201,2.907738,-92.000000,-2.022060,90.000000,-90.000000,0.000000,-1.000000,0.000000
558,neutron,19511.576325,0.000000,-0.388453,-92.000000,-2.504785,90.000000,-90.000000,0.000000,-1.000000,0.000000
651,neutron,184.450104,2093.687073,0.753366,-92.000000,0.125910,104.149376,-116.811393,-0.437371,-0.865419,-0.244451
559,neutron,1746.027143,0.000000,-1.468965,-92.000000,-2.952912,91.230387,-89.043710,0.016686,-0.999630,-0.021473
743,gamma,69.859548,2879.455026,1.137540,-92.000000,1.039215,85.663255,-47.204866,0.677434,-0.731687,0.075618
482,gamma,0.145872,2340.593316,-0.180842,-92.000000,1.468715,74.464711,-58.207606,0.507595,-0.818910,0.267832
560,neutron,0.023873,283.573287,0.701209,-92.000000,0.512036,115.365294,-125.980321,-0.530869,-0.731206,-0.428388
561,neutron,19511.548887,0.000000,-2.591242,-92.000000,1.199964,90.070159,-89.961182,0.000678,-0.999999,-0.001225
744,gamma,0.093183,2547.428036,0.423338,-92.000000,1.964440,66.529310,-89.556688,0.007097,-0.917236,0.398280
745,neutron,19510.974780,0.000000,2.526757,-92.000000,1.067139,89.763453,-90.291551,-0.005088,-0.999979,0.004129
653,neutron,19511.576325,0.092065,-1.946310,-92.000000,-0.492837,90.000000,-90.000000,0.000000,-1.000000,0.000000
483,neutron,0.070249,3149.635926,1.638077,-92.000000,-0.261388,97.376477,-44.346400,0.709208,-0.693210,-0.128388
484,neutron,19511.576325,0.000000,-1.864621,-92.000000,-0.221017,90.000000,-90.000000,0.000000,-1.000000,0.000000
746,gamma,0.182612,1739.282947,-0.168067,-92.000000,2.766186,51.691688,-107.854143,-0.240581,-0.746896,0.619893
562,e+,16.912660,657.002642,1.560001,-92.000000,0.448554,89.260374,-86.438235,0.062119,-0.997985,0.012909
654,gamma,5.882625,2733.821739,-1.481875,-92.000000,-1.192674,113.120673,-142.903205,-0.733553,-0.554717,-0.392669
486,pi-,4274.554554,100.458632,0.824308,-92.000000,-1.398490,91.846004,-89.087162,0.015923,-0.999354,-0.032213
747,neutron,13702.737009,716.934938,-2.448480,-92.000000,2.704515,90.801290,-90.331278,-0.005781,-0.999885,-0.013985
563,gamma,0.212053,2031.414739,0.214922,-92.000000,0.843883,44.419065,-56.121013,0.390153,-0.581070,0.714240
655,gamma,2.222719,1644.634306,-2.057407,-92.000000,0.169225,94.723368,-139.081819,-0.753079,-0.652756,-0.082345
487,gamma,0.261348,1780.605395,1.346217,-92.000000,1.266809,58.907775,-77.832730,0.180487,-0.837101,0.516417
748,neutron,19511.576325,3886.787365,0.904136,-92.000000,-2.898878,90.000000,-90.000000,0.000000,-1.000000,0.000000
656,pi+,696.967044,2136.533969,2.331530,-92.000000,-1.509276,104.254328,-85.681895,0.072976,-0.966461,-0.246227
657,neutron,19511.576325,1912.807202,-2.678843,-92.000000,0.859620,90.000000,-90.000000,0.000000,-1.000000,0.000000
749,gamma,0.230884,2103.574719,-1.359948,-92.000000,0.520778,57.865036,-70.675107,0.280226,-0.799087,0.531915
488,neutron,570.443459,209.211089,-1.761890,-92.000000,1.695578,52.926528,-58.019785,0.422569,-0.676772,0.602839
750,neutron,19511.425636,692.137092,-1.903625,-92.000000,-0.720862,89.813063,-89.980929,0.000333,-0.999995,0.003263
489,neutron,19511.576325,861.123510,-0.008015,-92.000000,0.658595,90.000000,-90.000000,0.000000,-1.000000,0.000000
658,proton,18706.296898,93.604312,1.836552,-92.000000,2.593613,87.642639,-89.992869,0.000124,-0.999154,0.041132
565,triton,313.317407,1669.033891,-1.516534,-92.000000,-1.948221,76.381303,-72.681259,0.289317,-0.927822,0.235459
566,neutron,19511.576325,0.000000,-2.434083,-92.000000,1.597749,90.000000,-90.000000,0.000000,-1.000000,0.000000
567,neutron,19511.168676,0.000000,-2.455830,-92.000000,1.222785,90.366678,-89.946686,0.000930,-0.999979,-0.006400
490,neutron,19511.576325,373.220530,-2.084073,-92.000000,2.438081,90.000000,-90.000000,0.000000,-1.000000,0.000000
491,proton,19157.726363,117.472621,1.831176,-92.000000,-1.458161,87.836661,-88.380676,0.028239,-0.998888,0.037748
751,proton,1802.267354,80.906154,2.742284,-92.000000,0.886449,88.430387,-89.239648,0.013265,-0.999537,0.027391
752,neutron,19511.576325,0.000000,2.218393,-92.000000,-2.374422,90.000000,-90.000000,0.000000,-1.000000,0.000000
568,gamma,0.370584,3103.667943,2.640854,-92.000000,-0.576993,107.335714,-74.225393,0.259505,-0.918625,-0.297970
753,proton,17862.662673,1728.228247,-0.652145,-92.000000,1.896410,88.113246,-90.104657,-0.001826,-0.999456,0.032924
492,gamma,0.078844,2801.121285,0.610168,-92.000000,2.307252,94.411320,-102.646191,-0.218281,-0.972850,-0.076916
569,gamma,0.402831,154.954777,-2.242341,-92.000000,-2.234521,150.714010,-87.168496,0.024164,-0.488572,-0.872189
570,neutron,19511.576325,0.000000,-1.476711,-92.000000,1.005006,90.000000,-90.000000,0.000000,-1.000000,0.000000
571,neutron,19511.576325,137.869895,2.549493,-92.000000,-2.923600,90.000000,-90.000000,0.000000,-1.000000,0.000000
572,neutron,19434.208529,0.000000,0.645219,-92.000000,-1.212998,90.082306,-89.276740,0.012623,-0.999919,-0.001437
659,gamma,0.457071,3150.664713,2.140593,-92.000000,0.162259,86.173446,-87.648302,0.040942,-0.996930,0.066736
660,gamma,2.428438,1280.254401,1.309917,-92.000000,-0.779671,113.852707,-75.359622,0.231163,-0.884893,-0.404387
661,neutron,19511.576325,0.045749,1.099895,-92.000000,1.451866,90.000000,-90.000000,0.000000,-1.000000,0.000000
662,neutron,19511.551600,206.640914,-2.431601,-92.000000,2.272604,89.926609,-89.931101,0.001203,-0.999998,0.001281
574,neutron,19511.576325,0.000000,-2.967355,-92.000000,-2.809486,90.000000,-90.000000,0.000000,-1.000000,0.000000
754,neutron,4403.435251,4730.157981,0.757145,-92.000000,1.380885,87.004113,-96.500051,-0.113049,-0.992214,0.052264
663,gamma,0.156425,2262.714890,-1.738408,-92.000000,-2.180415,80.619804,-103.058696,-0.222928,-0.961113,0.162985
755,gamma,0.080630,292.353970,-3.000000,-92.142171,2.563916,8.259643,15.054071,0.138729,0.037313,0.989627
494,neutron,72.403352,3389.247038,2.015460,-92.000000,-0.347959,122.499519,-61.770984,0.398924,-0.743086,-0.537293
495,neutron,19466.635316,0.000000,2.617893,-92.000000,-0.585674,89.720114,-90.527649,-0.009209,-0.999946,0.004885
575,neutron,300.775022,2340.238759,-1.776017,-92.000000,2.336287,62.666507,-121.189639,-0.460051,-0.759945,0.459169
576,neutron,135.926029,0.482798,2.067182,-92.000000,1.721218,42.165104,-88.853744,0.013428,-0.671135,0.741214
664,neutron,97.576762,2689.247171,-1.610594,-92.000000,-1.729907,129.619168,-97.556186,-0.101293,-0.763611,-0.637682
756,neutron,14.118086,2461.405421,-1.752051,-92.000000,-1.759921,84.045478,-120.966504,-0.511761,-0.852842,0.103739
757,neutron,19511.148931,0.000000,-2.594339,-92.000000,0.773526,90.246146,-89.801104,0.003471,-0.999985,-0.004296
496,gamma,0.216626,216.979232,-2.887522,-92.000000,0.936028,103.668389,-114.672853,-0.405615,-0.882971,-0.236302
497,neutron,19511.352914,0.000000,1.862310,-92.000000,-2.703184,89.810895,-89.721405,0.004862,-0.999983,0.003301
498,neutron,19511.561159,0.547740,2.375905,-92.000000,-1.754385,89.986042,-90.079012,-0.001379,-0.999999,0.000244
577,gamma,1.111974,1707.576984,2.447422,-92.000000,1.394673,71.126104,-94.547288,-0.075019,-0.943254,0.323486
578,neutron,19511.576325,0.000000,-0.706651,-92.000000,2.252857,90.000000,-90.000000,0.000000,-1.000000,0.000000
665,gamma,4.085302,685.662111,0.413517,-92.000000,1.709457,44.205697,-48.594315,0.461143,-0.522959,0.716841
666,neutron,19511.576325,0.000000,-0.389376,-92.000000,-0.878009,90.000000,-90.000000,0.000000,-1.000000,0.000000
800,neutron,19511.430856,1424.075875,0.811412,-92.000000,-1.260557,89.835975,-90.084746,-0.001479,-0.999995,0.002863
801,neutron,19457.034515,0.000000,-1.859688,-92.000000,-1.163658,88.780094,-90.164012,-0.002862,-0.999769,0.021290
579,neutron,19511.576325,1753.356565,-1.392724,-92.000000,-1.938594,90.000000,-90.000000,0.000000,-1.000000,0.000000
580,neutron,19425.167169,0.000000,-0.713034,-92.000000,2.382769,90.782854,-89.994302,0.000099,-0.999907,-0.013663
802,gamma,0.352474,2151.827853,0.295829,-92.000000,-2.357846,102.416492,-75.787031,0.239784,-0.946716,-0.215016
759,neutron,19511.576325,116.957608,-2.328082,-92.000000,-2.817140,90.000000,-90.000000,0.000000,-1.000000,0.000000
803,pi+,5870.856627,640.862496,2.202552,-92.000000,-2.862397,90.907695,-86.740983,0.056843,-0.998257,-0.015842
760,neutron,823.922208,1225.059960,-2.013633,-92.000000,-1.463500,134.543623,-99.355578,-0.115860,-0.703236,-0.701452
581,neutron,10.445991,2297.573290,-0.833755,-92.000000,-1.910512,116.470928,-89.730150,0.004216,-0.895151,-0.445744
582,neutron,19509.765403,0.000000,1.685767,-92.000000,-0.247030,90.255211,-89.966703,0.000581,-0.999990,-0.004454
667,pi-,3182.102922,1365.313098,-2.424086,-92.000000,0.297084,94.334584,-91.974615,-0.034358,-0.996548,-0.075581
804,neutron,16275.755574,97.101915,2.504908,-92.000000,-0.155315,90.769118,-87.243142,0.048093,-0.998753,-0.013423
583,neutron,4.537839,1751.972778,-0.888149,-92.000000,2.631007,79.401178,-80.355559,0.164675,-0.969047,0.183931
761,gamma,5.410942,405.196204,2.032100,-92.000000,-0.579125,79.271161,-55.304038,0.559271,-0.807812,0.186161
762,neutron,19511.576325,0.000000,-0.870999,-92.000000,-2.797863,90.000000,-90.000000,0.000000,-1.000000,0.000000
763,neutron,19511.576325,0.000000,2.282751,-92.000000,0.701327,90.000000,-90.000000,0.000000,-1.000000,0.000000
668,neutron,19511.576325,1264.553003,0.888842,-92.000000,-1.332107,90.000000,-90.000000,0.000000,-1.000000,0.000000
764,neutron,19366.290881,733.795302,-1.672521,-92.000000,2.512912,88.907360,-90.425890,-0.007432,-0.999791,0.019069
765,neutron,19511.041256,1.125168,-2.455956,-92.000000,-2.218926,90.061087,-90.101966,-0.001780,-0.999998,-0.001066
584,gamma,2.566364,3872.271626,-2.611358,-92.000000,-1.559684,110.306140,-138.855978,-0.706257,-0.617063,-0.347036
767,gamma,0.732433,2844.876847,-0.132194,-92.000000,-0.866415,69.206397,-81.434201,0.139244,-0.924437,0.355003
768,neutron,19511.576325,0.000000,-2.646262,-92.000000,1.172554,90.000000,-90.000000,0.000000,-1.000000,0.000000
805,pi+,729.242125,3360.712381,-2.128584,-92.000000,-0.015684,108.540581,-95.452093,-0.090082,-0.943809,-0.317976
670,gamma,3359.499080,2538.695372,-2.891429,-92.000000,-0.150860,97.526170,-91.922347,-0.033256,-0.990827,-0.130979
671,neutron,19511.576325,0.000000,2.842749,-92.000000,2.527857,90.000000,-90.000000,0.000000,-1.000000,0.000000
769,pi+,3884.114968,650.085386,2.530361,-92.000000,-2.941561,97.209217,-83.245460,0.116686,-0.985209,-0.125493
585,neutron,19511.466532,2105.161388,0.379657,-92.000000,-0.167710,89.754979,-89.948669,0.000896,-0.999990,0.004276
806,gamma,1.362019,64.519461,-0.718141,-92.000000,2.219596,80.316144,-74.038165,0.271079,-0.947745,0.168212
586,gamma,0.882851,2381.136604,1.002340,-92.000000,0.589400,67.984828,-37.182474,0.738622,-0.560289,0.374852
587,neutron,19511.576325,0.009776,2.442156,-92.000000,-0.658694,90.000000,-90.000000,0.000000,-1.000000,0.000000
807,neutron,19511.576325,212.853023,-1.542865,-92.000000,1.500316,90.000000,-90.000000,0.000000,-1.000000,0.000000
808,pi-,2310.147200,1190.435110,-2.213889,-92.000000,0.640179,87.035488,-81.795921,0.142508,-0.988442,0.051717
809,neutron,19511.576325,0.000000,1.596717,-92.000000,-2.770476,90.000000,-90.000000,0.000000,-1.000000,0.000000
672,neutron,0.533665,2814.719430,0.646504,-92.000000,2.874965,34.729572,-89.801697,0.001972,-0.569700,0.821850
770,e+,11.156750,821.205144,1.834285,-92.000000,-2.414619,74.809510,-63.605574,0.429016,-0.864457,0.262029
673,neutron,0.898201,513.190230,-0.459758,-92.000000,2.221746,85.133797,-64.889341,0.422838,-0.902226,0.084829
674,gamma,0.699813,6.180843,-1.388216,-92.000000,0.501170,127.111088,-67.303372,0.307704,-0.735712,-0.603362
771,neutron,0.168545,990.076745,-1.704719,-92.000000,-1.179228,93.866585,-91.870163,-0.032560,-0.997192,-0.067433
810,pi-,1050.750483,2285.855888,-1.032786,-92.000000,0.865570,80.776353,-70.091529,0.336116,-0.928081,0.160289
588,neutron,2.767884,2200.375266,-0.524098,-92.000000,1.198754,111.764658,-104.245644,-0.228538,-0.900156,-0.370795
675,gamma,379.695016,2052.441195,0.743237,-92.000000,-0.465986,112.175266,-83.688699,0.101799,-0.920421,-0.377441
811,pi-,5244.021182,3033.623440,-0.478879,-92.000000,-0.928320,94.037391,-95.170114,-0.089889,-0.993460,-0.070407
812,neutron,19511.576325,0.000000,2.125277,-92.000000,-0.733510,90.000000,-90.000000,0.000000,-1.000000,0.000000
813,neutron,19511.576325,0.000000,0.353934,-92.000000,-2.277615,90.000000,-90.000000,0.000000,-1.000000,0.000000
589,neutron,73.338414,4174.962398,0.402605,-92.000000,0.765091,101.033420,-61.493270,0.468440,-0.862518,-0.191382
676,gamma,1.082563,2948.727381,-1.574074,-92.000000,2.773674,80.863965,-86.809885,0.054943,-0.985784,0.158779
677,neutron,19511.095227,0.000000,0.920096,-92.000000,2.499645,90.053999,-89.668615,0.005784,-0.999983,-0.000942
678,neutron,19511.576325,143.241454,-0.312059,-92.000000,-1.499820,90.000000,-90.000000,0.000000,-1.000000,0.000000
772,gamma,0.629101,3774.682685,2.157768,-92.000000,0.262237,62.554003,-60.052178,0.443023,-0.768954,0.460912
814,gamma,0.352333,1615.875911,0.107028,-92.000000,-0.420474,85.042555,-40.866563,0.753406,-0.651852,0.086416
679,neutron,19511.576325,3166.487738,0.986150,-92.000000,0.462918,90.000000,-90.000000,0.000000,-1.000000,0.000000
591,neutron,19511.576325,0.147016,2.824441,-92.000000,-0.879359,90.000000,-90.000000,0.000000,-1.000000,0.000000
815,neutron,78.860847,2676.335559,-2.351232,-92.000000,2.723160,80.476710,-83.843941,0.105759,-0.980531,0.165449
816,neutron,19511.576325,0.000000,-0.952612,-92.000000,1.830418,90.000000,-90.000000,0.000000,-1.000000,0.000000
773,pi+,4371.050544,2713.432042,1.147049,-92.000000,-1.394706,91.337923,-90.260569,-0.004547,-0.999717,-0.023349
680,pi+,391.967412,1200.686766,0.292604,-92.000000,-1.238596,82.074924,-88.879309,0.019372,-0.990260,0.137878
817,neutron,13511.285942,1072.231942,0.625090,-92.000000,-0.211984,88.655142,-90.845905,-0.014759,-0.999616,0.023470
818,neutron,19508.809813,0.000000,-1.673150,-92.000000,-2.949788,90.930155,-89.809142,0.003331,-0.999863,-0.016234
681,neutron,0.000867,99.893303,-0.067179,-92.000000,0.698279,69.587474,-116.259001,-0.414648,-0.840489,0.348777
682,nu_mu,181.747679,178.569035,1.569449,-92.000000,-2.522875,148.154541,-99.815917,-0.089952,-0.519906,-0.849474
820,neutron,13436.803675,425.227313,0.111128,-92.000000,2.924679,90.428181,-89.661756,0.005903,-0.999955,-0.007473
774,gamma,5.185481,1875.074558,0.759189,-92.000000,0.759885,93.453795,-103.090605,-0.226080,-0.972244,-0.060244
775,neutron,19507.144266,0.000000,-2.445708,-92.000000,1.100279,90.971429,-90.308362,-0.005381,-0.999842,-0.016954
821,pi+,1388.384694,1036.804681,1.421608,-92.000000,1.673817,78.607717,-65.075946,0.413114,-0.889000,0.197525
822,neutron,19511.576325,0.877411,2.510422,-92.000000,1.732230,90.000000,-90.000000,0.000000,-1.000000,0.000000
592,neutron,2.495735,4589.646861,-0.899264,-92.000000,2.972174,63.616706,-104.029104,-0.217165,-0.869121,0.444374
683,neutron,19511.576325,1082.891772,0.409455,-92.000000,-1.809148,90.000000,-90.000000,0.000000,-1.000000,0.000000
823,neutron,6668.907955,2361.429604,1.991111,-92.000000,0.338883,88.085298,-88.413293,0.027674,-0.999058,0.033412
776,neutron,2153.980923,2602.267164,-2.421383,-92.000000,1.841199,93.741115,-103.544615,-0.233703,-0.970116,-0.065248
777,neutron,19511.576325,0.000000,2.446812,-92.000000,-1.935406,90.000000,-90.000000,0.000000,-1.000000,0.000000
778,neutron,19511.170584,0.017824,-0.256382,-92.000000,2.841152,89.727959,-90.303791,-0.005302,-0.999975,0.004748
593,neutron,19511.003410,4075.331433,-2.202803,-92.000000,-0.211037,89.735717,-89.483187,0.009020,-0.999949,0.004613
684,gamma,1.349562,2533.680716,0.451662,-92.000000,1.425040,100.076615,-70.454888,0.329388,-0.927842,-0.174965
779,neutron,1.606526,204.082082,2.484447,-92.000000,-2.293162,144.321638,-58.974691,0.300609,-0.499797,-0.812304
780,neutron,19511.576325,0.000000,-1.492566,-92.000000,2.174206,90.000000,-90.000000,0.000000,-1.000000,0.000000
781,kaon0L,3570.974142,366.423768,1.475832,-92.000000,-2.719610,87.522450,-94.003065,-0.069745,-0.996628,0.043228
824,neutron,0.056657,1457.110706,2.604606,-92.000000,-2.762204,95.123796,-57.525864,0.534773,-0.840263,-0.089308
685,gamma,0.555050,505.886675,2.815874,-92.000000,-2.027035,79.312929,-91.653092,-0.028348,-0.982246,0.185445
782,pi+,1858.896180,1433.063319,-1.071938,-92.000000,-0.912378,76.948470,-84.348920,0.095926,-0.969433,0.225827
686,neutron,13227.198185,3069.475745,0.224945,-92.000000,-0.727244,91.149905,-90.824659,-0.014390,-0.999695,-0.020068
594,gamma,3.231950,3929.004008,2.780198,-92.000000,-0.553607,83.726020,-31.522418,0.847330,-0.519701,0.109283
783,gamma,0.111220,478.469197,0.212397,-92.000000,-0.645855,55.482579,-79.761918,0.146449,-0.810835,0.566657
687,pi+,253.397957,721.207557,-1.411136,-92.000000,1.143480,115.746374,-86.783864,0.050533,-0.899307,-0.434388
825,anti_nu_mu,36.174177,3288.480896,-0.376016,-92.000000,0.540506,121.737342,-95.565393,-0.082480,-0.846459,-0.526026
784,proton,12591.164552,2123.146998,-0.961990,-92.000000,1.296417,88.806840,-90.287961,-0.005025,-0.999771,0.020823
785,neutron,19511.576325,0.000000,2.042839,-92.000000,-0.380028,90.000000,-90.000000,0.000000,-1.000000,0.000000
595,pi+,2206.294505,2255.592133,2.258267,-92.000000,-1.217553,77.415220,-96.555900,-0.111429,-0.969593,0.217884
786,proton,12256.021778,418.806908,0.685954,-92.000000,2.823951,89.811968,-89.688033,0.005445,-0.999980,0.003282
688,pi-,1223.657552,1745.713840,-2.381310,-92.000000,-0.648253,104.502443,-82.030731,0.134224,-0.958787,-0.250421
596,neutron,19511.576325,641.460847,0.420647,-92.000000,-1.768019,90.000000,-90.000000,0.000000,-1.000000,0.000000
597,neutron,19511.506398,0.000000,0.595946,-92.000000,0.817478,89.873621,-90.020332,-0.000355,-0.999998,0.002206
787,neutron,19511.576325,1007.655766,0.938019,-92.000000,-1.367341,90.000000,-90.000000,0.000000,-1.000000,0.000000
788,kaon+,1113.086259,665.218900,-2.675475,-92.000000,0.079324,59.078240,-89.381623,0.009259,-0.857820,0.513867
826,gamma,0.273197,1425.193057,0.153192,-92.000000,-2.782085,111.079998,-114.822647,-0.391717,-0.846873,-0.359671
689,gamma,1.959302,24.747094,2.846995,-92.000000,-2.869504,84.201165,-95.375165,-0.093197,-0.990508,0.101036
789,gamma,0.066330,2575.693812,-0.909565,-92.000000,0.525561,82.201902,-68.337869,0.365719,-0.920782,0.135683
690,neutron,4386.641927,959.823051,2.701139,-92.000000,-1.964830,86.967440,-87.750324,0.039199,-0.997830,0.052903
827,gamma,0.345161,2999.668868,0.367677,-92.000000,2.718938,60.853159,-98.001294,-0.121570,-0.864872,0.487050
828,neutron,19511.163023,0.000000,1.334816,-92.000000,-1.432874,89.843572,-89.683103,0.005531,-0.999981,0.002730
829,neutron,19511.576325,0.000000,2.778954,-92.000000,-1.418498,90.000000,-90.000000,0.000000,-1.000000,0.000000
598,pi-,1103.977839,3475.665927,-1.656700,-92.000000,0.677554,69.287958,-104.075554,-0.227483,-0.907286,0.353671
599,neutron,19511.576325,0.000000,-2.917065,-92.000000,2.726528,90.000000,-90.000000,0.000000,-1.000000,0.000000
790,gamma,0.176784,223.838776,0.920244,-92.000000,-1.834564,125.343326,-117.597105,-0.377874,-0.722896,-0.578475
900,gamma,0.150468,497.613544,0.881467,-92.000000,1.021243,98.832449,-40.582787,0.750461,-0.642832,-0.153545
830,gamma,0.138769,3.408073,0.768827,-92.000000,1.998233,116.977917,-79.346631,0.164750,-0.875821,-0.453647
901,gamma,0.170111,524.524917,-0.375928,-92.000000,0.373339,67.044915,-51.494791,0.573284,-0.720582,0.390009
831,gamma,0.243130,514.817292,2.882471,-92.000000,-0.171910,97.267514,-87.508186,0.043127,-0.991028,-0.126502
691,gamma,0.108909,1068.528419,2.695647,-92.000000,2.414616,92.049917,-111.044153,-0.358857,-0.932707,-0.035770
832,mu+,11.365601,1390.522423,-2.979969,-92.000000,-1.036289,97.315575,-106.335302,-0.278969,-0.951821,-0.127334
833,neutron,19510.953757,81.919705,2.732092,-92.000000,2.726635,89.654499,-90.091348,-0.001594,-0.999981,0.006030
902,gamma,6.046812,122.344960,0.266308,-92.000000,0.904220,104.167974,-71.212345,0.312265,-0.917922,-0.244765
903,neutron,19511.573908,0.000000,-0.735056,-92.000000,-0.664270,90.018744,-89.985335,0.000256,-1.000000,-0.000327
904,neutron,19511.291422,0.000000,1.867924,-92.000000,-1.386371,89.907123,-90.328849,-0.005739,-0.999982,0.001621
905,neutron,19511.576325,0.000000,-2.082738,-92.000000,0.517288,90.000000,-90.000000,0.000000,-1.000000,0.000000
791,neutron,1184.077781,2819.430108,-0.934236,-92.000000,0.131932,96.445527,-102.849016,-0.220977,-0.968797,-0.112259
906,neutron,19511.413999,1598.718245,-0.154257,-92.000000,-2.285900,90.145743,-90.129595,-0.002262,-0.999994,-0.002544
792,neutron,19511.576325,1022.324691,2.920140,-92.000000,-0.905157,90.000000,-90.000000,0.000000,-1.000000,0.000000
907,pi+,776.855601,1648.373232,1.184377,-92.000000,1.167912,89.892634,-75.015452,0.258558,-0.965994,0.001874
793,neutron,19510.413650,724.859667,-2.723740,-92.000000,1.956153,90.241144,-89.751952,0.004329,-0.999982,-0.004209
908,gamma,0.298039,1812.614025,1.749904,-92.000000,1.109864,42.960189,-107.337978,-0.203089,-0.650525,0.731827
794,gamma,1947.828775,1334.981730,-2.595567,-92.000000,0.463707,69.981930,-90.461414,-0.007567,-0.939554,0.342316
693,pi+,725.319910,3503.328768,1.252542,-92.000000,1.458002,64.995748,-77.350243,0.198466,-0.884278,0.422686
694,neutron,19086.376900,2123.253207,-1.093954,-92.000000,-2.896079,88.726184,-90.328437,-0.005731,-0.999736,0.022230
695,neutron,19511.576325,0.000000,-0.988161,-92.000000,0.739735,90.000000,-90.000000,0.000000,-1.000000,0.000000
795,proton,13966.081712,2498.913673,2.237517,-92.000000,-0.968885,86.548567,-87.367292,0.045850,-0.997133,0.060202
909,gamma,1426.499183,2897.130353,-2.119353,-92.000000,-0.707133,75.930044,-86.733831,0.055265,-0.968424,0.243106
796,pi+,1559.539175,432.650895,-2.119978,-92.000000,2.866528,80.488080,-75.384190,0.248867,-0.954336,0.165253
835,pi+,4800.066786,3657.075864,-1.791612,-92.000000,1.355867,88.942050,-87.269637,0.047628,-0.998694,0.018464
696,neutron,98.155764,3234.834734,1.749015,-92.000000,-0.125767,116.386804,-77.128663,0.199554,-0.873305,-0.444429
910,neutron,893.944727,918.932650,-2.217970,-92.000000,0.067130,124.340193,-81.361529,0.124020,-0.816336,-0.564105
911,neutron,19511.576325,0.000000,2.805688,-92.000000,-1.357806,90.000000,-90.000000,0.000000,-1.000000,0.000000
912,pi-,1250.501815,1277.727949,-1.048858,-92.000000,1.905055,93.471966,-92.126394,-0.037036,-0.997477,-0.060560
697,neutron,19511.576325,2048.580117,-0.277019,-92.000000,-1.126862,90.000000,-90.000000,0.000000,-1.000000,0.000000
798,neutron,18048.548684,323.104264,-0.374567,-92.000000,-1.421136,91.208057,-88.689132,0.022872,-0.999516,-0.021083
836,neutron,80.437358,2911.346783,0.587144,-92.000000,-2.506005,132.951173,-114.029907,-0.298054,-0.668500,-0.681375
837,neutron,19511.576325,0.000000,-0.205124,-92.000000,1.037869,90.000000,-90.000000,0.000000,-1.000000,0.000000
913,neutron,19511.576325,2770.179565,-1.679234,-92.000000,2.373121,90.000000,-90.000000,0.000000,-1.000000,0.000000
698,neutron,19511.576325,2651.315465,-2.513410,-92.000000,1.722575,90.000000,-90.000000,0.000000,-1.000000,0.000000
838,gamma,0.208472,332.333944,-0.171037,-92.000000,0.416818,73.277380,-101.977590,-0.198752,-0.936859,0.287739
840,neutron,19511.576325,64.670372,2.252231,-92.000000,-0.849087,90.000000,-90.000000,0.000000,-1.000000,0.000000
841,neutron,19511.576325,0.000000,0.145326,-92.000000,-1.206153,90.000000,-90.000000,0.000000,-1.000000,0.000000
842,neutron,19511.576325,0.000000,0.871949,-92.000000,-2.418168,90.000000,-90.000000,0.000000,-1.000000,0.000000
843,pi+,209.032139,233.628967,0.092881,-92.000000,-0.244635,62.247252,-69.826673,0.305190,-0.830676,0.465657
844,neutron,19511.139150,0.000000,1.476497,-92.000000,-0.929386,90.377644,-89.808784,0.003337,-0.999973,-0.006591
845,neutron,19496.069081,1091.009197,-1.052739,-92.000000,1.657406,89.644293,-89.877422,0.002139,-0.999978,0.006208
846,neutron,19511.576325,0.068300,0.217454,-92.000000,0.290153,90.000000,-90.000000,0.000000,-1.000000,0.000000
914,proton,15952.352951,1293.028771,-0.035493,-92.000000,-2.635235,90.530856,-90.427469,-0.007460,-0.999929,-0.009265
915,neutron,19511.576325,0.177188,-1.908086,-92.000000,0.999840,90.000000,-90.000000,0.000000,-1.000000,0.000000
847,neutron,19511.576325,1304.657975,-1.964673,-92.000000,0.597222,90.000000,-90.000000,0.000000,-1.000000,0.000000
848,neutron,19511.576325,0.000000,2.799220,-92.000000,0.194616,90.000000,-90.000000,0.000000,-1.000000,0.000000
850,neutron,19510.281097,0.000000,-1.279919,-92.000000,-0.698977,89.778008,-90.504217,-0.008800,-0.999954,0.003874
1000,neutron,91.677229,1779.811160,2.627147,-92.000000,1.435747,48.287810,-60.347668,0.369319,-0.648738,0.665389
1001,neutron,19511.576325,0.000000,0.964857,-92.000000,2.604852,90.000000,-90.000000,0.000000,-1.000000,0.000000
917,neutron,110.396186,1185.250215,-0.912710,-92.000000,2.118914,87.695328,-61.176829,0.481718,-0.875403,0.040213
699,proton,7997.120809,3492.625847,-0.015739,-92.000000,-0.097898,90.667963,-89.446444,0.009661,-0.999885,-0.011658
918,neutron,19511.576325,242.894592,-2.188553,-92.000000,0.492955,90.000000,-90.000000,0.000000,-1.000000,0.000000
919,kaon-,2651.798364,902.099843,-1.174622,-92.000000,0.985467,80.890089,-102.338711,-0.210995,-0.964579,0.158329
1002,proton,18401.627293,202.274896,1.833253,-92.000000,1.345793,89.132413,-89.872477,0.002225,-0.999883,0.015142
1100,neutron,6.361566,4048.013270,0.484716,-92.000000,-0.100936,74.045364,-96.799977,-0.113843,-0.954716,0.274876
1003,neutron,19511.576325,642.408342,0.753488,-92.000000,-2.748626,90.000000,-90.000000,0.000000,-1.000000,0.000000
851,neutron,6042.879407,3241.894102,1.719164,-92.000000,0.101225,87.538779,-83.571766,0.111855,-0.992796,0.042943
1101,proton,17149.622310,663.526799,0.921149,-92.000000,0.183271,91.096577,-89.925401,0.001302,-0.999816,-0.019138
921,proton,1971.647606,1728.564998,-2.704293,-92.000000,-2.000598,90.987071,-87.262451,0.047754,-0.998711,-0.017227
1004,proton,4612.188102,1344.754549,-2.394881,-92.000000,1.547212,96.478086,-93.855982,-0.066819,-0.991366,-0.112823
922,pi+,2094.148359,504.209241,-2.050639,-92.000000,-1.824448,96.299368,-86.387389,0.062630,-0.991987,-0.109723
923,neutron,19511.548187,0.000000,-0.745461,-92.000000,1.637493,89.979953,-90.073283,-0.001279,-0.999999,0.000350
1005,neutron,19511.576325,211.986393,0.748015,-92.000000,2.881141,90.000000,-90.000000,0.000000,-1.000000,0.000000
924,gamma,0.481186,152.520235,0.401461,-92.000000,0.408514,91.889376,-125.020843,-0.573562,-0.818498,-0.032970
925,neutron,19511.576325,0.000000,0.320145,-92.000000,-2.016795,90.000000,-90.000000,0.000000,-1.000000,0.000000
926,neutron,19509.698605,0.000000,2.557460,-92.000000,1.715349,90.120545,-89.657303,0.005981,-0.999980,-0.002104
927,gamma,0.313294,794.820832,-2.492558,-92.000000,0.807363,78.993944,-104.788623,-0.250559,-0.949090,0.190913
1103,neutron,19511.576325,0.000000,1.053107,-92.000000,-0.691137,90.000000,-90.000000,0.000000,-1.000000,0.000000
1104,neutron,0.646323,0.287131,-2.353348,-92.000000,-1.500811,142.309732,-115.046809,-0.258838,-0.553899,-0.791327
1006,neutron,52.025564,2334.637961,-2.943376,-92.000000,2.912535,62.535065,-96.292238,-0.097247,-0.881948,0.461206
1105,neutron,1.076207,946.835986,2.436163,-92.000000,-2.650120,119.618394,-98.318998,-0.125779,-0.860189,-0.494221
853,pi+,2103.664340,2070.134074,1.739777,-92.000000,-0.618180,102.046158,-86.571807,0.058481,-0.976230,-0.208700
854,neutron,1659.903699,1360.426147,-2.563144,-92.000000,-0.619806,84.675602,-116.133975,-0.438571,-0.893893,0.092795
855,neutron,19511.576325,0.000000,2.949795,-92.000000,-2.657564,90.000000,-90.000000,0.000000,-1.000000,0.000000
1007,gamma,2.898714,2399.641301,-2.611579,-92.000000,-0.872571,95.150730,-101.519810,-0.198900,-0.975899,-0.089776
929,neutron,278.254684,1271.542917,2.623115,-92.000000,-2.844681,94.047491,-40.792897,0.755188,-0.651697,-0.070583
1106,gamma,0.271115,4223.409466,-2.928365,-92.000000,-0.376964,109.876794,-133.625875,-0.648844,-0.680737,-0.339999
930,neutron,0.000043,1231.624432,-0.410339,-92.000000,1.032532,82.272475,-133.171895,-0.677976,-0.722681,0.134462
1008,pi+,1105.186349,1150.018805,-1.718576,-92.000000,2.235445,83.459825,-93.668175,-0.063562,-0.991457,0.113900
856,neutron,9895.075546,2764.374496,0.273771,-92.000000,0.541442,90.352002,-88.346095,0.028862,-0.999565,-0.006144
857,neutron,19511.576325,10.710499,-2.992046,-92.000000,-0.190550,90.000000,-90.000000,0.000000,-1.000000,0.000000
858,neutron,19511.576325,0.000000,0.944387,-92.000000,2.773004,90.000000,-90.000000,0.000000,-1.000000,0.000000
859,neutron,19511.576325,1609.853128,-1.871367,-92.000000,0.331030,90.000000,-90.000000,0.000000,-1.000000,0.000000
860,neutron,19511.287964,0.000000,-1.092023,-92.000000,2.189282,89.681840,-89.869771,0.002273,-0.999982,0.005553
1107,pi+,1120.915794,2689.829923,-1.389842,-92.000000,-2.283822,89.549063,-85.295664,0.082011,-0.996600,0.007870
931,neutron,3.249550,2532.326408,-2.629360,-92.000000,1.837230,78.670300,-82.984797,0.119753,-0.973173,0.196454
861,neutron,11.587957,1880.339343,0.970170,-92.000000,2.466915,96.414322,-102.699222,-0.218457,-0.969431,-0.111717
1009,gamma,0.203796,0.075725,2.261582,-92.000000,-0.788189,99.424071,-70.850468,0.323607,-0.931916,-0.163740
1010,neutron,19511.415361,0.018039,-2.446049,-92.000000,-1.696387,89.935882,-90.183318,-0.003199,-0.999994,0.001119
862,neutron,19511.576325,2120.096722,0.870423,-92.000000,2.948193,90.000000,-90.000000,0.000000,-1.000000,0.000000
1011,neutron,6978.052286,1689.380130,-0.862290,-92.000000,-2.309801,90.674562,-92.939157,-0.051272,-0.998615,-0.011773
932,neutron,66.514475,2667.768183,1.675606,-92.000000,0.503470,83.414517,-79.298124,0.184474,-0.976123,0.114685
1012,gamma,0.083201,617.072379,0.199750,-92.000000,-1.603739,113.654106,-105.621783,-0.246662,-0.882148,-0.401214
863,neutron,237.804665,1232.345174,-0.420306,-92.000000,-0.379666,72.506091,-111.636630,-0.351665,-0.886549,0.300604
1013,gamma,0.079278,1638.780339,-2.715229,-92.000000,-2.272768,128.359388,-92.228496,-0.030491,-0.783540,-0.620592
865,neutron,2.121770,106.367587,0.485054,-92.000000,-2.008762,76.335043,-71.547359,0.307561,-0.921735,0.236244
866,neutron,19511.563330,0.000000,0.255731,-92.000000,0.266454,89.989592,-89.927768,0.001261,-0.999999,0.000182
867,neutron,19511.576325,0.012958,0.621207,-92.000000,-1.799486,90.000000,-90.000000,0.000000,-1.000000,0.000000
933,gamma,8.178956,3011.952636,-1.302784,-92.000000,-1.246532,106.249610,-140.294973,-0.738610,-0.613315,-0.279822
1014,gamma,2.166906,2326.458585,2.052370,-92.000000,-2.417055,88.432720,-84.635949,0.093449,-0.995248,0.027351
868,gamma,0.388366,428.299127,-0.781226,-92.000000,-2.308216,106.681158,-137.644411,-0.707879,-0.645377,-0.287046
1110,pi+,1878.041096,1959.950973,-2.622697,-92.000000,2.645210,78.244352,-89.711081,0.004937,-0.979013,0.203738
1015,gamma,0.455175,1278.614359,-1.250637,-92.000000,0.003487,76.420218,-79.029515,0.184983,-0.954280,0.234799
1016,neutron,18480.557861,0.000000,-0.252853,-92.000000,-1.151885,93.086014,-88.019466,0.034510,-0.997953,-0.053835
936,neutron,19511.544267,0.000000,2.505037,-92.000000,1.932318,89.917563,-89.973242,0.000467,-0.999999,0.001439
937,neutron,19510.929869,6.002283,2.349228,-92.000000,1.627935,89.611250,-90.018790,-0.000328,-0.999977,0.006785
869,neutron,11.012228,2891.472723,-1.408762,-92.000000,0.891370,44.893988,-72.435149,0.212999,-0.672890,0.708414
1017,neutron,19511.576325,3396.006896,0.308278,-92.000000,2.583803,90.000000,-90.000000,0.000000,-1.000000,0.000000
1111,pi+,1263.233428,3116.761685,2.191696,-92.000000,-1.093999,82.735230,-87.819257,0.037746,-0.991254,0.126455
938,gamma,0.083274,3086.917443,-0.979229,-92.000000,-0.757306,85.946710,-113.142947,-0.392043,-0.917227,0.070684
939,neutron,19510.930733,0.000000,-1.905536,-92.000000,1.013902,89.768982,-90.325976,-0.005689,-0.999976,0.004032
940,neutron,19093.139419,0.000000,-2.532717,-92.000000,2.253339,88.374931,-89.142805,0.014954,-0.999486,0.028359
870,gamma,1.292836,3394.810823,-2.693149,-92.000000,-1.117552,116.671449,-125.206972,-0.515186,-0.730134,-0.448874
1018,mu+,1293.248433,534.315244,2.893562,-92.000000,1.587083,90.377117,-89.311201,0.012021,-0.999906,-0.006582
871,pi+,549.732729,879.645879,2.227709,-92.000000,1.413587,94.864095,-102.936273,-0.223061,-0.971110,-0.084793
1112,neutron,2.702948,2247.812770,0.222043,-92.000000,-1.406530,93.103452,-98.324951,-0.144575,-0.988012,-0.054139
872,neutron,2.750430,193.207063,-2.908396,-92.000000,0.683741,125.039544,-90.603225,-0.008620,-0.818711,-0.574142
941,kaon-,1744.057365,2469.266741,-1.995862,-92.000000,2.531512,89.300912,-97.052175,-0.122764,-0.992361,0.012201
942,neutron,21.715418,316.323662,2.772578,-92.000000,1.248066,62.644637,-91.030438,-0.015973,-0.888030,0.459508
943,pi+,10467.211454,311.534970,-1.491671,-92.000000,-1.148682,88.215706,-89.332630,0.011642,-0.999447,0.031137
873,gamma,0.651354,1931.402531,-1.189180,-92.000000,0.392138,63.839178,-123.994255,-0.501835,-0.744161,0.440892
874,neutron,19511.576325,0.381849,-1.197967,-92.000000,0.035308,90.000000,-90.000000,0.000000,-1.000000,0.000000
1019,neutron,11.505580,3166.385721,1.355927,-92.000000,-2.500441,91.932915,-102.760170,-0.220745,-0.974748,-0.033729
1114,neutron,0.095227,2239.339703,-1.718467,-92.000000,2.622729,90.102291,-86.221192,0.065905,-0.997824,-0.001785
875,pi-,805.671083,3116.685969,-0.289325,-92.000000,-1.402738,71.281492,-74.864816,0.247287,-0.914254,0.320919
877,neutron,19511.576325,0.000000,-2.030808,-92.000000,-1.039177,90.000000,-90.000000,0.000000,-1.000000,0.000000
878,neutron,19511.576325,3641.835834,1.737810,-92.000000,-2.217657,90.000000,-90.000000,0.000000,-1.000000,0.000000
879,neutron,19511.576325,0.000000,-1.971256,-92.000000,2.728836,90.000000,-90.000000,0.000000,-1.000000,0.000000
880,neutron,19511.576325,0.000000,-2.709862,-92.000000,-2.798352,90.000000,-90.000000,0.000000,-1.000000,0.000000
1115,neutron,4551.535539,674.742392,0.772345,-92.000000,-0.868007,89.483435,-89.420709,0.010110,-0.999908,0.009016
1116,neutron,19493.191218,0.000000,-1.621582,-92.000000,0.100495,90.050164,-91.942342,-0.033894,-0.999425,-0.000876
1021,neutron,0.765464,1263.884757,1.102254,-92.000000,0.980207,91.364991,-86.980874,0.052654,-0.998329,-0.023821
944,mu+,819.299640,1579.642126,-0.627124,-92.000000,1.276590,109.132353,-90.853176,-0.014068,-0.944659,-0.327751
1022,neutron,603.136835,1881.245198,-0.361255,-92.000000,2.289690,47.207749,-80.479220,0.121378,-0.723714,0.679342
1118,neutron,19511.576325,0.000000,-2.051397,-92.000000,-1.895765,90.000000,-90.000000,0.000000,-1.000000,0.000000
881,gamma,0.510999,3521.227784,1.871774,-92.000000,0.690291,59.315412,-89.759423,0.003611,-0.859982,0.510312
882,neutron,19511.576325,0.000000,-0.720441,-92.000000,1.891907,90.000000,-90.000000,0.000000,-1.000000,0.000000
883,neutron,19511.576325,1.046034,-0.409885,-92.000000,1.653764,90.000000,-90.000000,0.000000,-1.000000,0.000000
884,neutron,19511.094493,0.000000,1.919529,-92.000000,0.910283,90.057248,-90.331099,-0.005779,-0.999983,-0.000999
885,neutron,264.162458,562.225348,-2.890620,-92.000000,-0.195492,72.499387,-110.851947,-0.339479,-0.891249,0.300716
886,neutron,19511.218891,0.000000,-2.740899,-92.000000,-2.005668,89.715275,-90.051825,-0.000904,-0.999987,0.004969
887,neutron,19511.576325,0.000000,-1.547052,-92.000000,2.521148,90.000000,-90.000000,0.000000,-1.000000,0.000000
1119,anti_nu_mu,31.980807,2943.762138,1.838337,-92.000000,-2.963535,150.949581,-97.574448,-0.064006,-0.481342,-0.874193
1120,neutron,19511.576325,0.074646,0.015449,-92.000000,-0.214424,90.000000,-90.000000,0.000000,-1.000000,0.000000
1023,gamma,5.568653,1392.067051,-2.885107,-92.000000,-1.331662,107.362085,-115.837326,-0.415961,-0.859028,-0.298409
1024,neutron,19511.576325,0.000000,2.568294,-92.000000,-2.677239,90.000000,-90.000000,0.000000,-1.000000,0.000000
1025,gamma,1.754650,222.518839,1.173734,-92.000000,1.779836,64.322135,-35.187435,0.736561,-0.519345,0.433311
1026,neutron,19511.576325,0.000000,0.660630,-92.000000,0.195543,90.000000,-90.000000,0.000000,-1.000000,0.000000
1121,proton,519.018279,1223.090346,1.629804,-92.000000,0.105430,145.179230,-147.472538,-0.481439,-0.307035,-0.820942
888,neutron,103.846392,4374.116095,-0.646194,-92.000000,-0.569400,79.206718,-74.328569,0.265342,-0.945793,0.187266
945,e+,886.955718,1788.487399,1.189493,-92.000000,-2.605451,91.056496,-89.727494,0.004755,-0.999819,-0.018438
946,gamma,0.431175,498.388430,-1.349807,-92.000000,0.944452,105.047008,-85.862847,0.069671,-0.963197,-0.259611
1123,neutron,19511.321114,0.000000,0.712052,-92.000000,-2.396568,89.872102,-89.791570,0.003638,-0.999991,0.002232
889,mu+,803.570966,84.816865,1.547294,-92.000000,0.335290,91.672579,-89.717361,0.004931,-0.999562,-0.029188
947,neutron,39.379425,2491.294950,1.795293,-92.000000,2.643156,75.981015,-83.105878,0.116460,-0.963201,0.242243
1124,neutron,19511.576325,2992.079924,-1.867618,-92.000000,-0.198069,90.000000,-90.000000,0.000000,-1.000000,0.000000
948,neutron,19510.249588,913.572312,0.231492,-92.000000,-1.053701,89.772052,-89.885985,0.001990,-0.999990,0.003978
890,neutron,60.273131,1088.917212,2.031868,-92.000000,-1.939023,77.045218,-85.276507,0.080251,-0.971237,0.224182
891,neutron,19511.576325,0.037811,-2.626490,-92.000000,0.937102,90.000000,-90.000000,0.000000,-1.000000,0.000000
1125,neutron,51.604219,1372.141425,-0.210037,-92.000000,-2.099488,133.560262,-115.275252,-0.309402,-0.655277,-0.689117
1126,neutron,63.705094,2022.046469,-1.706839,-92.000000,0.862957,118.867072,-111.899996,-0.326641,-0.812545,-0.482779
892,gamma,0.705119,2201.273549,1.044001,-92.000000,-0.747106,104.675694,-37.014595,0.772432,-0.582378,-0.253348
893,neutron,19511.576325,0.000000,-0.571027,-92.000000,-0.683357,90.000000,-90.000000,0.000000,-1.000000,0.000000
949,neutron,0.004143,3321.900647,1.151596,-92.000000,-1.321103,99.275865,-63.937252,0.433610,-0.886567,-0.161188
1029,pi+,272.150853,4365.332243,-1.036797,-92.000000,-2.179589,102.189824,-110.127037,-0.336344,-0.917762,-0.211151
1030,neutron,19510.929810,0.000000,0.366836,-92.000000,-1.771580,90.373773,-89.891428,0.001895,-0.999977,-0.006524
1127,mu+,451.760787,83.520961,1.174136,-92.000000,0.155456,87.116024,-92.798930,-0.048769,-0.997542,0.050314
894,e-,15.750870,123.092937,-0.188666,-92.000000,1.635508,116.503846,-111.132330,-0.322634,-0.834722,-0.446258
1032,gamma,0.510999,284.868546,-1.276489,-92.000000,-2.982763,144.925355,-111.794114,-0.213349,-0.533570,-0.818404
1033,gamma,0.744306,88.438250,0.933146,-92.000000,2.009104,97.435793,-114.378479,-0.409291,-0.903179,-0.129415
1034,neutron,19510.771085,0.000000,-1.132705,-92.000000,0.501400,89.593607,-89.993991,0.000105,-0.999975,0.007093
1035,neutron,19511.576325,0.351257,-2.073771,-92.000000,-2.847946,90.000000,-90.000000,0.000000,-1.000000,0.000000
950,pi-,1035.294253,3426.080209,-1.656887,-92.000000,1.586153,104.317376,-84.318229,0.095928,-0.964180,-0.247293
895,proton,12527.105386,2973.660517,-0.081380,-92.000000,-2.870686,89.405497,-90.269854,-0.004710,-0.999935,0.010376
1036,neutron,76.443456,1586.313320,-0.076417,-92.000000,-2.210104,95.662511,-125.201090,-0.573635,-0.813147,-0.098669
1037,neutron,19511.576325,140.432627,-2.009145,-92.000000,0.043833,90.000000,-90.000000,0.000000,-1.000000,0.000000
1038,neutron,19511.576325,0.000000,1.739416,-92.000000,-0.420137,90.000000,-90.000000,0.000000,-1.000000,0.000000
1039,neutron,19511.576325,15.103837,1.170541,-92.000000,0.502573,90.000000,-90.000000,0.000000,-1.000000,0.000000
1129,e+,7.033393,1765.531356,-1.021869,-92.000000,0.570200,57.007809,-108.097179,-0.260539,-0.797253,0.544525
1130,neutron,19511.576325,0.000000,1.276668,-92.000000,0.672523,90.000000,-90.000000,0.000000,-1.000000,0.000000
951,gamma,0.179469,2678.717812,2.490679,-92.000000,-2.831796,121.102407,-83.970253,0.089944,-0.851508,-0.516569
896,neutron,7.408367,2197.983700,1.206846,-92.000000,-0.909154,61.834607,-102.315900,-0.188044,-0.861300,0.472018
1040,neutron,2.243861,1765.792882,-0.743055,-92.000000,-0.656109,124.081463,-117.210817,-0.378727,-0.736580,-0.560371
1041,neutron,19511.576325,0.000000,-1.633143,-92.000000,0.029271,90.000000,-90.000000,0.000000,-1.000000,0.000000
1042,neutron,19511.576325,0.000000,0.983036,-92.000000,0.130545,90.000000,-90.000000,0.000000,-1.000000,0.000000
897,neutron,19511.339990,758.518263,-1.496101,-92.000000,1.287383,90.018432,-89.765398,0.004095,-0.999992,-0.000322
1043,neutron,19511.576325,1207.508443,2.800252,-92.000000,1.047972,90.000000,-90.000000,0.000000,-1.000000,0.000000
1131,gamma,0.103253,3084.888529,-2.394322,-92.000000,-0.697198,95.327107,-146.423367,-0.829548,-0.550663,-0.092842
953,neutron,216.709485,642.728250,0.717610,-92.000000,-0.577949,73.382124,-127.024458,-0.577006,-0.765033,0.285987
1132,mu+,286.183756,95.354017,1.740598,-92.000000,-2.728428,98.263665,-79.569877,0.179157,-0.973265,-0.143729
1044,gamma,75.965803,2734.469758,2.164121,-92.000000,2.234539,84.046711,-79.590570,0.179707,-0.978237,0.103718
898,gamma,22.448667,19.306488,-0.831937,-92.000000,2.728994,100.682799,-92.286164,-0.039199,-0.981886,-0.185372
954,gamma,0.059074,2953.572351,-2.672941,-92.000000,1.245064,89.839385,-116.498832,-0.446178,-0.894940,0.002803
899,gamma,0.498232,348.940685,1.053679,-92.000000,-1.981143,71.681802,-108.882286,-0.307225,-0.898238,0.314294
1046,neutron,19511.491515,0.000000,1.424043,-92.000000,2.160289,89.904278,-89.909253,0.001584,-0.999997,0.001671
1133,gamma,2.015352,629.399433,-1.907505,-92.000000,-0.394298,90.057631,-98.204231,-0.142702,-0.989765,-0.001006
1200,pi+,740.663903,1186.529941,2.208330,-92.000000,0.032094,87.052088,-85.192354,0.083700,-0.995163,0.051428
1047,e+,28.187707,2237.179674,-0.784692,-92.000000,-0.989953,72.575847,-56.303932,0.529330,-0.793816,0.299443
1134,neutron,19509.571244,24.023955,-1.847488,-92.000000,-2.798982,90.079705,-89.721414,0.004862,-0.999987,-0.001391
1135,neutron,19511.576325,0.165083,-0.024705,-92.000000,-0.941892,90.000000,-90.000000,0.000000,-1.000000,0.000000
955,gamma,2.671750,1977.504441,-1.094655,-92.000000,1.716364,65.836194,-73.929707,0.252561,-0.876726,0.409347
956,proton,8269.784604,1197.532881,2.531349,-92.000000,-2.579202,91.068324,-90.493909,-0.008619,-0.999789,-0.018645
1048,gamma,0.077763,2225.695929,0.168433,-92.000000,2.390349,55.608533,-44.460320,0.588973,-0.577981,0.564844
1049,neutron,19511.446146,0.000000,-0.404485,-92.000000,0.625386,90.206966,-89.897440,0.001790,-0.999992,-0.003612
1050,gamma,1.563791,581.395683,-1.919111,-92.000000,-2.937736,112.392926,-115.680050,-0.400668,-0.833269,-0.380956
957,neutron,1500.246600,3059.665171,2.293801,-92.000000,-2.066044,108.288779,-98.433042,-0.139246,-0.939221,-0.313807
958,neutron,18440.158310,0.493171,1.209661,-92.000000,-1.956067,88.755387,-91.916753,-0.033440,-0.999205,0.021721
1137,gamma,0.069191,207.173997,-1.504145,-92.000000,-1.496893,120.772619,-115.815238,-0.374158,-0.773458,-0.511632
1138,neutron,0.000038,1889.380146,1.973792,-92.000000,-0.848406,78.809910,-81.624066,0.142898,-0.970525,0.194065
1203,neutron,19511.576325,0.000000,-0.909580,-92.000000,-2.289399,90.000000,-90.000000,0.000000,-1.000000,0.000000
1204,neutron,19511.325204,0.399915,1.658826,-92.000000,-2.424172,89.960671,-89.760635,0.004178,-0.999991,0.000686
959,gamma,6.922942,2655.697938,-0.968081,-92.000000,-1.640214,126.835029,-123.388686,-0.440454,-0.668270,-0.599513
1051,neutron,0.149309,1956.497261,1.241676,-92.000000,-0.687571,118.061244,-87.660254,0.036026,-0.881710,-0.470415
1052,neutron,19508.600751,17.421450,1.363449,-92.000000,-1.572332,90.189745,-90.813226,-0.014193,-0.999894,-0.003312
1139,gamma,0.099162,1504.759017,-0.722216,-92.000000,1.193414,57.928093,-99.370072,-0.137963,-0.836076,0.530983
960,neutron,2.963059,2645.641593,-0.759471,-92.000000,1.173666,104.518890,-66.741113,0.382276,-0.889390,-0.250699
1206,gamma,1.700827,2879.501694,1.035926,-92.000000,0.120287,100.201009,-96.920960,-0.118595,-0.977021,-0.177102
1207,neutron,79.577275,1483.882858,2.948112,-92.000000,-1.886949,131.429995,-70.539587,0.249788,-0.706932,-0.661704
1055,neutron,19511.576325,0.000000,1.465248,-92.000000,-2.882003,90.000000,-90.000000,0.000000,-1.000000,0.000000
1056,kaon-,675.003194,951.460096,1.847436,-92.000000,0.347924,80.470501,-99.014450,-0.154521,-0.974020,0.165555
1057,pi+,764.151423,1730.294897,-0.810185,-92.000000,0.777829,73.818341,-94.314623,-0.072253,-0.957661,0.278684
1142,neutron,19466.922438,0.000000,-2.085366,-92.000000,2.756047,89.860362,-89.280230,0.012562,-0.999918,0.002437
1208,e+,531.037915,3005.225306,2.688809,-92.000000,0.789240,119.570077,-70.482670,0.290577,-0.819777,-0.493488
1209,neutron,19511.576325,225.861883,1.060527,-92.000000,-2.587970,90.000000,-90.000000,0.000000,-1.000000,0.000000
1058,gamma,0.130370,3109.694285,-2.274557,-92.000000,-2.830551,122.741295,-133.337896,-0.577261,-0.611763,-0.540847
1210,gamma,1802.915812,2.483625,1.078209,-92.000000,-2.453262,91.658784,-90.327135,-0.005707,-0.999565,-0.028947
1211,neutron,19511.576325,495.060365,-1.217051,-92.000000,0.468737,90.000000,-90.000000,0.000000,-1.000000,0.000000
963,neutron,16386.184373,0.000000,1.690158,-92.000000,-1.721138,90.991704,-90.028921,-0.000505,-0.999850,-0.017308
1059,gamma,0.171053,1301.523348,-0.357966,-92.000000,0.039873,128.913426,-126.479986,-0.462611,-0.625639,-0.628145
964,neutron,7.193686,973.849781,-1.052360,-92.000000,-1.774857,145.082848,-77.587991,0.123030,-0.559013,-0.819981
1212,neutron,7.741217,3704.301817,0.759858,-92.000000,-0.292477,81.914569,-47.007996,0.675118,-0.724178,0.140649
1213,neutron,8176.410476,801.647196,1.388069,-92.000000,-2.991768,90.287859,-86.129782,0.067496,-0.997707,-0.005024
1060,neutron,17222.023404,57.992183,2.563038,-92.000000,0.550494,89.842164,-90.137123,-0.002393,-0.999993,0.002755
965,pi-,1380.117424,2127.192798,0.030796,-92.000000,-0.413856,91.275453,-80.392572,0.166855,-0.985730,-0.022259
1214,neutron,19511.394984,2154.013882,0.943188,-92.000000,-2.171307,90.248245,-90.065387,-0.001141,-0.999990,-0.004333
1061,gamma,0.100718,1114.692536,-1.823446,-92.000000,0.564939,98.169102,-93.944967,-0.068100,-0.987508,-0.142095
1062,neutron,19511.576325,0.135486,0.828573,-92.000000,1.627874,90.000000,-90.000000,0.000000,-1.000000,0.000000
1063,neutron,19511.576325,0.000000,-0.117940,-92.000000,2.713103,90.000000,-90.000000,0.000000,-1.000000,0.000000
1064,neutron,1956.160982,1842.768291,1.706228,-92.000000,1.146143,94.969504,-98.036123,-0.139272,-0.986458,-0.086625
1065,neutron,19511.576325,0.000000,2.336925,-92.000000,-1.286547,90.000000,-90.000000,0.000000,-1.000000,0.000000
1215,neutron,19511.576325,2945.961555,2.852608,-92.000000,-0.672387,90.000000,-90.000000,0.000000,-1.000000,0.000000
1216,gamma,0.071497,1076.247195,2.346384,-92.000000,1.163527,101.115230,-50.332311,0.626360,-0.755320,-0.192783
1217,neutron,19339.751390,0.000000,1.315898,-92.000000,-2.536857,89.580848,-91.896689,-0.033097,-0.999425,0.007316
1218,neutron,19511.576325,0.000000,0.750843,-92.000000,-2.418431,90.000000,-90.000000,0.000000,-1.000000,0.000000
966,neutron,3.035522,3968.403450,1.012447,-92.000000,-0.147260,125.794198,-83.872303,0.086583,-0.806489,-0.584876
967,neutron,19511.576325,0.000000,-1.986489,-92.000000,2.245311,90.000000,-90.000000,0.000000,-1.000000,0.000000
1144,gamma,0.339118,4266.046307,2.765658,-92.000000,1.173236,91.100298,-84.189722,0.101216,-0.994679,-0.019203
1145,neutron,19446.972540,0.000000,-0.878968,-92.000000,1.982655,89.568691,-89.628221,0.006489,-0.999951,0.007528
968,neutron,19511.576325,1389.187041,1.961617,-92.000000,-0.764692,90.000000,-90.000000,0.000000,-1.000000,0.000000
1068,gamma,0.255202,1117.073871,-2.459459,-92.000000,-1.961001,111.764644,-81.557527,0.136350,-0.918651,-0.370795
969,neutron,19511.576325,3047.957644,-1.712217,-92.000000,0.031450,90.000000,-90.000000,0.000000,-1.000000,0.000000
1219,e+,488.909811,1649.855274,1.484165,-92.000000,-1.740099,95.082235,-87.714309,0.039725,-0.995276,-0.088585
1220,neutron,19511.576325,0.190432,-1.597195,-92.000000,0.851150,90.000000,-90.000000,0.000000,-1.000000,0.000000
1147,pi-,892.074873,1612.089636,-0.291028,-92.000000,1.490613,93.106758,-73.072581,0.290732,-0.955268,-0.054197
1221,neutron,19511.576325,148.511533,0.237941,-92.000000,1.321061,90.000000,-90.000000,0.000000,-1.000000,0.000000
1069,gamma,1.072975,1359.666602,-2.163519,-92.000000,1.120136,103.155671,-77.196379,0.215794,-0.949543,-0.227598
1070,neutron,19511.576325,0.000000,0.866768,-92.000000,-0.886694,90.000000,-90.000000,0.000000,-1.000000,0.000000
1222,gamma,2.059010,993.114401,0.208504,-92.000000,-2.910986,99.095585,-43.038448,0.721706,-0.673907,-0.158082
970,mu+,614.204372,1748.843282,-2.496542,-92.000000,-1.530860,87.590032,-101.288041,-0.195568,-0.979788,0.042049
1224,neutron,19511.576325,0.000000,1.466147,-92.000000,1.088566,90.000000,-90.000000,0.000000,-1.000000,0.000000
1148,gamma,0.097324,4069.993535,0.993644,-92.000000,-1.163636,112.384386,-46.912929,0.631637,-0.675287,-0.380818
1149,neutron,19511.576325,0.000000,2.363163,-92.000000,2.405302,90.000000,-90.000000,0.000000,-1.000000,0.000000
1150,neutron,19511.576325,0.209136,2.064969,-92.000000,0.893677,90.000000,-90.000000,0.000000,-1.000000,0.000000
1151,neutron,19511.576325,0.000000,0.248331,-92.000000,-2.099018,90.000000,-90.000000,0.000000,-1.000000,0.000000
1152,neutron,19510.808788,0.000000,0.934587,-92.000000,0.781281,89.583024,-89.922640,0.001350,-0.999973,0.007278
972,neutron,8.036951,1093.083992,-0.301882,-92.000000,-1.675705,86.128286,-94.385383,-0.076290,-0.994797,0.067523
1072,gamma,0.686497,548.924743,1.462245,-92.000000,-2.832050,83.771385,-89.217168,0.013582,-0.994004,0.108496
1073,neutron,19511.576325,288.749813,-1.691103,-92.000000,0.287047,90.000000,-90.000000,0.000000,-1.000000,0.000000
973,neutron,57.711860,955.280904,2.682989,-92.000000,-2.556119,86.518792,-64.983625,0.422097,-0.904515,0.060721
1074,proton,11749.479016,90.089302,-1.868127,-92.000000,2.133848,86.069374,-88.505713,0.026016,-0.997309,0.068549
1075,neutron,19511.576325,0.000000,0.439609,-92.000000,2.372786,90.000000,-90.000000,0.000000,-1.000000,0.000000
1226,neutron,19511.576325,0.090235,-0.568113,-92.000000,1.678049,90.000000,-90.000000,0.000000,-1.000000,0.000000
1153,neutron,351.244661,3105.381053,2.455021,-92.000000,1.252688,71.643141,-55.088312,0.543190,-0.778306,0.314934
974,neutron,0.860437,1786.219945,-1.642546,-92.000000,1.062436,84.012556,-80.441496,0.165149,-0.980737,0.104311
975,neutron,19509.636628,452.438566,-1.806852,-92.000000,-0.086421,89.670185,-90.537744,-0.009385,-0.999939,0.005756
976,neutron,18562.117922,95.063829,-0.791840,-92.000000,2.750322,87.680492,-90.480420,-0.008378,-0.999146,0.040472
977,neutron,19511.368099,0.000000,1.551307,-92.000000,2.184932,89.954764,-90.216206,-0.003773,-0.999993,0.000790
978,neutron,19511.514797,0.000000,1.893535,-92.000000,-1.957340,89.843112,-90.024563,-0.000429,-0.999996,0.002738
1227,neutron,8686.813390,2462.278556,-1.363472,-92.000000,1.894484,92.635050,-88.886829,0.019407,-0.998754,-0.045974
1154,e+,142.195094,3743.783241,-2.603552,-92.000000,-2.771002,98.669474,-91.647302,-0.028418,-0.988166,-0.150734
1228,gamma,0.069471,2025.087344,0.604915,-92.000000,-1.320521,74.508995,-70.634032,0.319555,-0.909148,0.267087
979,gamma,0.077701,3314.909379,2.897274,-92.000000,-0.249565,111.351962,-48.750702,0.614081,-0.700242,-0.364096
1155,neutron,19510.754197,0.189482,1.909056,-92.000000,0.091260,89.846609,-89.448146,0.009631,-0.999950,0.002677
1229,neutron,19511.576325,1470.732796,-1.952929,-92.000000,1.553636,90.000000,-90.000000,0.000000,-1.000000,0.000000
1076,e+,194.240457,4249.179271,1.169572,-92.000000,0.873903,82.227702,-96.856773,-0.118291,-0.983727,0.135237
1077,neutron,24.988368,2508.229269,2.147065,-92.000000,-0.552918,86.502085,-48.441591,0.662147,-0.746886,0.061012
1078,neutron,19511.576325,0.000000,-2.594522,-92.000000,-0.756545,90.000000,-90.000000,0.000000,-1.000000,0.000000
1230,neutron,1.262055,1831.821869,0.952731,-92.000000,-1.405643,81.831442,-63.252014,0.445501,-0.883935,0.142086
980,gamma,7.468232,4848.908539,1.899261,-92.000000,1.017895,60.398125,-66.345224,0.348857,-0.796425,0.493970
1156,gamma,0.475331,4285.025712,1.425572,-92.000000,2.717778,77.008669,-83.727390,0.106463,-0.968571,0.224804
1079,neutron,3.112923,722.470383,-0.862752,-92.000000,2.980436,75.721135,-66.349060,0.388770,-0.887708,0.246642
981,neutron,19511.576325,2506.819221,-1.000965,-92.000000,0.837498,90.000000,-90.000000,0.000000,-1.000000,0.000000
982,neutron,19442.096498,0.000000,0.556622,-92.000000,2.701956,89.063044,-90.428696,-0.007481,-0.999838,0.016352
1231,gamma,1.651930,1315.218333,-1.507026,-92.000000,-1.608284,140.879213,-85.148774,0.053359,-0.628697,-0.775818
1232,neutron,51.957655,1409.640963,-2.025838,-92.000000,1.225378,100.181125,-98.184817,-0.140125,-0.974228,-0.176761
1158,neutron,19511.576325,3384.367388,-0.820808,-92.000000,0.917844,90.000000,-90.000000,0.000000,-1.000000,0.000000
1080,gamma,0.119878,2094.517571,-1.351834,-92.000000,-2.113310,78.544683,-93.572903,-0.061077,-0.978175,0.198604
1233,neutron,260.955347,0.000000,-0.078760,-92.000000,1.938269,80.171066,-92.195354,-0.037745,-0.984599,0.170707
1159,proton,16123.313907,400.449323,-1.559779,-92.000000,-1.558885,89.166686,-90.080497,-0.001405,-0.999893,0.014544
1161,neutron,19511.576325,467.225279,-1.150892,-92.000000,1.049227,90.000000,-90.000000,0.000000,-1.000000,0.000000
1162,neutron,19511.576325,0.018740,0.770472,-92.000000,-0.963861,90.000000,-90.000000,0.000000,-1.000000,0.000000
984,gamma,0.663046,5013.586340,1.401797,-92.000000,0.320383,89.092609,-84.989199,0.087333,-0.996053,0.015836
1163,pi+,1411.954916,1963.343093,0.459422,-92.000000,-1.640839,84.119402,-89.804866,0.003388,-0.994732,0.102456
1082,neutron,19511.576325,0.000000,-2.616558,-92.000000,1.455420,90.000000,-90.000000,0.000000,-1.000000,0.000000
1083,neutron,19511.576325,0.000000,1.342213,-92.000000,-0.271272,90.000000,-90.000000,0.000000,-1.000000,0.000000
1084,neutron,19511.576325,0.000000,0.519828,-92.000000,0.211901,90.000000,-90.000000,0.000000,-1.000000,0.000000
1164,gamma,68.781187,82.473773,1.801659,-92.000000,2.425500,112.688618,-106.451306,-0.261285,-0.884844,-0.385723
1165,neutron,19511.576325,920.686072,0.614872,-92.000000,-2.885026,90.000000,-90.000000,0.000000,-1.000000,0.000000
1234,neutron,2.460823,2246.661051,-0.090568,-92.000000,1.641926,56.202677,-111.406725,-0.303307,-0.773682,0.556257
1166,neutron,19510.961919,183.804189,2.938400,-92.000000,-1.760066,89.808237,-89.672590,0.005714,-0.999978,0.003347
1167,neutron,19511.576325,0.000000,-0.992524,-92.000000,-2.937602,90.000000,-90.000000,0.000000,-1.000000,0.000000
985,nu_mu,29.791916,3141.422797,-1.488626,-92.000000,0.030802,115.850158,-137.175737,-0.660052,-0.611734,-0.436019
986,neutron,19511.576325,0.000000,-1.157234,-92.000000,1.346178,90.000000,-90.000000,0.000000,-1.000000,0.000000
987,neutron,19511.576325,0.000000,-1.278411,-92.000000,1.426623,90.000000,-90.000000,0.000000,-1.000000,0.000000
1085,e-,0.568296,2403.186414,0.977749,-92.000000,0.058929,18.655141,-126.641585,-0.190902,-0.256660,0.947461
1168,neutron,19511.576325,1316.635764,0.412981,-92.000000,2.389039,90.000000,-90.000000,0.000000,-1.000000,0.000000
1169,neutron,19511.576325,0.000000,0.146169,-92.000000,-1.254148,90.000000,-90.000000,0.000000,-1.000000,0.000000
1235,neutron,0.282279,1926.580527,1.141625,-92.000000,-2.882643,129.742337,-79.687713,0.137648,-0.756507,-0.639336
1236,neutron,19511.549383,374.265663,0.384779,-92.000000,-2.217164,90.061550,-89.949754,0.000877,-0.999999,-0.001074
988,proton,4050.783022,3105.682965,-0.294054,-92.000000,2.854795,90.251674,-97.827402,-0.136188,-0.990673,-0.004393
990,neutron,19511.576325,1176.675546,-1.786425,-92.000000,-2.580505,90.000000,-90.000000,0.000000,-1.000000,0.000000
1171,pi+,1996.902158,2574.706075,2.177438,-92.000000,0.964798,91.681753,-91.803861,-0.031465,-0.999074,-0.029348
1237,neutron,1129.061582,1979.847475,-1.616991,-92.000000,0.418725,96.651597,-88.838613,0.020132,-0.993065,-0.115832
1238,neutron,19510.889657,0.000000,-2.192117,-92.000000,-2.316709,90.002155,-90.505365,-0.008820,-0.999961,-0.000038
1239,neutron,19511.576325,0.000000,-0.574970,-92.000000,2.209733,90.000000,-90.000000,0.000000,-1.000000,0.000000
1240,neutron,19511.576325,0.000000,1.530342,-92.000000,-0.605295,90.000000,-90.000000,0.000000,-1.000000,0.000000
991,gamma,1.570944,262.106993,1.539098,-92.000000,2.283752,99.231404,-105.443954,-0.262847,-0.951408,-0.160422
992,neutron,19511.576325,0.000000,-0.636465,-92.000000,-2.817891,90.000000,-90.000000,0.000000,-1.000000,0.000000
1087,gamma,0.594445,398.331870,-0.305927,-92.000000,1.832849,48.765348,-44.476187,0.536595,-0.526872,0.659144
1241,neutron,19511.576325,1107.319596,1.987452,-92.000000,2.970801,90.000000,-90.000000,0.000000,-1.000000,0.000000
1172,neutron,2.882260,1777.787548,-1.239719,-92.000000,-2.782671,130.302544,-60.945884,0.370365,-0.666670,-0.646824
1174,neutron,19511.576325,0.100441,-0.961918,-92.000000,0.536904,90.000000,-90.000000,0.000000,-1.000000,0.000000
993,gamma,0.426293,342.987425,2.342194,-92.000000,-1.460903,90.340579,-75.524896,0.249955,-0.968239,-0.005944
1088,neutron,19511.576325,1642.827547,-0.824066,-92.000000,1.764472,90.000000,-90.000000,0.000000,-1.000000,0.000000
1242,proton,1188.293509,752.205084,1.845516,-92.000000,-1.804980,75.794599,-97.116555,-0.120100,-0.961954,0.245399
1175,gamma,0.132048,2035.449568,0.651810,-92.000000,2.413998,82.171659,-63.747586,0.438204,-0.888496,0.136206
1176,neutron,19511.576325,0.170618,-2.542580,-92.000000,-2.608085,90.000000,-90.000000,0.000000,-1.000000,0.000000
994,e+,63.540494,2582.304992,-0.142594,-92.000000,1.375590,64.952811,-75.198234,0.231450,-0.875896,0.423365
1243,neutron,37.291147,1948.800621,-0.243887,-92.000000,-1.129093,72.975784,-71.776323,0.299024,-0.908222,0.292776
1244,neutron,19511.263664,0.000000,0.907303,-92.000000,1.813883,90.117525,-89.775663,0.003915,-0.999990,-0.002051
995,neutron,19509.392467,786.472923,2.336463,-92.000000,-1.493248,89.887817,-89.060546,0.016396,-0.999864,0.001958
1178,neutron,19511.576325,0.000000,1.690160,-92.000000,-2.076963,90.000000,-90.000000,0.000000,-1.000000,0.000000
1179,neutron,19511.576325,0.000000,-0.438438,-92.000000,2.017111,90.000000,-90.000000,0.000000,-1.000000,0.000000
1245,gamma,28.297936,243.686750,2.763348,-92.000000,2.753431,84.818926,-67.464595,0.381688,-0.919869,0.090304
1090,gamma,0.319807,3065.602764,-2.900609,-92.000000,-1.083019,105.905254,-96.755501,-0.113129,-0.955039,-0.274047
1246,neutron,19509.168481,450.764439,-0.803482,-92.000000,-1.128235,90.671569,-89.792642,0.003619,-0.999925,-0.011721
1247,neutron,19499.188225,0.000000,0.181580,-92.000000,0.919895,88.395654,-89.424797,0.010035,-0.999558,0.027997
996,neutron,19511.576325,5631.887443,2.768560,-92.000000,1.648170,90.000000,-90.000000,0.000000,-1.000000,0.000000
1091,proton,901.330837,2526.860720,0.595818,-92.000000,2.035406,70.721996,-80.021621,0.163561,-0.929649,0.330152
1248,neutron,2.577046,2080.526641,2.239164,-92.000000,-1.025560,87.079550,-49.225738,0.652232,-0.756305,0.050949
1180,pi+,1795.924976,3284.664207,-0.218609,-92.000000,-1.317049,96.830792,-93.397893,-0.058849,-0.991156,-0.118938
1092,gamma,0.217577,419.786235,1.028723,-92.000000,0.489160,86.942209,-123.519925,-0.551441,-0.832507,0.053343
1093,neutron,82.067873,113.250227,0.918963,-92.000000,-0.172659,97.332586,-86.533286,0.059974,-0.990007,-0.127629
1094,neutron,19511.576325,0.000000,0.362984,-92.000000,-1.204752,90.000000,-90.000000,0.000000,-1.000000,0.000000
1095,neutron,19511.561445,1016.069413,-0.464215,-92.000000,-1.257959,89.943169,-89.983970,0.000280,-0.999999,0.000992
997,pi+,892.990515,1916.463537,-0.165441,-92.000000,0.726175,98.009400,-123.232333,-0.542689,-0.828296,-0.139336
1181,neutron,0.186628,606.766695,2.249730,-92.000000,-0.246204,108.230013,-104.421077,-0.236546,-0.919881,-0.312832
1096,neutron,19511.576325,1265.145899,-1.239794,-92.000000,0.318370,90.000000,-90.000000,0.000000,-1.000000,0.000000
1097,neutron,19511.576325,1.142877,-2.711681,-92.000000,1.896718,90.000000,-90.000000,0.000000,-1.000000,0.000000
998,gamma,1.220914,1900.645417,2.975622,-92.000000,0.374365,58.663718,-78.131350,0.175668,-0.835870,0.520060
999,neutron,19511.576325,0.000000,-1.270793,-92.000000,2.039514,90.000000,-90.000000,0.000000,-1.000000,0.000000
1182,pi+,1868.231466,2671.512745,-1.721142,-92.000000,-0.210886,99.828242,-83.652736,0.108932,-0.979284,-0.170695
1300,neutron,6.263967,435.931685,-0.068017,-92.000000,-1.570019,78.106776,-134.719348,-0.688530,-0.695309,0.206088
1098,proton,18367.766464,106.275843,1.316022,-92.000000,1.000229,88.369915,-90.463863,-0.008093,-0.999563,0.028447
1099,neutron,19511.576325,185.632991,2.643727,-92.000000,1.983365,90.000000,-90.000000,0.000000,-1.000000,0.000000
1249,e+,152.379534,233.966385,-2.918365,-92.000000,1.503827,92.596481,-92.997052,-0.052231,-0.997607,-0.045302
1250,neutron,19511.576325,0.000000,0.288491,-92.000000,-1.816435,90.000000,-90.000000,0.000000,-1.000000,0.000000
1251,mu-,781.658236,1802.983152,0.606812,-92.000000,-2.140164,126.609905,-113.817046,-0.324150,-0.734355,-0.596364
1252,pi-,8146.344014,494.919894,-2.236249,-92.000000,2.346980,88.910000,-89.868856,0.002288,-0.999816,0.019023
1253,mu-,3594.419531,288.489590,0.828466,-92.000000,-2.246628,90.746275,-90.698063,-0.012182,-0.999841,-0.013025
1254,neutron,19511.576325,0.000000,-1.442053,-92.000000,-0.548504,90.000000,-90.000000,0.000000,-1.000000,0.000000
1255,neutron,5.737592,771.930235,1.326051,-92.000000,0.481123,59.715437,-100.850362,-0.162555,-0.848093,0.504295
1400,neutron,7540.509476,5397.068290,-1.749703,-92.000000,-0.556309,90.960095,-89.245957,0.013158,-0.999773,-0.016756
1401,neutron,19511.351586,0.864525,0.386284,-92.000000,-1.419321,89.856007,-90.178680,-0.003119,-0.999992,0.002513
1256,neutron,19288.712154,647.121396,1.302118,-92.000000,0.159948,88.790455,-89.033846,0.016858,-0.999635,0.021109
1257,neutron,19511.347712,0.000000,-1.300655,-92.000000,2.372555,90.069612,-89.779269,0.003852,-0.999992,-0.001215
1184,neutron,0.069769,1689.263904,-1.022831,-92.000000,-2.563280,102.396394,-84.884651,0.087082,-0.972796,-0.214674
1302,neutron,19511.576325,89.433423,0.046459,-92.000000,0.628113,90.000000,-90.000000,0.000000,-1.000000,0.000000
1303,neutron,19511.576325,138.024217,-0.321349,-92.000000,-0.078922,90.000000,-90.000000,0.000000,-1.000000,0.000000
1304,neutron,19511.576325,0.000000,1.079457,-92.000000,1.015070,90.000000,-90.000000,0.000000,-1.000000,0.000000
1258,neutron,0.000062,1535.184802,-0.616731,-92.000000,0.219415,62.039650,-109.418211,-0.293653,-0.833029,0.468860
1185,pi+,569.286340,1799.955222,0.835961,-92.000000,0.562408,76.959249,-99.361086,-0.158461,-0.961236,0.225644
1402,gamma,0.089697,3374.446477,1.346618,-92.000000,0.772072,74.791713,-57.876208,0.513128,-0.817241,0.262329
1187,neutron,19511.576325,350.262996,1.715188,-92.000000,0.720080,90.000000,-90.000000,0.000000,-1.000000,0.000000
1305,e+,10.331763,2363.028544,-1.773375,-92.000000,-0.717224,58.906098,-80.620058,0.139564,-0.844872,0.516442
1307,neutron,19511.576325,0.000000,-2.259261,-92.000000,1.097188,90.000000,-90.000000,0.000000,-1.000000,0.000000
1403,gamma,1.252941,2049.548830,-0.208342,-92.000000,-0.084220,53.672898,-103.747921,-0.191463,-0.782567,0.592394
1260,neutron,19511.576325,4092.029942,1.336660,-92.000000,-2.185154,90.000000,-90.000000,0.000000,-1.000000,0.000000
1261,neutron,19511.576325,0.729831,-1.633741,-92.000000,-1.616930,90.000000,-90.000000,0.000000,-1.000000,0.000000
1262,neutron,19511.576325,0.000000,-2.733817,-92.000000,1.342731,90.000000,-90.000000,0.000000,-1.000000,0.000000
1263,neutron,19511.556920,0.000000,-1.563881,-92.000000,-0.520455,89.948955,-89.962917,0.000647,-0.999999,0.000891
1188,pi+,193.836366,2204.607857,-1.745025,-92.000000,2.810931,66.974659,-128.602234,-0.574204,-0.719236,0.391138
1308,gamma,0.717647,1597.996374,-0.403829,-92.000000,-0.386664,52.907650,-85.434124,0.063498,-0.795133,0.603101
1309,neutron,19511.576325,0.000000,2.948516,-92.000000,-2.614680,90.000000,-90.000000,0.000000,-1.000000,0.000000
1311,neutron,19510.954938,0.000000,-2.562426,-92.000000,-1.019083,90.128760,-90.308399,-0.005383,-0.999983,-0.002247
1312,neutron,19511.576325,0.000000,-0.490280,-92.000000,1.838159,90.000000,-90.000000,0.000000,-1.000000,0.000000
1404,neutron,19511.576325,1578.186002,0.460103,-92.000000,1.888731,90.000000,-90.000000,0.000000,-1.000000,0.000000
1405,neutron,19511.576325,428.041135,-1.432488,-92.000000,2.399319,90.000000,-90.000000,0.000000,-1.000000,0.000000
1313,neutron,7.320332,911.602646,-1.392146,-92.000000,2.854858,68.932231,-65.257749,0.390560,-0.847492,0.359472
1314,neutron,19511.439612,2129.832220,0.474219,-92.000000,0.420034,89.907762,-89.782000,0.003805,-0.999991,0.001610
1315,neutron,19511.576325,0.000000,2.382889,-92.000000,1.033967,90.000000,-90.000000,0.000000,-1.000000,0.000000
1316,neutron,19511.576325,0.000000,-0.078796,-92.000000,0.802307,90.000000,-90.000000,0.000000,-1.000000,0.000000
1189,pi-,862.273592,1582.823365,2.743358,-92.000000,0.647597,56.492374,-68.758344,0.302092,-0.777164,0.552048
1264,pi+,1848.861536,2693.024866,0.038131,-92.000000,-2.605756,105.494776,-95.162564,-0.086711,-0.959746,-0.267151
1265,neutron,19511.401417,220.604028,-0.573299,-92.000000,1.290587,89.734563,-90.035058,-0.000612,-0.999989,0.004633
1190,neutron,19511.576325,588.418597,-0.874809,-92.000000,0.743928,90.000000,-90.000000,0.000000,-1.000000,0.000000
1266,neutron,19245.735457,0.126617,-1.859028,-92.000000,1.674011,89.388890,-89.729591,0.004719,-0.999932,0.010666
1267,neutron,19511.576325,0.045078,1.788310,-92.000000,1.233850,90.000000,-90.000000,0.000000,-1.000000,0.000000
1191,neutron,88.487522,101.290984,-0.807831,-92.000000,0.121081,60.994471,-90.646467,-0.009868,-0.874517,0.484894
1192,gamma,0.064555,92.118046,-1.838510,-92.000000,0.010943,92.029120,-113.051707,-0.391316,-0.919575,-0.035407
1193,e-,18.067472,959.096350,-0.798343,-92.000000,1.782470,98.871225,-85.762235,0.073012,-0.985336,-0.154214
1194,neutron,19511.576325,0.000000,-2.578883,-92.000000,-1.816638,90.000000,-90.000000,0.000000,-1.000000,0.000000
1317,neutron,19511.438643,3379.513179,0.533442,-92.000000,0.805506,89.850861,-89.899906,0.001747,-0.999995,0.002603
1268,neutron,19511.576325,4119.867018,1.242157,-92.000000,1.276340,90.000000,-90.000000,0.000000,-1.000000,0.000000
1269,neutron,19511.576325,0.000000,-0.993239,-92.000000,0.869447,90.000000,-90.000000,0.000000,-1.000000,0.000000
1407,neutron,42.245306,3068.963840,0.707743,-92.000000,0.502109,74.429727,-102.474419,-0.208077,-0.940561,0.268420
1195,gamma,182.253132,746.159604,2.715873,-92.000000,-2.971970,89.714849,-88.074285,0.033603,-0.999423,0.004977
1408,gamma,0.199602,984.566398,-2.582298,-92.000000,-2.105768,122.630756,-91.043312,-0.015334,-0.842023,-0.539223
1270,e+,14.357730,330.231704,2.180238,-92.000000,2.429718,79.563345,-107.809206,-0.300788,-0.936329,0.181148
1196,pi-,3711.248273,525.313883,0.169118,-92.000000,1.941577,94.248634,-85.911425,0.071103,-0.994714,-0.074085
1271,neutron,19511.234965,712.788100,2.534977,-92.000000,-2.106116,90.105244,-89.641069,0.006264,-0.999979,-0.001837
1272,neutron,19511.235120,0.000000,-0.229195,-92.000000,-1.385086,89.809468,-89.791077,0.003646,-0.999988,0.003325
1318,neutron,2.512626,3490.833285,0.406304,-92.000000,-1.937765,135.846801,-102.573593,-0.151641,-0.679873,-0.717480
1409,gamma,1.292962,791.589360,-0.575074,-92.000000,1.164158,102.864173,-127.069182,-0.587650,-0.777881,-0.222641
1197,gamma,0.459041,2074.901531,-0.125761,-92.000000,-1.364154,135.139768,-99.369715,-0.114839,-0.695969,-0.708830
1198,gamma,0.229424,85.011204,2.523754,-92.000000,-2.312608,94.014948,-100.957895,-0.189621,-0.979358,-0.070017
1199,neutron,19511.576325,0.000000,0.242204,-92.000000,1.842194,90.000000,-90.000000,0.000000,-1.000000,0.000000
1410,proton,148.629247,2200.485729,0.813840,-92.000000,-2.821369,94.608626,-90.671053,-0.011674,-0.996698,-0.080349
1500,e-,0.240023,579.458265,-1.545901,-92.077602,3.000000,121.449650,-71.609506,0.269146,-0.809530,-0.521749
1501,neutron,19511.576325,725.008019,0.237942,-92.000000,1.578941,90.000000,-90.000000,0.000000,-1.000000,0.000000
1411,neutron,4.300241,1344.978007,-1.925031,-92.000000,2.264942,87.530580,-74.680904,0.263949,-0.963574,0.043086
1502,neutron,19511.576325,0.000000,-2.319367,-92.000000,0.864039,90.000000,-90.000000,0.000000,-1.000000,0.000000
1274,neutron,19511.548653,2007.829979,0.092789,-92.000000,-2.162885,90.079313,-90.013909,-0.000243,-0.999999,-0.001384
1412,neutron,19511.433992,467.631283,-1.345336,-92.000000,-2.335342,89.792954,-90.115724,-0.002020,-0.999991,0.003614
1413,neutron,19511.576325,0.000000,-2.279022,-92.000000,0.686173,90.000000,-90.000000,0.000000,-1.000000,0.000000
1414,neutron,19511.576325,0.000000,-2.243583,-92.000000,0.230855,90.000000,-90.000000,0.000000,-1.000000,0.000000
1320,gamma,0.530798,3246.911822,0.714623,-92.000000,-1.687528,134.859916,-76.211373,0.168944,-0.688406,-0.705376
1321,neutron,19511.576325,0.000000,0.928931,-92.000000,1.757295,90.000000,-90.000000,0.000000,-1.000000,0.000000
1415,neutron,7639.286293,1423.532775,-0.478779,-92.000000,-0.470533,86.833020,-92.518809,-0.043880,-0.997508,0.055246
1503,neutron,8281.296266,111.016715,0.710186,-92.000000,-2.814175,93.848538,-92.570349,-0.044745,-0.996741,-0.067119
1322,gamma,0.248879,2.462262,-2.836467,-92.000000,1.005056,103.150102,-111.420524,-0.355634,-0.906514,-0.227503
1323,neutron,19511.576325,0.000000,2.517678,-92.000000,0.711044,90.000000,-90.000000,0.000000,-1.000000,0.000000
1324,neutron,27.936752,1841.069981,2.727682,-92.000000,-0.965705,121.756230,-30.616121,0.731763,-0.433041,-0.526306
1504,neutron,0.003254,1847.519903,-1.761358,-92.000000,-0.383208,102.988889,-131.906723,-0.650830,-0.725191,-0.224762
1505,neutron,12652.374776,595.846676,0.532122,-92.000000,2.362765,90.408045,-87.315617,0.046833,-0.998877,-0.007122
1416,e+,97.307458,1493.199444,1.390742,-92.000000,-0.487001,93.520469,-83.550689,0.112112,-0.991796,-0.061405
1417,neutron,19511.576325,1018.965822,0.075242,-92.000000,-1.680421,90.000000,-90.000000,0.000000,-1.000000,0.000000
1507,neutron,19511.515534,0.000000,-1.050965,-92.000000,2.455089,90.140478,-89.928022,0.001256,-0.999996,-0.002452
1325,neutron,22.491347,4942.114663,-2.873279,-92.000000,-1.298643,118.322310,-94.086471,-0.062731,-0.878055,-0.474431
1326,neutron,19511.076653,0.000000,0.996462,-92.000000,1.300377,90.529222,-89.844967,0.002706,-0.999954,-0.009237
1327,neutron,19510.647561,0.414535,2.674639,-92.000000,1.083653,90.181691,-90.429679,-0.007499,-0.999967,-0.003171
1276,gamma,0.878072,4408.383112,0.347933,-92.000000,2.240802,85.185370,-84.163490,0.101331,-0.991306,0.083932
1328,e+,41.591886,1553.284353,0.963598,-92.000000,-2.802065,101.826811,-119.879961,-0.487609,-0.848665,-0.204954
1509,neutron,19511.576325,0.000000,-1.093517,-92.000000,-0.549159,90.000000,-90.000000,0.000000,-1.000000,0.000000
1510,pi-,1127.902488,1500.875461,-0.492667,-92.000000,-1.152041,115.514657,-86.325991,0.057830,-0.900620,-0.430742
1418,pi+,551.144478,676.202991,-1.520825,-92.000000,-1.981928,102.848982,-82.787897,0.122399,-0.967246,-0.222382
1511,neutron,19511.576325,268.004032,-1.476783,-92.000000,-0.142743,90.000000,-90.000000,0.000000,-1.000000,0.000000
1512,neutron,19511.576325,61.272793,-2.827891,-92.000000,2.884887,90.000000,-90.000000,0.000000,-1.000000,0.000000
1329,e+,1.661633,3747.841092,-0.803550,-92.000000,1.902079,98.818344,-68.025348,0.369773,-0.916388,-0.153302
1513,proton,6603.133411,1515.535234,-2.346823,-92.000000,1.021530,86.927309,-86.208902,0.066024,-0.996377,0.053603
1514,neutron,19511.576325,767.659002,-2.764828,-92.000000,-2.744842,90.000000,-90.000000,0.000000,-1.000000,0.000000
1278,neutron,4164.356620,1814.188476,-2.819077,-92.000000,2.068420,90.332257,-87.106401,0.050481,-0.998708,-0.005799
1330,neutron,154.273465,1573.136192,2.113183,-92.000000,-1.167311,75.279426,-80.685651,0.156538,-0.954425,0.254105
1331,neutron,19511.576325,0.000000,-1.522275,-92.000000,0.604722,90.000000,-90.000000,0.000000,-1.000000,0.000000
1515,e+,126.431615,1531.724742,0.465883,-92.000000,-1.983796,94.225987,-84.776971,0.090785,-0.993140,-0.073691
1516,neutron,19509.689008,0.000000,2.522182,-92.000000,-2.019325,90.685339,-89.869452,0.002278,-0.999926,-0.011961
1517,neutron,19511.479919,0.271233,-0.724552,-92.000000,-0.989059,90.151628,-90.128534,-0.002243,-0.999994,-0.002646
1420,gamma,1.783508,670.822235,0.744722,-92.000000,1.390600,71.116628,-86.748111,0.053673,-0.944656,0.323643
1279,neutron,19511.395373,2010.989626,1.726584,-92.000000,1.833806,89.854992,-90.122147,-0.002132,-0.999995,0.002531
1421,neutron,132.530698,1019.317258,-1.153928,-92.000000,1.340743,111.353335,-71.756347,0.291568,-0.884537,-0.364118
1518,gamma,2.495646,1408.526507,-1.403041,-92.000000,2.052097,51.925416,-101.710484,-0.159777,-0.770823,0.616687
1332,neutron,10647.669651,2083.019169,0.797107,-92.000000,0.369726,94.379687,-87.751979,0.039111,-0.996313,-0.076366
1519,pi-,2033.692690,298.775183,2.596063,-92.000000,1.605518,102.995965,-96.063888,-0.102932,-0.968934,-0.224882
1520,pi+,779.046251,1693.227758,-0.127918,-92.000000,2.456373,83.915487,-68.305863,0.367569,-0.923936,0.105995
1333,gamma,0.391455,2317.238915,-1.653786,-92.000000,-2.152178,111.860736,-111.857619,-0.345530,-0.861373,-0.372352
1334,neutron,19511.576325,0.046001,-0.342882,-92.000000,-0.612478,90.000000,-90.000000,0.000000,-1.000000,0.000000
1422,e+,39.389928,463.198683,2.979803,-92.000000,1.192293,97.284475,-86.168376,0.066285,-0.989712,-0.126796
1423,neutron,19511.576325,1813.644103,-2.856833,-92.000000,-2.910261,90.000000,-90.000000,0.000000,-1.000000,0.000000
1424,neutron,19511.576325,0.000000,2.295085,-92.000000,-2.349000,90.000000,-90.000000,0.000000,-1.000000,0.000000
1425,neutron,19511.576325,0.000000,-2.294973,-92.000000,2.368537,90.000000,-90.000000,0.000000,-1.000000,0.000000
1280,gamma,1.311749,3534.333079,-1.055625,-92.000000,-2.566420,97.666048,-87.789097,0.038233,-0.990325,-0.133399
1522,neutron,19511.576325,3636.463243,2.447389,-92.000000,2.477434,90.000000,-90.000000,0.000000,-1.000000,0.000000
1523,neutron,19511.576325,0.106577,2.497133,-92.000000,0.848719,90.000000,-90.000000,0.000000,-1.000000,0.000000
1524,gamma,0.247425,189.935081,-0.084794,-92.000000,-0.783013,85.907632,-131.976500,-0.667120,-0.741524,0.071365
1426,neutron,19511.467313,2282.567331,1.317047,-92.000000,2.070227,90.039517,-89.855775,0.002517,-0.999997,-0.000690
1281,neutron,0.000002,2941.884246,0.580174,-92.000000,2.649063,79.848631,-120.471943,-0.499178,-0.848385,0.176249
1335,gamma,0.167521,3705.404290,-1.399878,-92.000000,-2.422918,134.115025,-67.463031,0.275173,-0.663116,-0.696101
1427,neutron,3.140782,9.090022,0.606115,-92.000000,2.159036,28.160085,-96.120193,-0.050315,-0.469247,0.881632
1428,neutron,19511.576325,0.000000,0.980551,-92.000000,-1.014304,90.000000,-90.000000,0.000000,-1.000000,0.000000
1429,neutron,19468.708578,0.000000,2.336267,-92.000000,1.039062,89.431658,-89.553611,0.007790,-0.999920,0.009919
1282,neutron,6.920467,11.121781,-0.353040,-92.000000,-0.619837,55.954662,-122.627835,-0.446762,-0.697835,0.559849
1283,neutron,19509.455639,0.000000,0.743753,-92.000000,-0.442550,90.739675,-90.263291,-0.004595,-0.999906,-0.012909
1526,neutron,321.005362,2192.286418,-0.369726,-92.000000,1.364032,93.456745,-115.054758,-0.422714,-0.904255,-0.060295
1336,proton,4836.560295,4156.998059,1.890362,-92.000000,-2.900029,91.704571,-95.065919,-0.088263,-0.995653,-0.029746
1527,pi+,6044.913087,156.757065,-2.740233,-92.000000,0.894806,88.494965,-90.007570,-0.000132,-0.999655,0.026265
1528,neutron,19511.576325,0.000000,0.052730,-92.000000,1.008218,90.000000,-90.000000,0.000000,-1.000000,0.000000
1337,neutron,19510.094140,1823.912578,-2.069176,-92.000000,-2.232428,89.870561,-89.865917,0.002340,-0.999995,0.002259
1430,gamma,0.302002,2844.668032,0.184483,-92.000000,-1.969379,104.464863,-76.975804,0.218219,-0.943391,-0.249786
1284,gamma,0.849037,4976.350347,0.852619,-92.000000,-0.994278,101.525709,-110.260607,-0.339308,-0.919210,-0.199808
1431,gamma,4.922809,2666.142156,2.288324,-92.000000,0.073584,99.930928,-97.082527,-0.121451,-0.977500,-0.172461
1338,kaon-,1527.857911,3662.809176,0.812862,-92.000000,-0.760222,88.876654,-97.105530,-0.123673,-0.992129,0.019605
1339,neutron,19510.825490,0.000000,-1.640452,-92.000000,-2.695980,89.854974,-89.606417,0.006869,-0.999973,0.002531
1340,neutron,19433.615160,0.000000,1.958806,-92.000000,-1.317345,90.074431,-90.570774,-0.009962,-0.999950,-0.001299
1285,gamma,3.314705,1189.293269,1.658716,-92.000000,0.819951,84.363710,-85.581245,0.076673,-0.992207,0.098213
1286,neutron,19511.576325,0.108416,-1.950072,-92.000000,2.265222,90.000000,-90.000000,0.000000,-1.000000,0.000000
1530,e+,175.859162,714.236072,1.131710,-92.000000,-2.400188,92.829764,-90.486702,-0.008484,-0.998745,-0.049369
1531,neutron,19511.576325,0.000000,-2.911510,-92.000000,2.974419,90.000000,-90.000000,0.000000,-1.000000,0.000000
1341,gamma,0.530631,1245.279863,2.840903,-92.000000,-0.336026,121.059251,-54.596918,0.496270,-0.698240,-0.515924
1342,gamma,6.022842,678.288435,2.614098,-92.000000,-1.310856,111.359927,-93.761366,-0.061095,-0.929305,-0.364226
1532,proton,18933.635852,88.713215,0.731663,-92.000000,-2.647007,90.724418,-89.915143,0.001481,-0.999919,-0.012643
1287,gamma,0.109990,4499.684266,2.995242,-92.000000,-0.624219,83.760314,-48.383879,0.660202,-0.743182,0.108688
1343,neutron,37.343825,2919.108869,2.241484,-92.000000,-1.413531,124.138248,-82.011872,0.115022,-0.819655,-0.561192
1288,gamma,0.553955,841.897545,1.521162,-92.000000,-0.219088,58.707486,-95.093378,-0.075864,-0.851152,0.519407
1432,neutron,100.345159,323.640609,1.625591,-92.000000,-2.179753,91.058521,-87.042284,0.051590,-0.998497,-0.018474
1433,neutron,19510.720162,0.154987,0.947097,-92.000000,-1.272024,90.387540,-90.224577,-0.003920,-0.999969,-0.006764
1434,neutron,19511.342844,0.000000,0.241148,-92.000000,-1.284455,89.808604,-89.756977,0.004242,-0.999985,0.003340
1533,neutron,17939.153716,56.706395,-1.238159,-92.000000,-2.645022,90.288349,-89.550557,0.007844,-0.999957,-0.005033
1535,neutron,19511.576325,0.000000,-0.746293,-92.000000,-1.856356,90.000000,-90.000000,0.000000,-1.000000,0.000000
1536,gamma,0.171557,209.092479,-0.212442,-92.000000,0.192013,84.281889,-76.265385,0.236244,-0.966572,0.099634
1537,neutron,19511.469956,0.000000,-0.309403,-92.000000,-1.760168,89.941834,-89.864217,0.002370,-0.999997,0.001015
1289,gamma,4.526197,2334.738141,-0.466505,-92.000000,-0.401055,69.786445,-110.701918,-0.331734,-0.877820,0.345520
1435,neutron,0.054092,3509.409399,-0.557720,-92.000000,1.613624,77.276214,-82.634231,0.125055,-0.967394,0.220251
1436,neutron,19511.239860,0.000000,0.765427,-92.000000,0.541221,89.794473,-89.698744,0.005258,-0.999980,0.003587
1538,neutron,13203.402686,1755.252514,-1.553431,-92.000000,-1.828527,90.535263,-91.052711,-0.018371,-0.999788,-0.009342
1344,gamma,9.237283,3039.463097,0.793623,-92.000000,-0.262901,86.156343,-115.811262,-0.434429,-0.898208,0.067034
1539,neutron,19511.519506,747.758307,1.660311,-92.000000,-2.200859,89.889578,-89.966522,0.000584,-0.999998,0.001927
1540,neutron,19511.576325,0.000000,0.318958,-92.000000,-1.468024,90.000000,-90.000000,0.000000,-1.000000,0.000000
1541,neutron,19511.576325,0.002629,0.838431,-92.000000,-2.808689,90.000000,-90.000000,0.000000,-1.000000,0.000000
1542,proton,19188.009891,84.434482,1.893848,-92.000000,1.361916,89.069696,-89.429432,0.009957,-0.999819,0.016236
1437,proton,11300.529908,1025.042042,-0.966537,-92.000000,-2.659150,90.818499,-87.861981,0.037303,-0.999202,-0.014285
1438,neutron,19511.576325,0.203309,2.763247,-92.000000,-0.864205,90.000000,-90.000000,0.000000,-1.000000,0.000000
1439,neutron,19511.232567,0.000000,2.222133,-92.000000,1.395198,90.346721,-89.856212,0.002510,-0.999979,-0.006051
1290,e+,946.958478,3235.682084,2.171240,-92.000000,-2.220386,107.800660,-91.535676,-0.025516,-0.951784,-0.305706
1291,neutron,19511.576325,20.146860,-0.852043,-92.000000,-0.265110,90.000000,-90.000000,0.000000,-1.000000,0.000000
1543,proton,12503.973374,97.598746,-1.302513,-92.000000,-2.361949,92.269826,-91.229979,-0.021449,-0.998985,-0.039606
1345,gamma,339.517149,431.271164,1.865724,-92.000000,2.759758,88.333313,-120.678838,-0.510009,-0.859677,0.029085
1346,neutron,527.662229,654.289549,1.157335,-92.000000,-0.951014,63.419123,-55.765539,0.503118,-0.739359,0.447461
1292,proton,8780.867114,678.941524,0.339908,-92.000000,0.120128,89.616179,-86.605549,0.059208,-0.998223,0.006699
1347,neutron,101.743321,979.811748,-1.849010,-92.000000,0.435021,66.127355,-94.382217,-0.069873,-0.911774,0.404705
1544,neutron,1.062160,1229.533448,2.341829,-92.000000,2.669861,86.067996,-85.991182,0.069745,-0.995205,0.068573
1348,pi-,4611.335217,495.793948,-2.865695,-92.000000,0.246859,88.916415,-89.389614,0.010651,-0.999764,0.018911
1349,neutron,19510.903399,216.966099,2.953913,-92.000000,-2.174115,89.943112,-89.607003,0.006859,-0.999976,0.000993
1350,neutron,19511.403280,952.262930,1.897836,-92.000000,-2.974777,89.715679,-89.856933,0.002497,-0.999985,0.004962
1351,neutron,19511.576325,144.519792,-2.567700,-92.000000,-0.218714,90.000000,-90.000000,0.000000,-1.000000,0.000000
1440,proton,7698.596129,1431.328411,0.749896,-92.000000,2.840591,87.482302,-90.893931,-0.015586,-0.998913,0.043928
1441,neutron,19511.576325,629.692904,-0.233037,-92.000000,1.013592,90.000000,-90.000000,0.000000,-1.000000,0.000000
1293,pi+,7549.914177,1749.866673,-0.958676,-92.000000,-2.742527,90.578736,-90.558083,-0.009740,-0.999902,-0.010101
1352,gamma,1.343674,1581.407398,-2.400569,-92.000000,-0.401429,95.642476,-120.059327,-0.498470,-0.861314,-0.098321
1546,neutron,0.000483,2265.676405,1.577440,-92.000000,1.955695,62.980490,-59.644133,0.450209,-0.768719,0.454294
1294,pi+,2022.085664,3332.507699,-0.239774,-92.000000,-2.468891,104.667303,-105.644293,-0.260877,-0.931574,-0.253206
1442,pi+,1425.369960,5696.982609,-0.707523,-92.000000,1.720006,82.330719,-77.345140,0.217118,-0.966980,0.133455
1353,neutron,38.977156,1996.253331,-2.488755,-92.000000,2.865924,72.196621,-88.460233,0.025584,-0.951768,0.305751
1443,neutron,113.782245,1930.101409,-0.886995,-92.000000,-0.434991,86.003491,-90.688292,-0.011983,-0.997496,0.069696
1547,gamma,0.938221,1994.421451,1.794904,-92.000000,-0.451088,81.458404,-98.232854,-0.141608,-0.978717,0.148527
1295,gamma,0.130039,2578.637342,2.786252,-92.000000,-0.554707,100.081259,-84.399865,0.096079,-0.979861,-0.175045
1296,gamma,0.074614,0.074614,-1.926374,-92.000000,-0.268622,90.995890,-100.065454,-0.174747,-0.984460,-0.017381
1354,gamma,0.510999,194.167809,1.225103,-92.000000,-2.071723,83.700759,-70.572414,0.330607,-0.937369,0.109721
1444,gamma,0.208753,2196.092135,-0.011207,-92.000000,0.181835,45.765075,-103.622654,-0.168751,-0.696329,0.697602
1445,neutron,19511.576325,0.000000,1.000242,-92.000000,-2.448291,90.000000,-90.000000,0.000000,-1.000000,0.000000
1355,neutron,48.050071,1449.368510,-1.282403,-92.000000,-2.557912,94.611540,-95.123190,-0.089008,-0.992781,-0.080400
1356,neutron,19510.435976,1094.591342,2.972342,-92.000000,-0.621422,89.702707,-90.422891,-0.007381,-0.999959,0.005189
1446,gamma,0.904331,2926.836585,2.791735,-92.000000,1.388644,51.536273,-43.130054,0.571438,-0.535305,0.622019
1548,neutron,0.000014,139.465064,-0.188462,-92.000000,1.711773,114.866116,-86.422609,0.056612,-0.905525,-0.420499
1357,gamma,0.207751,1594.050331,-0.744996,-92.000000,1.114403,107.336696,-118.633740,-0.457438,-0.837827,-0.297986
1298,neutron,19511.576325,1986.990320,-0.549955,-92.000000,-1.169934,90.000000,-90.000000,0.000000,-1.000000,0.000000
1358,neutron,19511.576325,0.000000,-0.743137,-92.000000,1.986908,90.000000,-90.000000,0.000000,-1.000000,0.000000
1447,gamma,6.202670,1018.537676,2.665961,-92.000000,0.825056,123.397874,-76.866698,0.189697,-0.813032,-0.550450
1359,neutron,11682.118022,0.000000,2.225509,-92.000000,1.814797,89.303849,-87.454827,0.044404,-0.998940,0.012150
1360,neutron,19511.392384,1.037514,-0.134334,-92.000000,1.900955,89.979288,-90.288177,-0.005030,-0.999987,0.000361
1550,pi+,777.637797,825.828553,1.255495,-92.000000,-1.581707,67.160088,-85.362032,0.074519,-0.918575,0.388158
1551,neutron,19511.576325,0.058044,0.047442,-92.000000,1.443732,90.000000,-90.000000,0.000000,-1.000000,0.000000
1361,neutron,2.050026,2038.954616,2.033514,-92.000000,-1.068174,127.127945,-92.358916,-0.032816,-0.796614,-0.603597
1448,pi+,501.418157,2555.219150,-0.282677,-92.000000,2.082358,97.152961,-92.457163,-0.042539,-0.991305,-0.124519
1552,neutron,1122.291135,1363.895213,2.830880,-92.000000,0.108585,81.240126,-84.115906,0.101321,-0.983128,0.152294
1362,neutron,17188.202530,315.845021,2.912897,-92.000000,-2.938094,89.382003,-90.540996,-0.009441,-0.999897,0.010786
1363,neutron,19511.241619,739.947429,-0.266095,-92.000000,-0.526761,89.962108,-89.722525,0.004843,-0.999988,0.000661
1299,neutron,75.249786,4093.640529,1.256458,-92.000000,2.401167,53.214029,-42.953104,0.586172,-0.545718,0.598828
1600,neutron,19511.576325,0.000000,-2.674871,-92.000000,-0.890675,90.000000,-90.000000,0.000000,-1.000000,0.000000
1553,neutron,3593.699226,2422.792053,1.541446,-92.000000,0.224452,92.603778,-85.155021,0.084373,-0.995398,-0.045429
1449,neutron,18851.181576,1280.543457,1.533445,-92.000000,2.700303,89.661543,-90.363943,-0.006352,-0.999962,0.005907
1450,neutron,19511.576325,0.000000,-0.449055,-92.000000,1.885836,90.000000,-90.000000,0.000000,-1.000000,0.000000
1451,neutron,19511.576325,0.000000,1.972095,-92.000000,2.751355,90.000000,-90.000000,0.000000,-1.000000,0.000000
1452,neutron,19511.576325,2532.258270,-0.984027,-92.000000,-1.722706,90.000000,-90.000000,0.000000,-1.000000,0.000000
1554,pi+,5682.802425,110.054741,-1.059942,-92.000000,-1.996149,89.419500,-90.803426,-0.014021,-0.999850,0.010131
1453,gamma,3.269258,329.275328,-1.420998,-92.000000,2.597412,92.655746,-139.622437,-0.760974,-0.647126,-0.046335
1454,neutron,19510.599491,0.000000,-1.468203,-92.000000,2.089610,89.862687,-90.458307,-0.007999,-0.999965,0.002397
1455,neutron,19511.576325,0.000000,2.729748,-92.000000,1.698860,90.000000,-90.000000,0.000000,-1.000000,0.000000
1456,neutron,19510.894236,0.000000,-1.802451,-92.000000,-2.900849,89.836045,-90.300419,-0.005243,-0.999982,0.002862
1457,neutron,19511.576325,0.000000,-0.801558,-92.000000,1.822319,90.000000,-90.000000,0.000000,-1.000000,0.000000
1458,neutron,19511.224561,483.458402,-0.811142,-92.000000,-2.425921,89.741066,-90.124011,-0.002164,-0.999987,0.004519
1459,neutron,19511.576325,0.174283,-0.501612,-92.000000,1.739758,90.000000,-90.000000,0.000000,-1.000000,0.000000
1601,e+,155.573293,3643.729428,-1.601427,-92.000000,0.723154,98.543243,-92.292468,-0.039557,-0.988113,-0.148556
1556,neutron,19511.576325,0.000000,-1.855256,-92.000000,2.168610,90.000000,-90.000000,0.000000,-1.000000,0.000000
1365,gamma,2.598783,1167.076403,-0.410292,-92.000000,1.424429,114.993989,-86.394457,0.056998,-0.904558,-0.422523
1366,neutron,19511.495399,0.675080,-0.988117,-92.000000,-2.471989,90.049585,-90.175239,-0.003058,-0.999995,-0.000865
1460,pi+,1967.817586,2325.751907,-1.993305,-92.000000,-0.178986,93.855571,-78.518039,0.198609,-0.977769,-0.067242
1367,neutron,18057.211903,150.415212,-1.500428,-92.000000,-0.244069,90.892444,-90.442703,-0.007726,-0.999849,-0.015575
1368,neutron,19510.949728,0.000000,0.358519,-92.000000,-2.783097,89.491608,-90.233329,-0.004072,-0.999952,0.008873
1369,neutron,19511.555222,0.000000,-0.123007,-92.000000,2.478726,89.911123,-89.972616,0.000478,-0.999999,0.001551
1370,neutron,19511.576325,0.000000,-1.580150,-92.000000,1.849450,90.000000,-90.000000,0.000000,-1.000000,0.000000
1602,gamma,0.090067,1609.585089,0.085257,-92.000000,-1.803957,96.185131,-72.152655,0.304698,-0.946336,-0.107741
1557,gamma,0.056528,2591.841724,0.668778,-92.000000,2.354088,78.690765,-108.711668,-0.314577,-0.928754,0.196104
1371,deuteron,777.146722,2050.964606,-1.773885,-92.000000,1.487145,101.401715,-106.088136,-0.271647,-0.941875,-0.197687
1372,neutron,19511.576325,493.340141,-0.452379,-92.000000,0.070262,90.000000,-90.000000,0.000000,-1.000000,0.000000
1373,neutron,19490.218148,0.177968,-0.285241,-92.000000,2.777157,90.194105,-90.527159,-0.009200,-0.999952,-0.003388
1603,neutron,0.136537,3.435768,-2.062921,-92.000000,-1.071211,50.914506,-68.752144,0.281300,-0.723441,0.630479
1604,neutron,27.112502,335.668838,2.608518,-92.000000,0.371217,126.095830,-85.181777,0.067871,-0.805177,-0.589138
1374,gamma,1037.905206,1575.598457,2.378816,-92.000000,-1.655287,90.655684,-93.122399,-0.054466,-0.998450,-0.011444
1558,gamma,0.353270,3104.713212,-1.484053,-92.000000,-2.633650,122.015618,-119.238072,-0.414150,-0.739879,-0.530150
1605,pi+,5014.142879,1694.950126,0.940007,-92.000000,0.493905,86.589658,-91.951370,-0.033991,-0.997650,0.059487
1462,gamma,0.508734,2042.648449,-0.091688,-92.000000,-0.382065,126.305541,-115.348394,-0.345011,-0.728283,-0.592091
1463,neutron,19511.565351,0.000000,0.354894,-92.000000,-1.250785,90.041735,-90.068430,-0.001194,-0.999999,-0.000728
1606,gamma,3.063370,246.107943,2.007658,-92.000000,-1.696962,88.276881,-51.934852,0.616278,-0.786954,0.030070
1607,proton,16733.911209,439.879145,2.714609,-92.000000,1.061969,90.407085,-87.402728,0.045314,-0.998948,-0.007105
1559,neutron,19511.576325,1434.396261,1.696001,-92.000000,0.294954,90.000000,-90.000000,0.000000,-1.000000,0.000000
1375,gamma,1.920831,2733.212812,-1.385602,-92.000000,-1.030394,78.731183,-139.919529,-0.750390,-0.631450,0.195412
1464,neutron,19510.894275,2546.046492,2.246171,-92.000000,-2.194302,89.652602,-89.802172,0.003453,-0.999976,0.006063
1465,neutron,19511.221158,0.000000,-2.634149,-92.000000,0.377476,89.803361,-90.211083,-0.003684,-0.999987,0.003432
1466,neutron,19509.288606,869.916006,-0.877123,-92.000000,0.648389,89.401729,-90.628727,-0.010973,-0.999885,0.010442
1377,neutron,19510.885308,528.324783,1.786908,-92.000000,2.364729,90.140153,-89.581599,0.007302,-0.999970,-0.002446
1378,neutron,19511.576325,0.000000,-0.390585,-92.000000,-2.366434,90.000000,-90.000000,0.000000,-1.000000,0.000000
1379,neutron,19511.576325,1011.295560,0.283100,-92.000000,-0.403978,90.000000,-90.000000,0.000000,-1.000000,0.000000
1380,neutron,19511.576325,0.000000,2.915395,-92.000000,0.235315,90.000000,-90.000000,0.000000,-1.000000,0.000000
1561,pi+,3771.417913,741.488768,-2.370766,-92.000000,-2.296393,90.498721,-87.265884,0.047699,-0.998824,-0.008704
1608,neutron,2.452215,4272.000994,0.997122,-92.000000,-0.888303,77.871101,-105.356837,-0.258918,-0.942770,0.210112
1562,neutron,6.019010,2416.186396,1.602586,-92.000000,0.010310,120.868693,-42.420801,0.633640,-0.579014,-0.513072
1563,neutron,19511.576325,135.097362,-1.581150,-92.000000,-0.984773,90.000000,-90.000000,0.000000,-1.000000,0.000000
1467,gamma,0.316400,720.228088,2.277126,-92.000000,0.236490,98.822013,-103.928180,-0.237858,-0.959116,-0.153366
1609,gamma,0.429362,1465.999027,0.686268,-92.000000,0.433281,70.430235,-103.152501,-0.214399,-0.917518,0.334954
1610,neutron,19511.576325,0.000000,-2.970901,-92.000000,-1.422368,90.000000,-90.000000,0.000000,-1.000000,0.000000
1611,neutron,19511.576325,0.000000,-0.091918,-92.000000,0.860521,90.000000,-90.000000,0.000000,-1.000000,0.000000
1612,gamma,0.112353,1678.652174,0.538819,-92.000000,1.127569,106.587417,-92.729957,-0.045647,-0.957298,-0.285478
1613,neutron,19511.439557,0.000000,-1.736729,-92.000000,-1.270575,90.163731,-89.927617,0.001263,-0.999995,-0.002858
1468,gamma,0.059447,1414.425150,-1.191568,-92.000000,1.770505,94.172248,-100.244542,-0.177378,-0.981450,-0.072755
1469,gamma,0.153485,836.984163,0.562571,-92.000000,1.872102,91.934346,-103.242051,-0.228935,-0.972856,-0.033754
1564,e+,65.034189,2699.524220,-0.146894,-92.000000,-1.209228,123.054156,-105.860582,-0.229066,-0.806246,-0.545431
1565,neutron,19511.576325,0.000000,1.962827,-92.000000,0.318984,90.000000,-90.000000,0.000000,-1.000000,0.000000
1566,neutron,19511.576325,241.186650,-2.743450,-92.000000,0.370620,90.000000,-90.000000,0.000000,-1.000000,0.000000
1470,e-,36.898443,320.252373,1.697600,-92.000000,-0.428076,78.197724,-95.538667,-0.094477,-0.974289,0.204535
1567,gamma,0.130876,2062.687243,1.747199,-92.000000,0.664397,71.029860,-37.891634,0.746312,-0.580813,0.325075
1568,neutron,19511.421487,0.000000,0.239895,-92.000000,-0.252677,90.045525,-89.862278,0.002404,-0.999997,-0.000795
1569,neutron,19511.576325,455.493441,-2.735388,-92.000000,-2.463866,90.000000,-90.000000,0.000000,-1.000000,0.000000
1614,gamma,0.176696,3523.785953,1.599429,-92.000000,1.058519,69.823549,-97.022452,-0.114756,-0.931594,0.344912
1615,neutron,19511.576325,0.000000,1.012999,-92.000000,-2.728552,90.000000,-90.000000,0.000000,-1.000000,0.000000
1382,nu_mu,250.493741,1065.005613,1.840412,-92.000000,-1.787124,97.794099,-87.352631,0.045762,-0.989704,-0.135614
1383,neutron,19414.956990,0.000000,1.415276,-92.000000,-2.709157,90.573490,-90.485245,-0.008469,-0.999914,-0.010009
1384,neutron,19511.576325,631.821493,-2.240110,-92.000000,-2.831944,90.000000,-90.000000,0.000000,-1.000000,0.000000
1616,neutron,10.464938,1738.911532,-0.762505,-92.000000,-0.810763,97.496143,-112.709278,-0.382756,-0.914592,-0.130459
1617,neutron,19511.576325,0.000000,1.201597,-92.000000,-2.915512,90.000000,-90.000000,0.000000,-1.000000,0.000000
1618,neutron,19511.576325,0.000000,2.747529,-92.000000,-0.754846,90.000000,-90.000000,0.000000,-1.000000,0.000000
1571,neutron,19511.576325,0.000000,-1.822769,-92.000000,-2.376405,90.000000,-90.000000,0.000000,-1.000000,0.000000
1619,neutron,10057.437477,853.708205,-0.945458,-92.000000,-0.278439,89.537493,-89.607131,0.006857,-0.999944,0.008072
1620,neutron,19511.332467,0.000000,-2.338087,-92.000000,-2.733454,89.891331,-89.787088,0.003716,-0.999991,0.001897
1621,gamma,0.775251,627.570479,-2.870252,-92.000000,0.722585,76.136402,-88.536325,0.024799,-0.970552,0.239611
1385,neutron,2170.386074,2582.504559,1.273277,-92.000000,1.197553,91.940058,-94.136429,-0.072090,-0.996823,-0.033854
1471,neutron,2145.724960,321.910657,-0.890288,-92.000000,-0.966032,92.040756,-89.507226,0.008595,-0.999329,-0.035610
1472,neutron,19510.986159,0.188615,-2.189756,-92.000000,-1.942788,90.357633,-89.898078,0.001779,-0.999979,-0.006242
1572,gamma,4.085355,1740.831874,1.902342,-92.000000,1.473190,92.807554,-39.539721,0.770258,-0.635849,-0.048981
1473,neutron,19511.576325,703.809769,0.351415,-92.000000,0.927434,90.000000,-90.000000,0.000000,-1.000000,0.000000
1622,neutron,97.946108,2796.914543,-0.264775,-92.000000,-0.219660,75.667512,-102.285015,-0.206152,-0.946689,0.247548
1573,neutron,19511.166771,505.698341,-0.773577,-92.000000,0.295239,89.988000,-90.313034,-0.005463,-0.999985,0.000209
1386,gamma,0.651986,2744.454400,1.747910,-92.000000,1.910219,74.006272,-67.787635,0.363407,-0.889953,0.275532
1474,gamma,1.168771,2051.041468,-2.028537,-92.000000,1.717923,57.929278,-142.395572,-0.671341,-0.517085,0.530966
1475,neutron,19511.576325,0.000000,1.547493,-92.000000,0.686494,90.000000,-90.000000,0.000000,-1.000000,0.000000
1387,neutron,13915.402565,0.125226,-0.251911,-92.000000,-2.198861,92.751726,-91.610978,-0.028081,-0.998452,-0.048008
1388,neutron,19473.707616,653.777668,-0.315086,-92.000000,2.961633,89.756603,-90.263212,-0.004594,-0.999980,0.004248
1389,neutron,119.946285,428.634148,1.038465,-92.000000,-2.884947,143.618092,-122.238967,-0.316425,-0.501717,-0.805081
1623,gamma,0.066840,3486.251204,2.038501,-92.000000,-0.774507,118.655705,-58.859266,0.453801,-0.751067,-0.479545
1574,gamma,1.564608,4322.266149,0.343275,-92.000000,-1.662838,79.229843,-96.205068,-0.106183,-0.976629,0.186870
1575,neutron,19511.576325,0.000000,1.091120,-92.000000,-0.727336,90.000000,-90.000000,0.000000,-1.000000,0.000000
1390,neutron,3.109138,619.176350,1.110872,-92.000000,1.987506,71.099385,-118.909972,-0.457369,-0.828182,0.323928
1391,neutron,19511.576325,0.000000,2.152078,-92.000000,-2.632535,90.000000,-90.000000,0.000000,-1.000000,0.000000
1624,neutron,19511.562826,421.108211,1.045820,-92.000000,-0.512261,89.970080,-89.931902,0.001189,-0.999999,0.000522
1625,neutron,19511.573362,0.000000,-0.747964,-92.000000,-1.067842,90.023713,-90.034244,-0.000598,-1.000000,-0.000414
1626,neutron,19511.525383,0.000000,2.408844,-92.000000,2.440592,90.042671,-90.167338,-0.002921,-0.999995,-0.000745
1392,neutron,19510.676308,354.450804,-1.201538,-92.000000,2.607244,89.761314,-89.993728,0.000109,-0.999991,0.004166
1476,gamma,5.866200,3373.642588,-1.496036,-92.000000,0.116521,120.099755,-100.205376,-0.153285,-0.851466,-0.501507
1477,neutron,19511.576325,290.153570,-0.412820,-92.000000,-0.965271,90.000000,-90.000000,0.000000,-1.000000,0.000000
1627,neutron,13845.803905,2895.551297,-0.108740,-92.000000,2.445437,87.677805,-91.456337,-0.025394,-0.998856,0.040519
1394,neutron,19511.576325,587.772034,2.421490,-92.000000,-2.860920,90.000000,-90.000000,0.000000,-1.000000,0.000000
1395,neutron,0.019841,0.177721,1.954683,-92.000000,-2.732253,112.980277,-41.930737,0.684913,-0.615200,-0.390414
1628,gamma,8.239334,1071.519548,-2.406712,-92.000000,0.025747,46.662839,-98.314759,-0.105180,-0.719683,0.686290
1478,gamma,0.510999,1403.408786,-1.448814,-92.000000,1.150145,120.184985,-84.680698,0.080136,-0.860684,-0.502793
1396,pi+,578.975093,3690.925171,0.729753,-92.000000,-1.592251,106.222883,-75.718949,0.236856,-0.930510,-0.279375
1629,pi+,1684.563353,3019.221509,-2.625261,-92.000000,1.178674,94.271701,-93.318801,-0.057731,-0.995550,-0.074486
1630,neutron,19511.569630,0.000000,2.057207,-92.000000,2.693101,89.956685,-90.029457,-0.000514,-1.000000,0.000756
1479,gamma,4.889657,2117.420627,0.627870,-92.000000,-2.058562,89.124822,-75.933474,0.243020,-0.969901,0.015274
1631,gamma,2081.559909,259.670886,-2.743188,-92.000000,-0.028175,88.007986,-90.684020,-0.011931,-0.999324,0.034760
1632,neutron,19137.771056,0.000000,-2.516808,-92.000000,-2.183537,90.179007,-90.306393,-0.005348,-0.999981,-0.003124
1480,neutron,18129.806430,428.168369,-0.073940,-92.000000,-2.606951,88.972377,-88.892510,0.019325,-0.999652,0.017934
1578,neutron,1.927410,4224.330370,1.990675,-92.000000,2.570243,65.421255,-83.209170,0.107531,-0.903011,0.415943
1398,neutron,19511.576325,192.980133,2.961567,-92.000000,-1.374856,90.000000,-90.000000,0.000000,-1.000000,0.000000
1579,pi+,1010.331426,386.743279,1.316823,-92.000000,2.677861,108.594634,-83.731261,0.103492,-0.942131,-0.318871
1580,neutron,19511.576325,0.000000,1.536164,-92.000000,2.952389,90.000000,-90.000000,0.000000,-1.000000,0.000000
1633,pi+,3445.215645,3516.540763,1.055353,-92.000000,0.088911,90.588347,-92.245989,-0.039188,-0.999179,-0.010268
1399,pi+,2072.404818,1187.546433,-0.860059,-92.000000,-2.029888,80.611494,-93.783608,-0.065105,-0.984454,0.163128
1634,neutron,19511.576325,1313.733911,-1.659772,-92.000000,-2.831554,90.000000,-90.000000,0.000000,-1.000000,0.000000
1481,e+,30.495322,2009.692639,-1.090425,-92.000000,-2.454626,90.656383,-87.917056,0.036344,-0.999274,-0.011456
1581,neutron,19511.341796,2562.719571,2.674629,-92.000000,-1.343029,90.175091,-90.155877,-0.002721,-0.999992,-0.003056
1582,gamma,0.904973,1895.846420,1.486730,-92.000000,-1.875412,141.538476,-65.144886,0.261438,-0.564376,-0.783026
1482,gamma,7.491156,2526.348337,2.667758,-92.000000,-2.270433,130.962588,-47.811244,0.507132,-0.559509,-0.655566
1635,gamma,0.205373,2515.759632,-1.440742,-92.000000,0.683899,81.217613,-72.638446,0.294902,-0.943250,0.152682
1636,proton,94.840477,94.840477,-2.868210,-92.000000,-1.945760,123.551853,-152.231073,-0.737408,-0.388280,-0.552691
1700,gamma,1522.353950,2488.514472,1.095509,-92.000000,0.446528,96.195165,-82.300839,0.133189,-0.985198,-0.107915
1701,pi+,2827.167896,1632.342687,0.438186,-92.000000,1.224394,86.650051,-87.399752,0.045290,-0.997263,0.058434
1583,pi-,1971.621109,615.533309,-2.622679,-92.000000,-1.987614,85.066041,-87.976885,0.035172,-0.995673,0.086007
1637,gamma,0.520254,1814.939550,-1.963609,-92.000000,-0.865715,68.467154,-134.923188,-0.656874,-0.658637,0.367035
1638,neutron,19511.576325,0.000000,-2.861542,-92.000000,-2.424178,90.000000,-90.000000,0.000000,-1.000000,0.000000
1584,neutron,10492.677735,1555.449449,-2.382510,-92.000000,-1.349769,90.153473,-90.844861,-0.014745,-0.999888,-0.002679
1640,neutron,19116.929213,903.233102,-2.438786,-92.000000,1.628680,89.899819,-89.701605,0.005208,-0.999985,0.001748
1702,neutron,0.000003,2999.101269,-0.084797,-92.000000,-2.423956,98.585542,-130.942833,-0.647962,-0.746899,-0.149286
1641,neutron,19044.707116,589.675883,1.079306,-92.000000,0.032414,90.340721,-90.575811,-0.010049,-0.999932,-0.005947
1642,neutron,19511.576325,31.843321,2.841678,-92.000000,0.144994,90.000000,-90.000000,0.000000,-1.000000,0.000000
1484,gamma,439.632785,3011.583624,0.170545,-92.000000,0.751073,94.107545,-82.796264,0.125076,-0.989558,-0.071629
1703,gamma,0.403001,2054.197642,2.527413,-92.000000,2.613674,51.577136,-86.163158,0.052425,-0.781690,0.621460
1587,neutron,19511.107486,513.703298,-1.028852,-92.000000,-2.614819,89.972246,-89.691118,0.005391,-0.999985,0.000484
1588,neutron,19511.576325,621.327027,-0.251811,-92.000000,2.884687,90.000000,-90.000000,0.000000,-1.000000,0.000000
1643,proton,6533.008588,84.216464,0.066295,-92.000000,0.934742,89.800749,-90.081025,-0.001414,-0.999993,0.003478
1644,neutron,19511.323195,0.000000,-2.143610,-92.000000,-1.602319,89.719334,-90.256350,-0.004474,-0.999978,0.004899
1645,neutron,19511.314635,487.672660,-1.402324,-92.000000,1.818100,90.231683,-89.997612,0.000042,-0.999992,-0.004044
1704,neutron,1.535474,1293.252026,0.037101,-92.000000,1.072974,69.447118,-107.476719,-0.281203,-0.893126,0.351072
1485,neutron,57.864066,2342.376709,1.063256,-92.000000,-0.677428,109.097913,-102.423026,-0.203287,-0.922835,-0.327183
1589,neutron,19511.576325,2166.046504,-1.068009,-92.000000,-0.751990,90.000000,-90.000000,0.000000,-1.000000,0.000000
1486,pi+,355.621012,2475.149710,-1.189228,-92.000000,1.590657,77.012080,-62.568812,0.448898,-0.864859,0.224746
1590,gamma,2.751332,1826.194854,-0.026418,-92.000000,-2.995823,97.627588,-85.101390,0.084637,-0.987531,-0.132734
1705,proton,6727.612885,2780.396349,-0.182758,-92.000000,-1.917788,91.314273,-86.506978,0.060911,-0.997880,-0.022936
1706,neutron,19511.576325,0.000000,1.233556,-92.000000,2.054988,90.000000,-90.000000,0.000000,-1.000000,0.000000
1646,neutron,9.059164,3581.336524,1.618200,-92.000000,1.142049,100.813406,-52.342167,0.600096,-0.777616,-0.187611
1591,pi+,235.487840,1221.473727,-1.345354,-92.000000,2.052904,92.274736,-94.167555,-0.072616,-0.996570,-0.039691
1592,neutron,19511.576325,1165.598085,0.107213,-92.000000,2.831294,90.000000,-90.000000,0.000000,-1.000000,0.000000
1647,gamma,0.512705,108.156784,0.331981,-92.000000,-1.001031,96.681250,-89.919280,0.001399,-0.993208,-0.116346
1648,neutron,19511.576325,194.922392,2.614798,-92.000000,-2.865716,90.000000,-90.000000,0.000000,-1.000000,0.000000
1649,neutron,2.454891,1.236774,0.066658,-92.000000,1.127388,117.424798,-73.359035,0.254190,-0.850441,-0.460584
1487,gamma,0.070171,815.741354,-0.143456,-92.000000,2.207336,114.904772,-79.940444,0.158429,-0.893065,-0.421111
1707,neutron,9.604446,2908.209330,-0.721467,-92.000000,0.369406,82.417005,-78.950244,0.189985,-0.972878,0.131962
1593,proton,17142.999634,1375.505815,-0.522755,-92.000000,-1.117332,89.716407,-90.719646,-0.012560,-0.999909,0.004950
1708,neutron,19511.576325,204.565883,-2.335228,-92.000000,-1.913936,90.000000,-90.000000,0.000000,-1.000000,0.000000
1709,neutron,1.596065,1.332130,-0.705677,-92.000000,2.258666,52.158458,-109.687632,-0.266047,-0.743547,0.613480
1594,gamma,0.068413,1488.775643,1.571435,-92.000000,-0.423597,78.626461,-110.468920,-0.342832,-0.918464,0.197205
1488,neutron,97.632606,2117.690077,-0.722849,-92.000000,0.226323,100.811841,-70.076650,0.334714,-0.923460,-0.187584
1489,gamma,6.014123,335.901137,1.266019,-92.000000,2.037179,83.555819,-112.939953,-0.387304,-0.915095,0.112235
1710,neutron,6.600294,3754.706588,2.992248,-92.000000,2.138870,80.157301,-41.560059,0.737247,-0.653640,0.170944
1711,neutron,19511.528705,466.964433,-1.324767,-92.000000,1.483220,90.105520,-89.995113,0.000085,-0.999998,-0.001842
1595,gamma,0.289837,3228.947557,-2.047759,-92.000000,-1.459322,101.369262,-139.881072,-0.749703,-0.631732,-0.197131
1596,gamma,0.200779,643.842918,-2.229715,-92.000000,-2.961993,104.942927,-117.267502,-0.442652,-0.858818,-0.257857
1712,neutron,19511.537537,1054.387127,1.757080,-92.000000,1.802514,89.849454,-89.993369,0.000116,-0.999997,0.002628
1652,proton,18873.800727,1446.087743,0.015956,-92.000000,-0.322653,90.336180,-89.990188,0.000171,-0.999983,-0.005867
1653,neutron,19511.510639,0.000000,-1.874901,-92.000000,-2.379657,90.015868,-89.804545,0.003411,-0.999994,-0.000277
1713,neutron,346.467341,1251.560038,-0.999274,-92.000000,2.355986,59.089101,-65.512413,0.355624,-0.780794,0.513704
1714,neutron,19511.576325,0.000000,-1.934190,-92.000000,2.900563,90.000000,-90.000000,0.000000,-1.000000,0.000000
1715,neutron,19511.576325,0.000000,-0.258962,-92.000000,2.310086,90.000000,-90.000000,0.000000,-1.000000,0.000000
1490,neutron,2056.103485,424.131548,-0.651149,-92.000000,-2.312760,96.001491,-91.318830,-0.022890,-0.994256,-0.104554
1491,neutron,19260.110817,0.000000,2.298423,-92.000000,2.868516,89.320385,-89.300264,0.012212,-0.999855,0.011861
1492,neutron,19511.576325,0.000000,2.828226,-92.000000,-1.960953,90.000000,-90.000000,0.000000,-1.000000,0.000000
1717,neutron,19511.304280,1269.622507,-1.577100,-92.000000,-1.475298,89.689080,-90.121767,-0.002125,-0.999983,0.005427
1718,neutron,19511.205745,156.372501,0.657647,-92.000000,0.405201,90.172829,-89.650695,0.006096,-0.999977,-0.003016
1719,neutron,19511.576325,1101.983018,-2.648266,-92.000000,-1.641002,90.000000,-90.000000,0.000000,-1.000000,0.000000
1720,neutron,19511.539087,0.562918,2.723704,-92.000000,2.281934,89.944839,-90.067795,-0.001183,-0.999999,0.000963
1654,gamma,0.812058,3022.905087,-1.403119,-92.000000,1.459192,103.853017,-81.093242,0.150323,-0.959205,-0.239432
1655,neutron,19511.561071,0.000000,-1.956608,-92.000000,1.475050,89.933042,-90.039320,-0.000686,-0.999999,0.001169
1597,gamma,0.094144,4011.944061,-1.679824,-92.000000,0.343358,92.907482,-98.280440,-0.143833,-0.988301,-0.050723
1656,neutron,19511.576325,1040.974954,1.543473,-92.000000,-0.369142,90.000000,-90.000000,0.000000,-1.000000,0.000000
1493,neutron,19511.576325,4237.359333,2.124388,-92.000000,-2.887727,90.000000,-90.000000,0.000000,-1.000000,0.000000
1494,neutron,19511.576325,777.306554,-2.979022,-92.000000,2.121038,90.000000,-90.000000,0.000000,-1.000000,0.000000
1495,pi-,4022.339961,426.355091,1.445545,-92.000000,1.869384,92.052085,-89.816588,0.003199,-0.999354,-0.035808
1657,pi+,7001.671114,2533.739555,2.381429,-92.000000,0.312356,92.847224,-90.720464,-0.012559,-0.998687,-0.049673
1658,neutron,19511.031652,78.677380,-1.973948,-92.000000,0.287220,89.652517,-90.082975,-0.001448,-0.999981,0.006065
1598,neutron,2477.817865,3029.368044,2.794936,-92.000000,-2.863570,101.129713,-86.480035,0.060242,-0.979342,-0.193031
1599,neutron,19510.013818,0.000000,-2.749995,-92.000000,-1.211928,89.813211,-89.410154,0.010295,-0.999942,0.003260
1659,gamma,0.153274,313.494926,-1.045509,-92.000000,-1.243025,111.279593,-99.755857,-0.157897,-0.918345,-0.362919
1722,neutron,19511.525450,602.954360,-0.517680,-92.000000,0.495471,90.103296,-90.035367,-0.000617,-0.999998,-0.001803
1723,neutron,19511.576325,0.107024,-1.036781,-92.000000,1.600491,90.000000,-90.000000,0.000000,-1.000000,0.000000
1724,gamma,1.109368,450.862105,-1.667520,-92.000000,0.817216,106.149419,-114.879923,-0.404116,-0.871393,-0.278143
1660,neutron,6.795887,974.692099,-0.514018,-92.000000,0.145778,49.723402,-66.805142,0.300488,-0.701265,0.646478
1496,gamma,0.274821,1818.302170,2.983452,-92.000000,1.835164,61.276270,-78.433948,0.175826,-0.859140,0.480587
1800,gamma,350.918703,199.647607,2.114727,-92.000000,-2.654876,83.149976,-113.983626,-0.403574,-0.907140,0.119271
1801,neutron,18847.228221,659.890629,1.733989,-92.000000,1.990395,90.176371,-90.492346,-0.008593,-0.999958,-0.003078
1802,neutron,19510.636440,0.000000,-0.781749,-92.000000,-0.712447,89.567268,-90.181616,-0.003170,-0.999966,0.007553
1497,gamma,1.606252,189.131374,1.568271,-92.000000,0.440687,39.880419,-66.323945,0.257478,-0.587219,0.767384
1726,neutron,19511.324954,0.133463,-2.311994,-92.000000,-1.377891,90.200909,-90.136149,-0.002376,-0.999991,-0.003507
1803,neutron,19511.576325,3357.727671,-1.718501,-92.000000,2.581671,90.000000,-90.000000,0.000000,-1.000000,0.000000
1661,gamma,9.652467,119.356101,-0.699820,-92.000000,0.148878,115.198773,-93.333424,-0.052613,-0.903305,-0.425760
1498,gamma,0.145012,592.885606,-1.177174,-92.000000,-2.178133,97.268005,-58.518946,0.518021,-0.845961,-0.126511
1804,neutron,106.146237,143.691818,1.481340,-92.000000,2.179346,76.823505,-113.802147,-0.392954,-0.890856,0.227951
1805,neutron,19511.473635,0.011464,-2.885282,-92.000000,-1.637223,90.137896,-90.071041,-0.001240,-0.999996,-0.002407
1728,neutron,0.323923,424.866188,1.239466,-92.000000,-1.492964,66.958549,-71.638067,0.289887,-0.873369,0.391397
1499,neutron,0.012123,3996.680538,-0.055683,-92.000000,-0.495027,94.894240,-139.982626,-0.763057,-0.640675,-0.085317
1662,neutron,4.791034,3884.863070,0.071674,-92.000000,1.876255,58.820786,-94.170837,-0.062225,-0.853286,0.517717
1663,neutron,0.002029,0.153108,2.865744,-92.000000,1.901706,49.253580,-60.463450,0.373483,-0.659148,0.652712
1806,gamma,0.197133,1463.267428,-2.064777,-92.000000,2.076676,88.125783,-105.728595,-0.270936,-0.962042,0.032705
1900,proton,4416.293035,94.944258,2.950839,-92.000000,1.909799,92.830879,-90.586566,-0.010225,-0.998727,-0.049388
1901,neutron,19511.576325,0.015775,1.645032,-92.000000,1.813448,90.000000,-90.000000,0.000000,-1.000000,0.000000
1729,neutron,39.380251,1691.561754,0.760532,-92.000000,2.971217,86.838368,-77.361243,0.218470,-0.974284,0.055153
1902,neutron,19511.395906,1807.013114,-2.502815,-92.000000,1.358649,90.132428,-90.109959,-0.001919,-0.999995,-0.002311
1903,neutron,153.146452,1145.138497,-0.724876,-92.000000,-2.902023,100.514582,-70.817992,0.323053,-0.928620,-0.182486
1730,gamma,1.077329,916.403279,2.392376,-92.000000,-1.093518,131.020877,-111.410799,-0.275421,-0.702402,-0.656334
1904,neutron,19511.576325,599.082354,-0.525470,-92.000000,-0.580199,90.000000,-90.000000,0.000000,-1.000000,0.000000
1905,neutron,19510.974224,0.000000,1.454333,-92.000000,-2.587743,89.986000,-89.856365,0.002507,-0.999997,0.000244
1664,neutron,1228.293364,3658.983072,0.362731,-92.000000,-1.742629,91.103257,-113.594431,-0.400186,-0.916232,-0.019254
1906,neutron,19511.576325,423.774943,1.455875,-92.000000,-0.043518,90.000000,-90.000000,0.000000,-1.000000,0.000000
1731,neutron,18.299691,693.088013,1.029082,-92.000000,-2.557654,145.847637,-110.335175,-0.195091,-0.526407,-0.827548
1732,neutron,19511.141248,129.577272,-2.919274,-92.000000,-2.877703,90.271801,-90.140108,-0.002445,-0.999986,-0.004744
1733,neutron,19511.576325,0.000000,-2.850077,-92.000000,-0.337671,90.000000,-90.000000,0.000000,-1.000000,0.000000
1807,gamma,3.403393,4910.959306,0.032029,-92.000000,-0.615486,90.551630,-87.792927,0.038509,-0.999212,-0.009628
1907,gamma,0.366694,1759.171353,-1.060436,-92.000000,-2.333434,93.601330,-129.073389,-0.629071,-0.774806,-0.062814
1665,mu+,1299.391028,877.886415,1.001710,-92.000000,1.086636,85.523395,-87.329713,0.046446,-0.995867,0.078052
1666,neutron,19511.576325,0.000000,-2.327715,-92.000000,-1.671406,90.000000,-90.000000,0.000000,-1.000000,0.000000
1667,neutron,19511.576325,0.633282,-1.559642,-92.000000,-2.037999,90.000000,-90.000000,0.000000,-1.000000,0.000000
1668,gamma,0.176398,112.964693,-1.856372,-92.000000,2.307739,101.575326,-102.600388,-0.213713,-0.956067,-0.200656
1808,neutron,15459.510653,0.000000,-2.160908,-92.000000,-1.523903,89.846103,-90.242835,-0.004238,-0.999987,0.002686
1809,neutron,19511.576325,0.000000,-2.833460,-92.000000,-1.046175,90.000000,-90.000000,0.000000,-1.000000,0.000000
1669,gamma,0.176944,371.055254,-2.923736,-92.000000,0.764514,114.289057,-111.502784,-0.334100,-0.848042,-0.411340
1670,neutron,19511.576325,0.000000,-1.594168,-92.000000,1.635640,90.000000,-90.000000,0.000000,-1.000000,0.000000
1810,neutron,19511.576325,1099.307532,1.129241,-92.000000,-0.106703,90.000000,-90.000000,0.000000,-1.000000,0.000000
1671,neutron,19464.884987,398.724492,-2.719365,-92.000000,1.289373,90.350524,-90.789787,-0.013784,-0.999886,-0.006118
1672,neutron,19511.576325,0.000000,0.914502,-92.000000,0.433697,90.000000,-90.000000,0.000000,-1.000000,0.000000
1811,proton,18413.600836,82.265054,1.761345,-92.000000,-1.968937,89.727781,-90.775148,-0.013528,-0.999897,0.004751
1673,neutron,19511.576325,225.545945,-2.488861,-92.000000,0.240743,90.000000,-90.000000,0.000000,-1.000000,0.000000
1735,mu+,2070.632932,120.309516,0.060450,-92.000000,-0.155499,89.686600,-89.389193,0.010660,-0.999928,0.005470
1674,neutron,19149.369487,0.000000,-2.292736,-92.000000,-0.853936,89.469074,-89.872065,0.002233,-0.999955,0.009266
1908,proton,11925.857498,1423.133098,0.009838,-92.000000,0.857241,90.481528,-89.992358,0.000133,-0.999965,-0.008404
1812,pi+,2556.952714,1854.638019,2.105334,-92.000000,-0.018635,86.595719,-97.543234,-0.131043,-0.989597,0.059381
1737,neutron,19511.576325,154.413617,0.037673,-92.000000,-0.327629,90.000000,-90.000000,0.000000,-1.000000,0.000000
1738,neutron,19511.576325,856.130228,1.364049,-92.000000,-1.946261,90.000000,-90.000000,0.000000,-1.000000,0.000000
1675,gamma,0.058179,1933.570584,-0.225283,-92.000000,1.692000,72.590643,-52.865191,0.576038,-0.760698,0.299197
1676,neutron,19511.576325,669.849750,-2.219608,-92.000000,-0.372783,90.000000,-90.000000,0.000000,-1.000000,0.000000
1677,neutron,19458.788054,0.000000,0.949233,-92.000000,1.126348,89.487626,-90.663957,-0.011588,-0.999893,0.008942
1679,neutron,19503.850386,0.000000,2.668418,-92.000000,2.797912,88.799718,-89.391353,0.010620,-0.999724,0.020947
1813,gamma,8.540833,1594.846153,0.356544,-92.000000,2.235280,94.055021,-124.610808,-0.566577,-0.820969,-0.070714
1680,neutron,0.000000,544.921051,-1.980621,-92.000000,-2.116255,86.197409,-103.851700,-0.238883,-0.968781,0.066319
1909,proton,8496.623901,4380.508300,2.500550,-92.000000,1.979386,94.120800,-90.315725,-0.005496,-0.997400,-0.071860
1814,neutron,19510.910647,1233.595635,-2.169385,-92.000000,-2.691928,90.481261,-90.203036,-0.003544,-0.999958,-0.008399
1739,pi+,1219.952299,3271.109898,-1.221615,-92.000000,-2.350393,109.025601,-76.151648,0.226278,-0.917894,-0.325991
1910,neutron,6.150157,845.171834,-1.740191,-92.000000,0.075767,126.438465,-73.460593,0.229019,-0.771209,-0.593959
1740,neutron,35.573560,1070.101952,-1.841475,-92.000000,1.473269,87.964715,-121.119632,-0.516501,-0.855550,0.035515
1681,neutron,8243.820703,2733.702348,-2.952729,-92.000000,-2.617535,91.249616,-90.871707,-0.015210,-0.999646,-0.021808
1741,gamma,0.111249,1335.819746,-1.287255,-92.000000,-0.917097,70.489869,-133.165782,-0.644832,-0.687498,0.333974
1912,deuteron,97.866919,2923.811966,1.301380,-92.000000,1.355167,109.914975,-73.006985,0.274778,-0.899150,-0.340625
1742,gamma,0.146975,340.087081,0.302151,-92.000000,1.388920,76.986716,-54.500316,0.565785,-0.793210,0.225177
1743,neutron,56.809118,822.737962,-0.975029,-92.000000,-0.398306,123.172582,-82.688910,0.106517,-0.830221,-0.547163
1913,pi+,310.990851,2847.824642,1.223406,-92.000000,1.492423,88.252981,-61.148708,0.482314,-0.875468,0.030487
1682,gamma,0.205128,2908.741459,2.277878,-92.000000,-2.203018,84.911520,-76.848999,0.226622,-0.969936,0.088694
1816,neutron,145.106066,3796.925686,-0.490098,-92.000000,0.165133,80.840661,-123.737343,-0.548305,-0.820989,0.159181
1683,neutron,19511.576325,506.101978,0.899155,-92.000000,-1.122460,90.000000,-90.000000,0.000000,-1.000000,0.000000
1744,gamma,0.497802,2504.747320,-2.006862,-92.000000,-2.192228,78.970331,-125.675228,-0.572418,-0.797330,0.191317
1745,neutron,19510.887088,0.000000,-1.699457,-92.000000,-2.872495,90.105069,-90.387899,-0.006770,-0.999975,-0.001834
1684,gamma,0.146372,1457.751760,-2.697942,-92.000000,1.714232,55.943834,-92.773034,-0.040082,-0.827519,0.560005
1685,neutron,19510.853970,0.000000,-2.861026,-92.000000,-1.796386,90.025366,-89.976244,0.000415,-1.000000,-0.000443
1746,gamma,0.110990,658.288957,1.335366,-92.000000,0.586946,85.072233,-70.191766,0.337621,-0.937355,0.085900
1817,neutron,265.540553,3800.290307,-1.142373,-92.000000,-2.455652,128.781621,-92.117619,-0.028805,-0.779007,-0.626354
1914,proton,1122.869698,1828.462795,0.051259,-92.000000,-2.699780,86.165697,-81.608752,0.145605,-0.987080,0.066871
1686,gamma,3.583945,2553.262204,1.785086,-92.000000,2.088871,74.997189,-75.729760,0.238093,-0.936109,0.258866
1747,neutron,19511.576325,456.454399,-2.496410,-92.000000,-0.890338,90.000000,-90.000000,0.000000,-1.000000,0.000000
1915,neutron,16798.924070,1226.269866,2.039224,-92.000000,-2.268550,90.871183,-87.761851,0.039049,-0.999122,-0.015204
1687,neutron,19510.945189,1918.572769,2.219828,-92.000000,2.207540,90.385693,-90.386200,-0.006740,-0.999955,-0.006732
1748,neutron,0.000301,1600.186960,-0.371495,-92.000000,0.336914,89.513641,-126.750981,-0.598317,-0.801215,0.008488
1749,neutron,19511.300803,0.217688,-0.447012,-92.000000,-0.267901,89.941778,-90.247326,-0.004317,-0.999990,0.001016
1818,neutron,0.408731,2095.242605,-0.725362,-92.000000,-2.787543,106.083312,-85.995271,0.067105,-0.958514,-0.277035
1819,neutron,19511.576325,641.629047,2.748263,-92.000000,-2.732526,90.000000,-90.000000,0.000000,-1.000000,0.000000
1750,proton,1399.322938,2107.521090,-0.531650,-92.000000,-1.306841,90.033221,-91.852478,-0.032326,-0.999477,-0.000580
1820,neutron,19511.576325,0.000000,1.417035,-92.000000,1.732889,90.000000,-90.000000,0.000000,-1.000000,0.000000
1751,neutron,16546.661195,1051.206096,2.739225,-92.000000,2.894476,89.831582,-89.133033,0.015131,-0.999881,0.002939
1752,neutron,19511.576325,0.000000,-0.832011,-92.000000,-1.090471,90.000000,-90.000000,0.000000,-1.000000,0.000000
1753,neutron,19511.507595,0.000000,-2.264013,-92.000000,0.059838,89.873161,-90.004063,-0.000071,-0.999998,0.002214
1917,neutron,19511.296078,890.372257,2.632978,-92.000000,-0.424887,89.797573,-89.842867,0.002742,-0.999990,0.003533
1689,neutron,0.004615,2206.619703,-0.527674,-92.000000,-2.893742,120.300146,-107.815012,-0.264151,-0.821994,-0.504530
1756,neutron,19511.576325,0.000000,2.991538,-92.000000,-2.125483,90.000000,-90.000000,0.000000,-1.000000,0.000000
1918,proton,309.837331,228.939943,2.261283,-92.000000,1.964232,79.998188,-118.352054,-0.467671,-0.866672,0.173679
1757,neutron,19511.576325,833.581417,0.175353,-92.000000,2.228808,90.000000,-90.000000,0.000000,-1.000000,0.000000
1822,neutron,2.602780,248.196182,-2.372332,-92.000000,-2.318102,88.592189,-76.030682,0.241329,-0.970132,0.024568
1823,neutron,19511.576325,1245.039993,1.919103,-92.000000,-2.836579,90.000000,-90.000000,0.000000,-1.000000,0.000000
1919,neutron,50.956848,1114.735224,-1.274213,-92.000000,-0.571621,133.816359,-96.070510,-0.076307,-0.717516,-0.692349
1824,gamma,2.153641,1637.496185,-0.245488,-92.000000,0.093680,107.327015,-80.794990,0.152708,-0.942327,-0.297825
1759,neutron,11274.382044,3222.096968,-0.805084,-92.000000,0.150377,87.608612,-88.224817,0.030951,-0.998650,0.041725
1690,gamma,1.700682,2215.714893,0.447555,-92.000000,-1.549069,88.445969,-115.053330,-0.423306,-0.905581,0.027120
1691,neutron,11554.661238,748.536546,2.525460,-92.000000,2.168703,88.334843,-89.040417,0.016740,-0.999438,0.029058
1760,neutron,19511.576325,2004.028915,2.899710,-92.000000,-0.923552,90.000000,-90.000000,0.000000,-1.000000,0.000000
1920,gamma,2.427496,4331.597936,-1.733794,-92.000000,-2.312089,94.763779,-118.373234,-0.473572,-0.876831,-0.083048
1825,mu-,170.974032,1084.865162,0.257155,-92.000000,0.249274,111.666769,-118.891635,-0.449018,-0.813676,-0.369208
1761,pi+,6029.362002,2065.466361,-2.192817,-92.000000,2.551218,91.813992,-91.643226,-0.028661,-0.999088,-0.031655
1921,neutron,19511.576325,1359.261163,0.963446,-92.000000,-0.883748,90.000000,-90.000000,0.000000,-1.000000,0.000000
1692,mu-,233.366598,87.003653,0.292361,-92.000000,-0.242307,91.218195,-92.804889,-0.048924,-0.998576,-0.021260
1826,gamma,146.955573,3351.859244,-0.784948,-92.000000,1.591180,90.333008,-96.443269,-0.112217,-0.993667,-0.005812
1827,neutron,19511.576325,193.787514,0.972523,-92.000000,0.120348,90.000000,-90.000000,0.000000,-1.000000,0.000000
1828,neutron,19511.576325,0.000000,-0.629880,-92.000000,1.022079,90.000000,-90.000000,0.000000,-1.000000,0.000000
1922,e+,154.147203,1984.984347,1.481985,-92.000000,0.189186,91.126696,-92.157495,-0.037639,-0.999098,-0.019663
1763,neutron,17701.490556,189.738582,2.733781,-92.000000,-2.997690,91.441234,-88.899870,0.019194,-0.999499,-0.025152
1764,neutron,19511.576325,2179.451022,1.935592,-92.000000,2.829136,90.000000,-90.000000,0.000000,-1.000000,0.000000
1829,gamma,1.047597,2071.930088,2.200462,-92.000000,1.225960,112.812837,-92.563188,-0.041223,-0.920854,-0.387722
1830,neutron,19511.402922,0.000000,-1.896156,-92.000000,-2.834688,89.803195,-89.895042,0.001832,-0.999992,0.003435
1831,neutron,19511.576325,0.000000,-1.028533,-92.000000,-0.444922,90.000000,-90.000000,0.000000,-1.000000,0.000000
1832,neutron,19511.576325,0.196641,2.913926,-92.000000,0.529652,90.000000,-90.000000,0.000000,-1.000000,0.000000
1693,proton,309.950547,265.548562,-1.505231,-92.000000,0.289621,88.096389,-60.146866,0.497504,-0.866826,0.033218
1694,neutron,19511.495808,0.000000,-1.492107,-92.000000,2.865024,89.958637,-90.223914,-0.003908,-0.999992,0.000722
1695,neutron,19511.576325,0.000000,1.382689,-92.000000,2.797260,90.000000,-90.000000,0.000000,-1.000000,0.000000
1696,neutron,19511.576325,0.000000,-0.138666,-92.000000,0.113068,90.000000,-90.000000,0.000000,-1.000000,0.000000
1923,neutron,2.459202,2653.370066,-1.394337,-92.000000,-0.990467,58.300979,-75.739408,0.209585,-0.824602,0.525457
1924,neutron,19511.576325,0.209860,1.494127,-92.000000,2.356367,90.000000,-90.000000,0.000000,-1.000000,0.000000
1925,neutron,16682.741678,170.671972,-0.327476,-92.000000,-2.869673,88.836332,-90.389780,-0.006801,-0.999771,0.020308
1833,neutron,19511.576325,1522.731344,1.931232,-92.000000,1.253309,90.000000,-90.000000,0.000000,-1.000000,0.000000
1697,gamma,0.347780,2360.094588,-2.056277,-92.000000,-0.289790,132.897038,-79.951568,0.127821,-0.721341,-0.680683
1926,neutron,615.429325,2727.249469,-2.933594,-92.000000,-1.902518,109.418465,-104.772806,-0.240482,-0.911940,-0.332465
1834,gamma,0.109435,2537.107487,2.571524,-92.000000,2.639988,82.641597,-77.590800,0.213122,-0.968595,0.128076
1835,neutron,19511.576325,45.255112,0.480568,-92.000000,0.317662,90.000000,-90.000000,0.000000,-1.000000,0.000000
1698,pi-,1442.984573,1882.754968,-1.126038,-92.000000,0.610518,91.918797,-67.932404,0.375490,-0.926222,-0.033483
1699,neutron,31.419139,7.639540,2.180310,-92.000000,-1.367115,128.411409,-75.373245,0.197868,-0.758175,-0.621304
1766,neutron,19511.576325,5800.997911,-0.392989,-92.000000,-0.817467,90.000000,-90.000000,0.000000,-1.000000,0.000000
1927,gamma,0.504001,3365.976008,-2.964921,-92.000000,2.241760,79.811097,-92.074862,-0.035634,-0.983585,0.176894
1836,neutron,99.783285,4795.665747,0.774009,-92.000000,-0.103174,101.524624,-88.503128,0.025596,-0.979505,-0.199789
2000,neutron,133.329523,3196.753463,1.882154,-92.000000,-0.890868,94.626222,-48.154628,0.664949,-0.742521,-0.080655
1767,gamma,0.230092,122.004152,-2.772613,-92.000000,-2.369916,79.753415,-96.980812,-0.119599,-0.976756,0.177885
1768,neutron,19510.890805,0.000000,1.898508,-92.000000,-2.152558,89.849522,-89.628529,0.006483,-0.999976,0.002626
2001,neutron,15621.583925,37.328740,1.973889,-92.000000,2.551004,90.503222,-90.584143,-0.010195,-0.999909,-0.008783
2002,neutron,19511.576325,0.000000,0.833584,-92.000000,0.351337,90.000000,-90.000000,0.000000,-1.000000,0.000000
1769,proton,880.206898,231.489053,-2.182302,-92.000000,-1.603639,89.195937,-61.408061,0.478521,-0.877964,0.014033
1770,gamma,7.018069,465.231430,1.399968,-92.000000,-0.336077,105.480398,-85.093372,0.082429,-0.960190,-0.266909
1771,neutron,19288.093301,0.000000,-0.360615,-92.000000,1.567306,88.966211,-90.251046,-0.004381,-0.999828,0.018042
1838,neutron,5706.951937,592.156827,-0.039003,-92.000000,1.718493,89.852462,-86.361505,0.063461,-0.997981,0.002575
2003,neutron,1.447139,2686.519379,-0.086629,-92.000000,-1.938834,137.507181,-97.186818,-0.084508,-0.670191,-0.737362
1928,gamma,0.720183,1462.811705,-1.972723,-92.000000,2.382796,99.176999,-87.560474,0.042020,-0.986306,-0.159485
1772,neutron,171.100026,2049.626977,-2.422099,-92.000000,-2.914687,114.030667,-128.025367,-0.562619,-0.719463,-0.407226
1930,gamma,0.126070,78.308425,0.832603,-92.000000,1.294365,78.498665,-121.913954,-0.518030,-0.831798,0.199391
1839,neutron,12261.390856,0.000000,-2.099739,-92.000000,-1.658865,90.314921,-92.275550,-0.039705,-0.999196,-0.005496
1840,neutron,43.402702,81.365648,-0.223970,-92.000000,-2.001944,76.212757,-102.477436,-0.209830,-0.948249,0.238317
1773,neutron,19511.576325,1823.602698,0.603653,-92.000000,1.821434,90.000000,-90.000000,0.000000,-1.000000,0.000000
1774,neutron,19511.576325,0.000000,-2.526146,-92.000000,0.803343,90.000000,-90.000000,0.000000,-1.000000,0.000000
1931,gamma,2.564805,942.476552,2.197599,-92.000000,-0.328599,58.224314,-100.921411,-0.161065,-0.834719,0.526595
1841,pi+,3268.581934,884.767868,0.843436,-92.000000,-2.846677,87.646995,-82.182368,0.135906,-0.989871,0.041056
1842,neutron,19511.576325,0.000000,2.311171,-92.000000,-2.522845,90.000000,-90.000000,0.000000,-1.000000,0.000000
1775,neutron,0.287360,595.431010,2.565131,-92.000000,0.272923,100.201311,-80.554073,0.161522,-0.970847,-0.177107
1843,neutron,6.809221,1054.795410,-0.727280,-92.000000,-1.894444,144.791456,-77.215166,0.127586,-0.562260,-0.817059
1844,neutron,19511.576325,0.000000,-1.931995,-92.000000,-2.125673,90.000000,-90.000000,0.000000,-1.000000,0.000000
2005,proton,1638.814961,4393.113129,2.279442,-92.000000,1.649357,85.044133,-83.532155,0.112224,-0.989921,0.086388
1932,gamma,0.136435,2715.171866,-2.232050,-92.000000,-1.048398,114.280021,-74.356380,0.245801,-0.877781,-0.411197
1933,neutron,18233.458176,260.983492,2.206675,-92.000000,0.554451,88.490269,-88.662298,0.023337,-0.999380,0.026347
1846,neutron,1.646007,1037.189015,0.363890,-92.000000,2.795754,76.197021,-67.579020,0.370395,-0.897711,0.238584
1935,gamma,0.215965,99.509786,-0.116296,-92.000000,1.549319,66.690791,-131.970990,-0.614172,-0.682802,0.395693
1936,proton,11810.020946,291.274717,1.429867,-92.000000,-2.151200,87.713194,-92.449289,-0.042701,-0.998291,0.039902
1776,gamma,155.938842,1467.164930,-0.391540,-92.000000,0.894556,92.659900,-56.725254,0.548063,-0.835149,-0.046407
2006,neutron,1.945430,2420.079698,2.311974,-92.000000,-2.617093,132.588086,-64.591420,0.315898,-0.665022,-0.676723
1937,gamma,0.514399,4077.037493,-0.657341,-92.000000,0.336978,109.364951,-111.111254,-0.339803,-0.880106,-0.331584
1938,neutron,19511.576325,1676.636002,2.728310,-92.000000,2.057099,90.000000,-90.000000,0.000000,-1.000000,0.000000
1847,gamma,0.082388,3281.082625,-1.210658,-92.000000,-2.284685,88.849689,-131.660112,-0.664576,-0.746951,0.020075
2007,gamma,0.204586,3387.265504,-2.468468,-92.000000,1.838272,50.430418,-92.211634,-0.029748,-0.770277,0.637015
1778,proton,17792.364709,305.739712,0.263290,-92.000000,0.066240,90.315984,-91.119219,-0.019533,-0.999794,-0.005515
1939,pi+,1389.365209,1461.086617,-1.253544,-92.000000,-2.194864,109.428267,-93.592903,-0.059099,-0.941205,-0.332626
1940,neutron,19485.436823,0.000000,-1.199693,-92.000000,-1.019610,90.448012,-90.305738,-0.005336,-0.999955,-0.007819
2009,neutron,19511.465605,203.816800,2.952894,-92.000000,0.168611,90.184342,-90.047807,-0.000834,-0.999994,-0.003217
1779,pi+,6728.472067,84.535863,-2.439468,-92.000000,-0.087561,90.663865,-91.060966,-0.018515,-0.999761,-0.011586
1780,neutron,19511.104955,0.262981,-1.966125,-92.000000,0.082240,90.145053,-90.423153,-0.007385,-0.999970,-0.002532
1781,neutron,19511.576325,648.220289,2.985974,-92.000000,2.209997,90.000000,-90.000000,0.000000,-1.000000,0.000000
1849,kaon0L,2291.502282,2061.277610,-0.339981,-92.000000,0.557917,90.999427,-88.579402,0.024788,-0.999541,-0.017442
1782,neutron,19511.576325,208.952846,2.099249,-92.000000,-1.257967,90.000000,-90.000000,0.000000,-1.000000,0.000000
1850,gamma,698.932720,1417.312353,0.117869,-92.000000,-2.841321,98.000474,-122.878384,-0.537574,-0.831651,-0.139181
1942,pi-,772.317294,3581.045352,-0.394012,-92.000000,-2.197715,82.122467,-97.524005,-0.129706,-0.982035,0.137056
1943,gamma,0.175738,1310.162158,0.892015,-92.000000,-0.083545,113.670290,-89.469236,0.008484,-0.915832,-0.401473
1851,proton,5890.174415,944.105840,2.305805,-92.000000,-0.629677,84.533613,-85.773792,0.073359,-0.992745,0.095262
1852,neutron,19511.480616,0.000000,2.178280,-92.000000,-0.429272,89.867011,-90.146765,-0.002562,-0.999994,0.002321
2010,neutron,6373.381555,4518.869307,2.111764,-92.000000,0.455900,91.313689,-90.214455,-0.003742,-0.999730,-0.022926
1783,proton,10306.030534,4463.535277,-2.836878,-92.000000,-1.295096,90.952042,-93.038809,-0.053005,-0.998456,-0.016616
1784,neutron,19511.389911,0.000000,-2.580174,-92.000000,-2.645810,90.035039,-89.725821,0.004785,-0.999988,-0.000612
1853,neutron,0.533762,1170.876830,-1.410000,-92.000000,2.460409,80.837428,-63.682872,0.437682,-0.884917,0.159236
1944,gamma,737.454980,365.732047,2.110083,-92.000000,-1.958076,86.982398,-76.267293,0.237064,-0.970067,0.052643
1785,neutron,34.657733,2529.425859,-1.404579,-92.000000,1.566438,87.799649,-96.344411,-0.110423,-0.993143,0.038394
1854,neutron,0.671101,2415.568005,2.794143,-92.000000,0.909373,110.089172,-90.778959,-0.012768,-0.939072,-0.343482
2011,e+,45.109079,2480.112199,-0.190512,-92.000000,2.300815,70.246253,-86.894197,0.050992,-0.939772,0.337978
1945,neutron,19511.573966,3133.369783,-2.030555,-92.000000,2.184320,90.006020,-89.977270,0.000397,-1.000000,-0.000105
1786,neutron,19511.576325,1226.611113,-0.259205,-92.000000,1.206562,90.000000,-90.000000,0.000000,-1.000000,0.000000
1946,neutron,19406.916964,1026.314456,2.549368,-92.000000,-0.595899,91.000469,-90.873457,-0.015242,-0.999731,-0.017461
1787,neutron,19511.122300,1327.972958,2.603528,-92.000000,-0.414584,89.663706,-90.124380,-0.002171,-0.999980,0.005869
2012,proton,8829.228783,2743.207218,2.574620,-92.000000,-0.546337,88.932432,-88.508978,0.026016,-0.999488,0.018631
2013,neutron,19511.576325,0.000000,0.951138,-92.000000,0.284162,90.000000,-90.000000,0.000000,-1.000000,0.000000
1788,proton,19078.609162,414.171522,0.802412,-92.000000,2.433141,90.218818,-89.883268,0.002037,-0.999991,-0.003819
1856,neutron,0.644158,67.511331,0.665854,-92.000000,1.439943,38.877636,-45.162841,0.442559,-0.445082,0.778488
1857,neutron,29.115543,963.732716,1.518683,-92.000000,2.328387,73.838819,-87.674123,0.038979,-0.959691,0.278340
1789,gamma,0.104435,1143.655802,-2.693096,-92.000000,-2.063291,151.045850,-62.261036,0.225326,-0.428474,-0.875007
1947,gamma,1.240038,337.399416,-0.196362,-92.000000,-2.109331,82.512289,-55.747975,0.558035,-0.819522,0.130314
1790,neutron,0.817143,2623.297038,1.824751,-92.000000,2.427938,98.913787,-56.179071,0.549877,-0.820748,-0.154948
1791,neutron,19511.119745,0.007660,-2.770460,-92.000000,2.846200,90.232305,-89.972213,0.000485,-0.999992,-0.004054
1948,pi+,1710.211044,2314.313614,-1.731192,-92.000000,1.347542,90.633822,-99.081316,-0.157826,-0.987405,-0.011062
1858,gamma,5.658731,1340.961079,-0.830054,-92.000000,2.964836,82.273379,-143.066873,-0.792080,-0.595427,0.134447
1950,neutron,11.084432,539.633374,-1.593965,-92.000000,-2.590912,107.373008,-70.292899,0.321829,-0.898482,-0.298591
1792,e+,142.564840,683.331557,0.718642,-92.000000,1.030371,92.513837,-88.708181,0.022523,-0.998784,-0.043861
2014,gamma,0.094340,1203.917227,1.112766,-92.000000,0.976895,40.846126,-82.874161,0.081132,-0.648978,0.756469
2015,neutron,19511.576325,0.000000,-1.415494,-92.000000,2.930297,90.000000,-90.000000,0.000000,-1.000000,0.000000
1859,gamma,10.711527,2378.256215,-0.518664,-92.000000,2.911770,72.908901,-85.907212,0.068220,-0.953401,0.293892
1793,pi+,873.298791,2035.650815,0.279487,-92.000000,-0.490628,98.144891,-82.262326,0.133280,-0.980900,-0.141677
1794,neutron,19511.251704,0.037818,1.138223,-92.000000,-0.665027,90.275554,-90.011613,-0.000203,-0.999988,-0.004809
1795,neutron,19510.164110,0.000000,-0.312248,-92.000000,-2.940293,90.569698,-90.079833,-0.001393,-0.999950,-0.009943
1796,neutron,19511.576325,0.000000,2.974960,-92.000000,-1.198255,90.000000,-90.000000,0.000000,-1.000000,0.000000
1797,neutron,19511.576325,0.000000,-0.094185,-92.000000,1.216175,90.000000,-90.000000,0.000000,-1.000000,0.000000
1951,gamma,0.075073,2448.500310,-0.675622,-92.000000,-1.600919,101.519386,-69.286792,0.346566,-0.916522,-0.199699
2016,gamma,0.061223,1133.971684,2.924534,-92.200000,0.700098,123.944063,111.800313,-0.308085,0.770254,-0.558383
2017,neutron,19511.576325,0.000000,0.570079,-92.000000,0.174383,90.000000,-90.000000,0.000000,-1.000000,0.000000
1798,neutron,32.201173,626.222815,-1.400624,-92.000000,-1.158067,74.093690,-63.605007,0.427535,-0.861453,0.274065
1861,gamma,0.124577,9.013919,-0.093006,-92.000000,2.409670,108.891046,-105.421680,-0.251597,-0.912070,-0.323770
1862,neutron,19511.576325,0.000000,0.274556,-92.000000,2.676001,90.000000,-90.000000,0.000000,-1.000000,0.000000
1799,gamma,0.550351,627.455443,-1.981965,-92.000000,-2.504409,109.983536,-97.619651,-0.124613,-0.931493,-0.341750
2100,anti_nu_mu,414.690741,85.037203,-2.069635,-92.000000,1.914389,85.775003,-89.144046,0.014898,-0.997171,0.073673
2101,neutron,19511.185041,0.000000,0.990483,-92.000000,2.813962,90.247389,-89.825401,0.003047,-0.999986,-0.004318
2018,pi+,51.528662,500.563681,0.851764,-92.000000,1.684167,108.490276,-54.910788,0.545176,-0.776017,-0.317144
1952,neutron,8566.736467,4530.196102,1.515010,-92.000000,-1.239407,84.490194,-85.357528,0.080564,-0.992114,0.096016
1953,neutron,19511.576325,0.033762,-0.096472,-92.000000,2.137104,90.000000,-90.000000,0.000000,-1.000000,0.000000
1954,neutron,19511.576325,0.000000,1.040064,-92.000000,-1.701585,90.000000,-90.000000,0.000000,-1.000000,0.000000
1863,neutron,4.536029,2840.837628,-0.047670,-92.000000,-0.880104,67.018014,-90.097837,-0.001572,-0.920626,0.390442
1864,neutron,19511.576325,0.000000,2.402606,-92.000000,1.291790,90.000000,-90.000000,0.000000,-1.000000,0.000000
2019,neutron,41.028603,1775.421985,1.560951,-92.000000,2.364811,78.843427,-125.754640,-0.573273,-0.796191,0.193491
2102,gamma,0.082779,1235.604973,0.593518,-92.000000,0.228247,70.362722,-72.426244,0.284373,-0.897882,0.336064
1955,gamma,0.131354,573.187084,1.820860,-92.000000,0.692139,120.243733,-46.853939,0.590781,-0.630306,-0.503679
2103,neutron,19511.576325,2872.336478,2.757063,-92.000000,2.461555,90.000000,-90.000000,0.000000,-1.000000,0.000000
2104,gamma,0.960598,13.678431,-2.840663,-92.000000,2.601534,72.559164,-76.951459,0.215397,-0.929393,0.299721
1865,neutron,1.421153,3377.592016,-1.979366,-92.000000,-0.267410,20.377551,-133.709920,-0.240612,-0.251699,0.937418
1956,gamma,1.160493,2812.700106,-1.673876,-92.000000,0.117609,99.427133,-123.115121,-0.538945,-0.826263,-0.163793
2020,gamma,2023.376518,3082.618391,0.550009,-92.000000,-2.658369,92.932672,-87.489745,0.043741,-0.997732,-0.051162
2021,neutron,19511.576325,0.000000,-2.496836,-92.000000,1.773449,90.000000,-90.000000,0.000000,-1.000000,0.000000
1957,gamma,0.374074,98.352256,2.135986,-92.000000,0.211993,119.246382,-109.114357,-0.285713,-0.824422,-0.488566
1958,neutron,19511.576325,97.744178,-2.833031,-92.000000,2.122373,90.000000,-90.000000,0.000000,-1.000000,0.000000
1959,neutron,19510.375656,283.218387,2.753435,-92.000000,1.984234,90.267863,-89.763293,0.004131,-0.999981,-0.004675
2105,gamma,0.680003,1376.495578,1.217872,-92.000000,-0.860162,107.015183,-53.287687,0.571630,-0.766557,-0.292625
2106,neutron,19511.576325,0.000000,-0.443389,-92.000000,1.721774,90.000000,-90.000000,0.000000,-1.000000,0.000000
2107,neutron,19511.576325,668.400762,1.647634,-92.000000,0.034875,90.000000,-90.000000,0.000000,-1.000000,0.000000
1866,pi+,620.810289,2639.017385,0.665650,-92.000000,-0.990129,87.465917,-92.654899,-0.046275,-0.997950,0.044214
1867,neutron,19511.576325,0.000000,1.333450,-92.000000,0.185821,90.000000,-90.000000,0.000000,-1.000000,0.000000
2108,neutron,0.116440,509.311701,-1.521435,-92.000000,-0.863200,85.405780,-95.965074,-0.103588,-0.991390,0.080098
1960,gamma,0.719127,2114.885817,0.888337,-92.000000,0.051855,49.360156,-107.135075,-0.223567,-0.725137,0.651302
1961,neutron,19511.576325,0.146666,1.635112,-92.000000,2.544460,90.000000,-90.000000,0.000000,-1.000000,0.000000
1868,neutron,19511.576325,1431.814141,-0.680108,-92.000000,2.088817,90.000000,-90.000000,0.000000,-1.000000,0.000000
2109,gamma,1.285404,1.997333,1.833055,-92.000000,2.721874,97.831825,-92.896261,-0.050056,-0.989407,-0.136266
2022,neutron,19.156674,1150.722851,-0.835604,-92.000000,-2.366969,64.072356,-93.061795,-0.048037,-0.898063,0.437236
2023,neutron,19511.576325,0.000000,-2.355915,-92.000000,1.058386,90.000000,-90.000000,0.000000,-1.000000,0.000000
1869,pi-,477.840564,3069.636775,1.236129,-92.000000,-0.289579,94.678485,-57.765896,0.531603,-0.843057,-0.081564
1870,neutron,19511.576325,0.000000,0.358157,-92.000000,2.292443,90.000000,-90.000000,0.000000,-1.000000,0.000000
1962,e+,11.549777,2130.268777,2.069432,-92.000000,-0.291128,131.858699,-99.599658,-0.124204,-0.734363,-0.667296
1963,neutron,19511.576325,0.000000,1.432273,-92.000000,2.934023,90.000000,-90.000000,0.000000,-1.000000,0.000000
1964,neutron,2.636084,119.516528,-0.652554,-92.000000,-1.766758,109.323292,-101.566987,-0.189218,-0.924502,-0.330898
1965,neutron,19511.576325,0.062901,-1.776845,-92.000000,2.647552,90.000000,-90.000000,0.000000,-1.000000,0.000000
2110,anti_nu_mu,2036.615607,0.000000,2.429044,-92.000000,0.339002,89.551852,-89.195471,0.014041,-0.999871,0.007822
1871,neutron,3.567230,3612.990089,-0.338499,-92.000000,-1.717624,121.846324,-47.635568,0.572408,-0.627648,-0.527643
1872,neutron,19511.576325,0.000000,-1.937390,-92.000000,-1.609324,90.000000,-90.000000,0.000000,-1.000000,0.000000
1966,neutron,0.039305,2658.817427,-1.459276,-92.000000,1.270681,68.539562,-75.624100,0.231069,-0.901529,0.365859
1967,neutron,19511.576325,244.831372,2.927782,-92.000000,2.510651,90.000000,-90.000000,0.000000,-1.000000,0.000000
2111,neutron,12.317307,2647.827836,1.019503,-92.000000,-1.919843,96.820977,-95.952836,-0.102976,-0.987568,-0.118768
2112,neutron,19511.576325,0.000000,1.889276,-92.000000,-0.183930,90.000000,-90.000000,0.000000,-1.000000,0.000000
2113,neutron,19511.576325,0.000000,-1.984928,-92.000000,-0.934938,90.000000,-90.000000,0.000000,-1.000000,0.000000
2114,neutron,19511.576325,0.000000,-1.028127,-92.000000,1.179828,90.000000,-90.000000,0.000000,-1.000000,0.000000
1873,neutron,0.057759,1737.331216,2.083882,-92.000000,0.557940,74.222161,-78.301354,0.195125,-0.942333,0.271908
1874,neutron,19511.576325,541.488478,0.092437,-92.000000,1.644252,90.000000,-90.000000,0.000000,-1.000000,0.000000
2024,proton,896.615859,101.727668,2.055207,-92.000000,-0.716717,90.787071,-92.046128,-0.035701,-0.999268,-0.013737
1969,proton,11989.311765,1011.887294,-2.660037,-92.000000,1.793487,87.080458,-93.313533,-0.057725,-0.997032,0.050934
2116,pi-,679.250717,2456.774983,0.160823,-92.000000,-1.635817,117.570695,-122.278609,-0.473392,-0.749451,-0.462843
1875,pi+,1091.379071,3675.989097,2.702735,-92.000000,1.942622,90.788495,-83.806989,0.107868,-0.994070,-0.013761
1970,e+,41.094295,2457.567777,1.517371,-92.000000,1.917103,101.296272,-82.842479,0.122184,-0.972986,-0.195882
1876,neutron,19511.576325,0.000000,-2.139278,-92.000000,0.490896,90.000000,-90.000000,0.000000,-1.000000,0.000000
2117,gamma,0.561201,1058.737140,2.142085,-92.000000,-1.808281,57.940785,-87.875580,0.031417,-0.846917,0.530795
2025,neutron,12.924733,3053.360339,-0.077625,-92.000000,-0.542832,109.884353,-101.047417,-0.180197,-0.922955,-0.340123
2027,neutron,19511.417489,0.000000,-1.473132,-92.000000,-1.657189,89.819283,-90.067524,-0.001179,-0.999994,0.003154
1878,gamma,9.349088,2629.722913,-1.104990,-92.000000,2.342911,50.008751,-98.157389,-0.108710,-0.758391,0.642671
1879,neutron,19511.576325,0.000000,0.188928,-92.000000,0.797988,90.000000,-90.000000,0.000000,-1.000000,0.000000
1971,neutron,0.000141,4300.453303,1.016871,-92.000000,-2.816670,118.140979,-82.205644,0.119587,-0.873643,-0.471643
1972,neutron,0.000187,1383.153088,-0.614892,-92.000000,-0.400804,76.618218,-124.161086,-0.546276,-0.804996,0.231439
2119,neutron,19511.576325,0.000000,-0.404633,-92.000000,1.464253,90.000000,-90.000000,0.000000,-1.000000,0.000000
1880,neutron,5.024280,216.787135,-0.346854,-92.000000,0.371929,42.159169,-112.343257,-0.255157,-0.620801,0.741283
1881,neutron,19511.576325,0.000000,1.460888,-92.000000,-2.836830,90.000000,-90.000000,0.000000,-1.000000,0.000000
1973,neutron,607.202347,1522.376625,2.361323,-92.000000,-2.596142,88.141565,-93.623646,-0.063169,-0.997476,0.032430
2029,neutron,0.227017,3660.356253,-1.264074,-92.000000,1.452478,89.317153,-89.497771,0.008765,-0.999891,0.011918
2030,neutron,19511.576325,0.000000,2.989923,-92.000000,2.853030,90.000000,-90.000000,0.000000,-1.000000,0.000000
2031,neutron,19511.576325,0.000000,1.369165,-92.000000,-2.777243,90.000000,-90.000000,0.000000,-1.000000,0.000000
1974,pi+,491.738676,2230.445428,1.365133,-92.000000,-0.483944,93.613791,-89.595982,0.007037,-0.997987,-0.063031
2032,gamma,123.943923,1445.074229,2.437092,-92.000000,-0.029112,93.808458,-80.604337,0.162891,-0.984406,-0.066421
1975,e-,12.066547,1304.895906,2.132419,-92.000000,2.590575,93.522895,-107.041025,-0.292503,-0.954288,-0.061447
2122,neutron,2.674449,2439.227755,-2.416473,-92.000000,2.033846,89.241041,-100.187075,-0.176847,-0.984149,0.013246
2123,neutron,19511.576325,0.000000,2.871310,-92.000000,-0.700160,90.000000,-90.000000,0.000000,-1.000000,0.000000
1883,e+,391.339069,1706.741864,1.332468,-92.000000,1.363192,88.364447,-99.814789,-0.170394,-0.984962,0.028542
1884,neutron,19511.576325,0.102839,1.444093,-92.000000,0.410599,90.000000,-90.000000,0.000000,-1.000000,0.000000
1976,neutron,26.472471,3335.068100,-0.578198,-92.000000,1.162992,73.255994,-121.322559,-0.497814,-0.818035,0.288096
2033,gamma,52.982925,1964.747896,-0.742900,-92.000000,1.317846,78.563956,-91.397324,-0.023901,-0.979855,0.198274
1885,neutron,1152.347050,576.531521,-0.410984,-92.000000,-0.078996,93.693410,-97.190778,-0.124914,-0.990074,-0.064418
1886,neutron,19511.576325,0.000000,0.404666,-92.000000,-1.280703,90.000000,-90.000000,0.000000,-1.000000,0.000000
1887,gamma,0.166531,188.030850,2.910007,-92.000000,2.066586,52.997875,-90.055698,-0.000776,-0.798613,0.601845
1977,neutron,19511.550613,1428.894247,1.712047,-92.000000,2.134775,90.049595,-89.946945,0.000926,-0.999999,-0.000866
1978,neutron,3.907515,532.967839,-0.537112,-92.000000,-2.212365,133.231456,-67.523240,0.278547,-0.673245,-0.684947
1979,neutron,19511.576325,0.000000,-2.893117,-92.000000,0.545716,90.000000,-90.000000,0.000000,-1.000000,0.000000
1980,neutron,19510.592291,0.000000,1.539661,-92.000000,-2.436618,89.470064,-89.882544,0.002050,-0.999955,0.009249
2034,neutron,19511.576325,2211.799275,1.517175,-92.000000,2.426603,90.000000,-90.000000,0.000000,-1.000000,0.000000
2124,neutron,1.272308,3862.612473,-1.549129,-92.000000,2.169030,41.373263,-127.668653,-0.403910,-0.523190,0.750420
2125,neutron,19431.525628,0.083723,-1.749365,-92.000000,-1.654329,88.831323,-90.209340,-0.003653,-0.999785,0.020396
2035,gamma,0.064200,387.546012,-0.582300,-92.000000,-2.644030,123.034621,-143.614093,-0.674898,-0.497322,-0.545146
1981,e+,5.791882,605.525202,2.287833,-92.000000,-0.495368,110.289984,-106.565368,-0.267418,-0.899020,-0.346772
2036,proton,6178.893372,809.302859,2.339115,-92.000000,1.033091,85.595537,-89.373656,0.010899,-0.996987,0.076797
2126,neutron,14530.489895,2583.418738,2.787509,-92.000000,0.568141,90.812983,-88.966213,0.018040,-0.999737,-0.014189
1982,neutron,19511.576325,2360.161007,2.209269,-92.000000,2.843350,90.000000,-90.000000,0.000000,-1.000000,0.000000
1888,proton,5809.897261,1414.391318,-1.551475,-92.000000,-1.317416,92.973462,-91.392389,-0.024267,-0.998359,-0.051873
2037,gamma,2.561299,1191.286832,-1.733821,-92.000000,2.938815,86.873039,-111.130685,-0.359960,-0.931372,0.054549
2038,neutron,19511.576325,1355.379160,-1.024745,-92.000000,2.547568,90.000000,-90.000000,0.000000,-1.000000,0.000000
2039,neutron,19511.576325,0.000000,0.712631,-92.000000,-0.847407,90.000000,-90.000000,0.000000,-1.000000,0.000000
2040,neutron,19511.576325,0.000000,-0.257923,-92.000000,0.811853,90.000000,-90.000000,0.000000,-1.000000,0.000000
1983,pi-,3938.905904,706.584526,-2.801687,-92.000000,-2.354393,90.327228,-88.642514,0.023690,-0.999703,-0.005711
1984,neutron,19511.576325,0.000000,-2.812001,-92.000000,-0.801897,90.000000,-90.000000,0.000000,-1.000000,0.000000
1889,neutron,0.321802,2245.509925,0.094344,-92.000000,-1.091299,123.182724,-44.687899,0.595013,-0.588566,-0.547311
1890,proton,2080.530865,710.497836,2.595920,-92.000000,1.017264,98.057759,-94.168292,-0.071969,-0.987508,-0.140171
1985,gamma,0.224709,2.678710,-2.365816,-92.000000,-0.987042,122.106758,-77.468822,0.183787,-0.826881,-0.531498
2041,neutron,89.742050,794.225123,0.167051,-92.000000,2.939286,75.392141,-87.908253,0.035320,-0.967030,0.252202
1891,neutron,19511.576325,1614.098857,-1.616581,-92.000000,-0.894638,90.000000,-90.000000,0.000000,-1.000000,0.000000
2127,pi-,321.195808,547.623669,-1.907259,-92.000000,0.105871,109.796198,-101.563812,-0.188613,-0.921805,-0.338675
1986,neutron,7676.778981,0.000000,1.885253,-92.000000,-1.111104,90.791330,-89.634738,0.006374,-0.999884,-0.013811
1987,neutron,0.450246,2038.100990,-0.829247,-92.000000,2.905611,89.875161,-98.288120,-0.144151,-0.989553,0.002179
1988,neutron,19511.353353,0.000000,1.382404,-92.000000,-2.096413,89.698035,-89.985786,0.000248,-0.999986,0.005270
2043,neutron,19503.488365,0.000000,-1.649449,-92.000000,-1.276430,90.096503,-88.626441,0.023971,-0.999711,-0.001684
1989,gamma,0.077043,88.872959,1.500116,-92.200000,-1.663513,56.967411,132.299533,-0.564222,0.620082,0.545116
2044,neutron,19511.576325,578.823833,2.383107,-92.000000,2.766393,90.000000,-90.000000,0.000000,-1.000000,0.000000
1990,neutron,19510.818376,772.587667,-0.474224,-92.000000,-2.367981,89.902261,-90.382016,-0.006667,-0.999976,0.001706
1991,neutron,19511.576325,0.000000,2.107494,-92.000000,1.931807,90.000000,-90.000000,0.000000,-1.000000,0.000000
1992,neutron,19511.424754,338.868675,0.946498,-92.000000,1.620863,90.166686,-90.057521,-0.001004,-0.999995,-0.002909
1993,neutron,19510.516873,0.045248,2.224764,-92.000000,-0.014541,89.567318,-89.848279,0.002648,-0.999968,0.007552
2045,neutron,19511.576325,2298.351123,2.794268,-92.000000,0.239697,90.000000,-90.000000,0.000000,-1.000000,0.000000
2046,neutron,19511.576325,81.470786,0.419370,-92.000000,-1.764325,90.000000,-90.000000,0.000000,-1.000000,0.000000
1994,mu+,2560.594827,93.439571,-1.573710,-92.000000,0.756156,90.468404,-90.324504,-0.005663,-0.999951,-0.008175
2129,neutron,11.800397,1895.370012,-1.829025,-92.000000,0.971224,62.503702,-75.079206,0.228398,-0.857132,0.461691
1995,gamma,2.330069,222.787470,0.061316,-92.000000,-0.677143,54.341506,-74.585856,0.215959,-0.783280,0.582953
2047,proton,18474.455306,82.834065,-0.913463,-92.000000,-0.602200,90.799720,-91.417949,-0.024743,-0.999596,-0.013957
1996,neutron,19511.524530,337.512133,2.684629,-92.000000,-2.138570,89.998516,-89.825872,0.003039,-0.999995,0.000026
1997,neutron,19511.453026,0.000000,1.633936,-92.000000,1.446580,90.084068,-90.147728,-0.002578,-0.999996,-0.001467
2048,neutron,0.007409,92.238938,-1.080948,-92.000000,0.549998,62.493894,-84.702540,0.081890,-0.883173,0.461843
2131,gamma,0.452470,69.354905,2.222306,-92.000000,-0.912977,63.985331,-109.544765,-0.300648,-0.846900,0.438601
1998,neutron,3.092945,2114.193188,-0.614878,-92.000000,2.573310,79.516802,-72.729769,0.291923,-0.938976,0.181947
2049,neutron,0.956656,145.798070,0.710266,-92.000000,-2.198088,68.414643,-92.928268,-0.047503,-0.928656,0.367887
2050,neutron,19511.423646,176.612393,0.508434,-92.000000,0.137210,90.269889,-89.953958,0.000804,-0.999989,-0.004710
1892,gamma,18.061820,831.414565,1.984675,-92.000000,2.250391,101.991603,-100.785251,-0.183045,-0.960899,-0.207768
1999,gamma,0.026646,848.104578,-0.062700,-92.000000,-0.266803,70.145214,-27.070525,0.837516,-0.428035,0.339637
2200,neutron,19511.576325,0.000000,1.613830,-92.000000,1.113745,90.000000,-90.000000,0.000000,-1.000000,0.000000
1893,neutron,37.169763,1691.126824,-2.486132,-92.000000,-1.193966,100.274288,-100.040433,-0.171548,-0.968896,-0.178361
1894,proton,19176.422774,78.259619,-2.106809,-92.000000,1.142253,89.963870,-89.892146,0.001882,-0.999998,0.000631
2051,pi+,884.644091,1889.900637,-1.154766,-92.000000,1.326994,98.054964,-88.665452,0.023060,-0.989866,-0.140123
2201,gamma,0.077252,2354.425487,2.907859,-92.000000,-0.972819,95.075692,-56.577994,0.548641,-0.831364,-0.088472
2132,nu_mu,4687.693559,1979.802692,-2.060083,-92.000000,-0.313916,92.070210,-90.897444,-0.015652,-0.999225,-0.036124
2133,neutron,19511.576325,0.349419,-0.930804,-92.000000,1.738733,90.000000,-90.000000,0.000000,-1.000000,0.000000
2134,neutron,583.651166,920.655748,-0.142951,-92.000000,1.728175,103.798184,-97.196948,-0.121665,-0.963491,-0.238503
2135,neutron,19511.576325,0.000000,-0.276712,-92.000000,-0.407966,90.000000,-90.000000,0.000000,-1.000000,0.000000
2136,neutron,19511.576325,579.034721,2.742864,-92.000000,0.022764,90.000000,-90.000000,0.000000,-1.000000,0.000000
2137,neutron,19511.576325,0.074406,-0.370144,-92.000000,-1.805058,90.000000,-90.000000,0.000000,-1.000000,0.000000
2202,pi+,1671.523350,1295.802997,0.140759,-92.000000,-0.899706,98.270518,-73.803991,0.276023,-0.950326,-0.143847
2203,neutron,19511.575988,608.884167,-1.475252,-92.000000,2.937837,90.006677,-89.994134,0.000102,-1.000000,-0.000117
1895,pi+,1610.566154,3054.361653,2.531474,-92.000000,1.900232,78.754739,-86.553033,0.058970,-0.979027,0.195009
2052,gamma,0.220173,167.931566,1.621761,-92.000000,-1.004071,82.809787,-55.215618,0.566003,-0.814846,0.125164
2138,neutron,1.392557,2761.627364,-0.880467,-92.000000,0.854434,109.735545,-61.711182,0.446079,-0.828846,-0.337679
2139,neutron,19510.079022,0.000000,2.568126,-92.000000,-1.382124,89.928494,-89.530965,0.008186,-0.999966,0.001248
2140,neutron,19511.576325,0.142559,-1.502881,-92.000000,-2.668315,90.000000,-90.000000,0.000000,-1.000000,0.000000
2053,gamma,0.510999,2.417165,-0.751297,-92.000000,-2.391226,128.832979,-147.337605,-0.655794,-0.420405,-0.627052
2204,pi-,4677.296810,168.239839,2.155832,-92.000000,-0.778206,89.322252,-86.153094,0.067086,-0.997677,0.011829
1896,pi+,2995.300959,2314.557151,-0.793701,-92.000000,1.044448,81.168787,-83.988129,0.103493,-0.982710,0.153524
2054,neutron,10752.397624,1354.339577,-1.629872,-92.000000,-2.978981,88.951207,-89.668339,0.005788,-0.999816,0.018304
2055,neutron,19511.576325,370.428811,-2.969058,-92.000000,2.694150,90.000000,-90.000000,0.000000,-1.000000,0.000000
2141,neutron,88.775437,2617.584048,0.019894,-92.000000,-1.954677,102.179242,-117.915719,-0.457635,-0.863749,-0.210971
2205,pi+,2476.528542,1663.973013,2.336208,-92.000000,-2.486294,97.587487,-93.365731,-0.058195,-0.989535,-0.132040
2056,gamma,1656.308208,2599.752442,-1.990396,-92.000000,-0.895955,89.078611,-95.221708,-0.090998,-0.995721,0.016081
2206,neutron,19511.576325,1370.196272,-1.632792,-92.000000,2.631855,90.000000,-90.000000,0.000000,-1.000000,0.000000
2207,proton,13248.314352,881.545604,-0.679017,-92.000000,0.274475,90.576197,-88.365231,0.028527,-0.999542,-0.010056
2057,proton,18783.516439,1180.812935,1.825683,-92.000000,2.225988,90.812653,-91.149954,-0.020067,-0.999698,-0.014183
2058,neutron,19511.576325,389.234352,1.072351,-92.000000,2.007725,90.000000,-90.000000,0.000000,-1.000000,0.000000
2142,neutron,44.301697,1177.700248,1.640271,-92.000000,-0.328292,117.173053,-90.112563,-0.001748,-0.889630,-0.456680
2143,neutron,19511.576325,0.000000,2.242680,-92.000000,0.842895,90.000000,-90.000000,0.000000,-1.000000,0.000000
2144,neutron,19511.576325,0.030328,-2.758906,-92.000000,1.410701,90.000000,-90.000000,0.000000,-1.000000,0.000000
2145,neutron,19511.559260,0.000000,-1.377170,-92.000000,1.959334,90.081751,-90.017631,-0.000308,-0.999999,-0.001427
1897,neutron,0.947743,1024.286398,-0.870654,-92.000000,2.074305,97.905607,-62.075625,0.463855,-0.875169,-0.137541
2059,gamma,0.068005,1762.787052,1.877396,-92.000000,-0.580347,109.000679,-85.115251,0.080512,-0.942081,-0.325579
2060,neutron,19384.868715,1438.299469,1.449937,-92.000000,-1.860999,90.370533,-91.039834,-0.018147,-0.999814,-0.006467
2061,neutron,19511.576325,0.000000,2.101695,-92.000000,1.628237,90.000000,-90.000000,0.000000,-1.000000,0.000000
2208,pi-,3795.013484,4155.854575,-2.803980,-92.000000,2.194593,85.610017,-91.658387,-0.028855,-0.996649,0.076545
2146,gamma,0.063437,100.745345,-1.680601,-92.000000,0.421942,86.782504,-80.611988,0.162862,-0.985051,0.056126
2147,neutron,19511.576325,0.000000,-0.828505,-92.000000,2.863612,90.000000,-90.000000,0.000000,-1.000000,0.000000
2149,mu+,1007.441014,2574.801894,-2.200120,-92.000000,-0.764097,112.858180,-109.717755,-0.310892,-0.867440,-0.388451
2150,neutron,19511.576325,0.000000,0.796561,-92.000000,-0.369528,90.000000,-90.000000,0.000000,-1.000000,0.000000
2209,gamma,7.323647,2265.724022,-2.639973,-92.000000,0.238242,49.117186,-118.238408,-0.357719,-0.666070,0.654514
2063,gamma,0.943862,379.692832,-0.556642,-92.000000,-2.362469,84.989257,-88.707067,0.022478,-0.995925,0.087343
1898,gamma,0.639356,85.896611,2.494909,-92.000000,-1.486332,98.086434,-68.194960,0.367756,-0.919222,-0.140667
2064,e+,2.237158,816.660929,0.322323,-92.000000,-1.202982,68.911116,-87.112248,0.047005,-0.931839,0.359816
2210,neutron,51.106760,1600.563584,-0.373464,-92.000000,-2.805163,88.790509,-77.855166,0.210337,-0.977401,0.021108
2211,neutron,19511.576325,0.000000,-0.768211,-92.000000,0.994663,90.000000,-90.000000,0.000000,-1.000000,0.000000
2212,neutron,19507.873315,0.000000,0.302899,-92.000000,-0.696977,91.151867,-90.072501,-0.001265,-0.999797,-0.020103
2300,neutron,19510.809337,0.000000,-2.868782,-92.000000,-0.691308,90.285951,-90.286326,-0.004997,-0.999975,-0.004991
2152,nu_mu,446.482144,0.000000,0.135607,-92.000000,0.997921,88.023353,-91.269932,-0.022149,-0.999159,0.034492
2065,gamma,0.101551,2546.733607,2.647991,-92.000000,-1.263077,74.054549,-65.085897,0.405051,-0.872045,0.274722
2301,neutron,92.557748,706.897864,-2.561728,-92.000000,-2.616845,82.883599,-135.385177,-0.706361,-0.696927,0.123886
2214,neutron,19511.576325,0.000000,2.423404,-92.000000,2.062130,90.000000,-90.000000,0.000000,-1.000000,0.000000
2215,neutron,19509.831723,0.000000,1.431904,-92.000000,0.454173,90.857769,-90.152942,-0.002669,-0.999884,-0.014970
2216,e+,163.842166,341.917581,-2.607393,-92.000000,0.262459,93.429298,-82.714966,0.126578,-0.990151,-0.059817
2217,neutron,19140.224997,0.000000,1.841333,-92.000000,-1.768589,88.952396,-90.338330,-0.005904,-0.999815,0.018283
2153,mu+,2348.825426,193.553835,-2.305514,-92.000000,0.813641,88.131893,-88.357631,0.028646,-0.999058,0.032599
2218,e-,178.047099,332.394755,2.279958,-92.000000,-2.901902,104.298976,-92.552273,-0.043151,-0.968059,-0.246982
2066,gamma,3.038892,1868.572739,-1.673157,-92.000000,0.249795,67.385793,-136.854705,-0.673525,-0.631273,0.384524
2302,proton,170.171343,3104.774335,-2.235109,-92.000000,1.057701,94.029829,-100.085354,-0.174682,-0.982114,-0.070276
2303,neutron,19511.576325,0.000000,1.054668,-92.000000,0.143196,90.000000,-90.000000,0.000000,-1.000000,0.000000
2219,neutron,29.293402,1472.433110,-0.906075,-92.000000,-2.806347,96.310237,-118.131371,-0.468638,-0.876526,-0.109912
2067,neutron,409.881746,2390.656891,2.538208,-92.000000,0.226570,86.759584,-57.384598,0.538135,-0.840961,0.056526
2068,neutron,19511.576325,0.000000,-0.919407,-92.000000,-0.254030,90.000000,-90.000000,0.000000,-1.000000,0.000000
2304,gamma,2.830342,440.534213,2.137593,-92.000000,1.982946,103.359330,-87.382230,0.044437,-0.971925,-0.231057
2220,neutron,19511.576325,2423.624893,1.105396,-92.000000,1.490759,90.000000,-90.000000,0.000000,-1.000000,0.000000
2069,neutron,6.284025,2074.483370,-1.005425,-92.000000,-1.411632,92.286443,-66.299619,0.401634,-0.914931,-0.039895
2154,neutron,27.178300,2721.103391,-0.605383,-92.000000,1.160436,87.155102,-129.810074,-0.639456,-0.767224,0.049632
2155,neutron,9.062835,309.529409,1.968168,-92.000000,2.850039,68.212230,-64.979564,0.392729,-0.841426,0.371170
2156,neutron,19511.576325,0.000000,-1.254916,-92.000000,-1.823835,90.000000,-90.000000,0.000000,-1.000000,0.000000
2157,proton,12821.981269,238.771303,1.737614,-92.000000,2.716454,92.935154,-89.078353,0.016064,-0.998559,-0.051206
2221,gamma,1331.453393,1875.682809,1.778248,-92.000000,1.098195,85.496691,-95.728652,-0.099509,-0.991934,0.078517
2158,neutron,19071.017226,950.643600,-2.510603,-92.000000,0.754717,88.026434,-90.602788,-0.010514,-0.999352,0.034438
2306,pi-,410.102936,1740.554098,-1.984673,-92.000000,2.694345,94.392976,-89.577994,0.007344,-0.997035,-0.076597
2222,neutron,90.562798,1921.136644,-1.935100,-92.000000,0.369587,107.591367,-84.427963,0.092557,-0.948732,-0.302226
2070,anti_nu_mu,693.856008,80.909864,2.261073,-92.000000,1.156896,90.443246,-90.262841,-0.004587,-0.999960,-0.007736
2159,gamma,1.728518,3087.051692,2.513539,-92.000000,2.012801,62.181203,-50.345399,0.564405,-0.680926,0.466677
2071,gamma,0.077106,2823.570842,1.731037,-92.000000,-2.816461,123.671314,-103.342876,-0.192061,-0.809767,-0.554428
2308,neutron,19511.576325,2108.416001,-1.665395,-92.000000,-2.943510,90.000000,-90.000000,0.000000,-1.000000,0.000000
2160,neutron,19511.553394,3273.100658,0.903973,-92.000000,-1.562351,90.062979,-90.097253,-0.001697,-0.999998,-0.001099
2223,neutron,0.895566,306.101135,-0.950109,-92.000000,2.573026,45.340701,-128.881828,-0.446494,-0.553705,0.702890
2224,neutron,19511.576325,103.453857,0.392748,-92.000000,0.230132,90.000000,-90.000000,0.000000,-1.000000,0.000000
2072,mu-,495.339092,695.143767,-1.495985,-92.000000,-2.990212,101.656535,-76.741370,0.224617,-0.953271,-0.202044
2161,neutron,1.805328,991.413957,1.704682,-92.000000,2.959078,68.675985,-68.264599,0.344968,-0.865310,0.363642
2310,mu-,30.848190,343.382524,-1.322151,-92.000000,0.018539,86.892756,-99.325442,-0.161804,-0.985333,0.054205
2311,neutron,19511.576325,0.212714,1.954350,-92.000000,-1.877087,90.000000,-90.000000,0.000000,-1.000000,0.000000
2225,neutron,20.301919,62.523195,1.274996,-92.000000,-0.432081,78.290597,-37.974335,0.771882,-0.602504,0.202948
2226,neutron,19510.958914,204.963970,-0.975799,-92.000000,-1.373715,90.306168,-90.225689,-0.003939,-0.999978,-0.005344
2227,gamma,0.278017,1251.868473,-1.483148,-92.000000,-0.788296,112.367762,-103.225779,-0.211575,-0.900232,-0.380550
2312,neutron,0.237101,2957.945765,0.479582,-92.000000,-1.416098,84.858223,-96.183704,-0.107283,-0.990181,0.089621
2313,neutron,19511.576325,280.293421,-0.935709,-92.000000,0.939148,90.000000,-90.000000,0.000000,-1.000000,0.000000
2162,mu-,2099.880895,82.449847,-2.483763,-92.000000,-2.749881,92.639637,-91.960079,-0.034167,-0.998354,-0.046054
2314,neutron,19115.149854,0.000000,2.465199,-92.000000,-1.521200,89.735364,-91.529023,-0.026683,-0.999633,0.004619
2074,gamma,1.089151,586.219460,-2.504204,-92.000000,-2.667291,144.714442,-100.623513,-0.106493,-0.567751,-0.816283
2075,neutron,19511.576325,0.000000,-2.342698,-92.000000,-2.313874,90.000000,-90.000000,0.000000,-1.000000,0.000000
2315,neutron,19390.672595,1076.559594,2.378822,-92.000000,-2.433414,89.514904,-90.310999,-0.005428,-0.999949,0.008466
2228,neutron,2.746123,1515.039911,-1.766337,-92.000000,-0.968555,119.607583,-84.486819,0.083530,-0.865408,-0.494057
2229,neutron,19511.576325,0.000000,-0.923045,-92.000000,0.691944,90.000000,-90.000000,0.000000,-1.000000,0.000000
2163,neutron,4.794570,1833.825105,0.576880,-92.000000,0.195273,90.469069,-98.153118,-0.141814,-0.989859,-0.008187
2164,neutron,182.878661,916.800497,0.826303,-92.000000,-0.102546,49.591403,-59.799308,0.383028,-0.658090,0.648234
2230,neutron,19511.576325,1037.792068,1.737071,-92.000000,2.863221,90.000000,-90.000000,0.000000,-1.000000,0.000000
2231,neutron,19466.655222,0.134160,-0.159687,-92.000000,2.241499,90.050631,-89.483024,0.009023,-0.999959,-0.000884
2232,neutron,19511.576325,0.000000,-2.760760,-92.000000,0.933844,90.000000,-90.000000,0.000000,-1.000000,0.000000
2233,neutron,19458.169908,0.000000,-1.516705,-92.000000,-0.943303,89.311987,-90.177125,-0.003091,-0.999923,0.012008
2234,neutron,19511.529384,0.000000,2.482534,-92.000000,1.684587,89.898142,-90.024978,-0.000436,-0.999998,0.001778
2235,neutron,19511.576325,0.275288,-2.959531,-92.000000,2.506463,90.000000,-90.000000,0.000000,-1.000000,0.000000
2076,pi+,513.960712,4156.684549,-1.832716,-92.000000,-0.633924,84.712044,-88.871407,0.019613,-0.995551,0.092161
2316,proton,12783.074750,1743.773610,-1.373228,-92.000000,2.682802,88.116911,-90.468257,-0.008168,-0.999427,0.032860
2165,gamma,153.963104,3072.922045,-0.333398,-92.000000,1.360158,80.475434,-102.959387,-0.221169,-0.961095,0.165470
2166,neutron,19511.576325,0.256275,-0.705779,-92.000000,1.446052,90.000000,-90.000000,0.000000,-1.000000,0.000000
2078,e+,2.642008,1035.735638,2.456669,-92.000000,0.137488,74.635236,-108.326622,-0.303195,-0.915351,0.264963
2236,gamma,0.283891,1427.354437,1.374781,-92.000000,-1.979368,105.556547,-118.920233,-0.465876,-0.843229,-0.268189
2317,pi+,647.945750,1726.239586,2.713063,-92.000000,-0.164797,75.151124,-77.489342,0.209387,-0.943654,0.256270
2318,neutron,19511.576325,0.000000,1.902825,-92.000000,2.507633,90.000000,-90.000000,0.000000,-1.000000,0.000000
2319,neutron,19511.576325,0.000000,-0.301857,-92.000000,-1.998809,90.000000,-90.000000,0.000000,-1.000000,0.000000
2167,neutron,19511.571919,3633.371456,2.787557,-92.000000,2.705209,89.976095,-89.955188,0.000782,-1.000000,0.000417
2237,neutron,0.607654,1575.208887,-0.436697,-92.000000,-2.036619,80.339358,-82.713834,0.125027,-0.977859,0.167812
2238,pi+,2572.655485,1230.260735,1.043639,-92.000000,2.020227,90.304264,-86.137492,0.067361,-0.997715,-0.005310
2168,pi-,1444.777742,2877.874156,1.971289,-92.000000,1.766071,94.837370,-73.081152,0.289980,-0.953310,-0.084328
2169,neutron,19511.463427,0.000000,-2.823305,-92.000000,-2.583392,89.793843,-89.938596,0.001072,-0.999993,0.003598
2320,pi+,205.279995,3831.004850,1.610891,-92.000000,1.705472,74.219596,-91.764977,-0.029639,-0.961855,0.271951
2321,neutron,19511.576325,0.000000,-0.229992,-92.000000,2.462018,90.000000,-90.000000,0.000000,-1.000000,0.000000
2079,gamma,0.135155,1331.129794,2.413702,-92.000000,-2.209966,88.726304,-90.190984,-0.003332,-0.999747,0.022228
2080,pi+,2627.574934,610.035142,0.980111,-92.000000,-2.771986,98.650271,-74.602756,0.262490,-0.953141,-0.150403
2323,neutron,19511.433767,0.000000,0.472748,-92.000000,2.445529,89.954038,-90.176894,-0.003087,-0.999995,0.000802
2170,e+,530.465461,1433.989850,-2.392421,-92.000000,-0.832055,93.400016,-92.608340,-0.045428,-0.997206,-0.059307
2081,gamma,0.295133,478.604216,2.005030,-92.000000,0.037276,74.647053,-74.467233,0.258233,-0.929094,0.264764
2240,gamma,0.078610,3101.233553,2.366213,-92.000000,-0.057440,85.049246,-90.424870,-0.007388,-0.996242,0.086299
2324,neutron,10.892091,2479.738088,-0.536059,-92.000000,1.215242,47.890060,-58.936334,0.382792,-0.635473,0.670555
2171,neutron,19511.576325,612.537306,-0.232090,-92.000000,-0.184961,90.000000,-90.000000,0.000000,-1.000000,0.000000
2172,neutron,19511.392706,0.000000,-0.576759,-92.000000,-1.446022,89.891953,-89.838776,0.002814,-0.999994,0.001886
2241,proton,3621.508101,1071.456372,-2.050255,-92.000000,-2.370134,89.654567,-87.520430,0.043262,-0.999046,0.006029
2082,neutron,19511.576325,1805.907482,-2.409821,-92.000000,1.865468,90.000000,-90.000000,0.000000,-1.000000,0.000000
2242,neutron,19509.400719,1134.550838,-1.661369,-92.000000,-0.737219,89.650210,-90.622487,-0.010864,-0.999922,0.006105
2243,neutron,19511.576325,0.000000,-0.299204,-92.000000,-1.019701,90.000000,-90.000000,0.000000,-1.000000,0.000000
2083,gamma,4.885860,721.726349,-0.979355,-92.000000,2.899117,95.976069,-105.456030,-0.265050,-0.958597,-0.104113
2325,neutron,18.134604,2439.101653,0.709803,-92.000000,1.949203,41.366466,-122.061602,-0.350812,-0.560075,0.750498
2244,gamma,0.110054,0.110054,0.164783,-92.000000,1.788802,113.272742,-83.589779,0.102562,-0.912891,-0.395109
2084,neutron,59.889407,1416.123502,0.464909,-92.000000,0.226192,89.407617,-112.416782,-0.381321,-0.924385,0.010339
2326,neutron,45.038997,1965.860342,1.977278,-92.000000,-2.177794,79.851414,-77.851986,0.207145,-0.962312,0.176202
2327,neutron,19510.277397,0.000000,1.677119,-92.000000,2.478584,89.648186,-89.575018,0.007417,-0.999954,0.006140
2173,neutron,5.491413,309.642669,-1.852408,-92.000000,2.716193,93.385880,-122.135812,-0.530999,-0.845311,-0.059060
2085,gamma,0.114923,2344.457481,0.828406,-92.000000,-2.389478,133.950532,-102.116019,-0.151109,-0.703902,-0.694037
2086,gamma,3.363797,2636.988429,-0.306569,-92.000000,-2.327369,106.303882,-107.579572,-0.289884,-0.914963,-0.280732
2328,proton,16358.204943,102.450678,2.206584,-92.000000,2.215330,88.802612,-89.962474,0.000655,-0.999781,0.020897
2245,neutron,81.137894,2265.526188,-0.270396,-92.000000,-0.612948,128.995456,-58.294161,0.408462,-0.661205,-0.629259
2087,neutron,19319.034094,3.019242,2.815261,-92.000000,-0.304445,91.612936,-90.151368,-0.002641,-0.999600,-0.028147
2329,proton,223.226836,999.589923,0.873523,-92.000000,1.028669,42.848434,-56.308528,0.377244,-0.565836,0.733155
2330,neutron,19511.576325,0.000000,-1.940620,-92.000000,1.214169,90.000000,-90.000000,0.000000,-1.000000,0.000000
2246,gamma,1.223448,2538.622111,1.527598,-92.000000,1.177283,111.051827,-103.541486,-0.218521,-0.907312,-0.359212
2176,neutron,579.892092,249.820157,1.747252,-92.000000,2.255164,90.256180,-95.648161,-0.098418,-0.995135,-0.004471
2177,neutron,19511.576325,219.108062,-1.572234,-92.000000,-0.293195,90.000000,-90.000000,0.000000,-1.000000,0.000000
2331,proton,11187.586256,675.811702,-0.018788,-92.000000,0.430807,90.274730,-90.137984,-0.002408,-0.999986,-0.004795
2179,neutron,19511.380780,0.000000,1.405435,-92.000000,-2.929346,90.336035,-90.039489,-0.000689,-0.999983,-0.005865
2180,neutron,0.000008,0.000000,-0.751464,-92.000000,2.960267,63.499293,-119.301685,-0.437985,-0.780427,0.446209
2247,gamma,3.016890,4101.112870,2.040035,-92.000000,0.227429,86.921129,-86.822691,0.055346,-0.997022,0.053711
2181,gamma,8.952921,1044.019511,-1.562826,-92.000000,-0.612270,74.904358,-95.311340,-0.089373,-0.961347,0.260431
2182,neutron,19263.697122,0.000000,0.540667,-92.000000,1.468890,87.981591,-90.020502,-0.000358,-0.999379,0.035221
2183,neutron,19411.380323,0.000000,-1.705444,-92.000000,-2.033779,88.378574,-89.837002,0.002844,-0.999596,0.028295
2184,gamma,0.060520,146.078189,-1.591391,-92.000000,0.688796,116.458023,-87.426653,0.040196,-0.894358,-0.445542
2185,neutron,0.000014,0.000000,-2.994013,-92.000000,-0.457776,132.250440,-91.764957,-0.022798,-0.739862,-0.672372
2186,neutron,19511.576325,0.000000,-0.057032,-92.000000,-2.745029,90.000000,-90.000000,0.000000,-1.000000,0.000000
2188,neutron,19462.807552,15.907859,1.922676,-92.000000,0.002081,89.956456,-89.953476,0.000812,-0.999999,0.000760
2189,neutron,19511.576325,0.113664,0.191107,-92.000000,-2.544833,90.000000,-90.000000,0.000000,-1.000000,0.000000
2248,neutron,19511.101143,2178.795144,-1.113510,-92.000000,-0.298826,90.318613,-89.900847,0.001731,-0.999983,-0.005561
2091,neutron,216.572657,1414.065082,-2.133305,-92.000000,-0.426969,143.375617,-90.913777,-0.009514,-0.596491,-0.802564
2092,neutron,19511.576325,0.000000,-2.205443,-92.000000,1.115940,90.000000,-90.000000,0.000000,-1.000000,0.000000
2190,neutron,19511.576325,782.613874,0.319445,-92.000000,-1.906155,90.000000,-90.000000,0.000000,-1.000000,0.000000
2249,neutron,19511.576325,231.777981,-2.209823,-92.000000,2.439614,90.000000,-90.000000,0.000000,-1.000000,0.000000
2333,gamma,0.080700,3500.553324,-1.633728,-92.000000,2.098661,67.674226,-115.166181,-0.393368,-0.837233,0.379872
2335,neutron,19511.423947,0.000000,0.003264,-92.000000,-1.622194,89.857946,-89.944390,0.000971,-0.999996,0.002479
2093,neutron,1.996353,1687.455812,-0.957503,-92.000000,-1.510350,83.734232,-58.540644,0.518776,-0.847915,0.109140
2191,pi+,7585.639177,1867.289444,-2.289630,-92.000000,-0.499090,95.479454,-93.790523,-0.065807,-0.993253,-0.095489
2192,neutron,20.440219,961.417750,-1.780845,-92.000000,1.333626,101.758497,-68.132046,0.364653,-0.908570,-0.203787
2250,gamma,1410.159003,3293.541625,1.159948,-92.000000,0.864436,97.901557,-79.726156,0.176660,-0.974625,-0.137471
2094,gamma,0.064700,2843.520147,1.896451,-92.000000,-0.884760,114.885624,-98.848888,-0.139546,-0.896352,-0.420808
2095,neutron,19511.459636,0.000000,0.716365,-92.000000,-0.987299,90.085893,-89.798885,0.003510,-0.999993,-0.001499
2193,neutron,19511.576325,1088.496799,0.971397,-92.000000,-1.769497,90.000000,-90.000000,0.000000,-1.000000,0.000000
2194,neutron,19511.576325,0.000000,-2.899781,-92.000000,0.701762,90.000000,-90.000000,0.000000,-1.000000,0.000000
2195,gamma,3201.094830,103.429651,-2.949479,-92.000000,1.145600,86.380903,-90.145920,-0.002542,-0.998003,0.063123
2336,neutron,8.905062,4369.377807,-2.226880,-92.000000,1.774763,85.450409,-127.856106,-0.611747,-0.787067,0.079322
2337,neutron,19395.086928,1142.901386,1.084610,-92.000000,1.356578,91.371789,-88.942393,0.018452,-0.999543,-0.023940
2251,neutron,43.924385,1618.315913,2.864207,-92.000000,2.343158,74.557832,-89.683784,0.005320,-0.963885,0.266266
2252,neutron,19511.576325,0.000000,1.737794,-92.000000,-2.342151,90.000000,-90.000000,0.000000,-1.000000,0.000000
2196,gamma,0.075771,2522.433204,2.046572,-92.000000,2.730676,65.734726,-34.679228,0.749698,-0.518713,0.410962
2253,gamma,0.248785,565.879712,2.996355,-92.000000,-0.609118,70.108637,-81.493220,0.139101,-0.929994,0.340238
2096,neutron,47.971882,2726.492998,1.021556,-92.000000,-1.247425,109.850073,-109.760278,-0.317998,-0.885198,-0.339560
2097,neutron,19511.576325,0.000000,-0.060748,-92.000000,1.326848,90.000000,-90.000000,0.000000,-1.000000,0.000000
2338,neutron,14.649176,1896.722970,-1.765763,-92.000000,-2.433798,85.007401,-77.428472,0.216832,-0.972322,0.087027
2098,neutron,19511.576325,1831.575209,0.432992,-92.000000,1.419728,90.000000,-90.000000,0.000000,-1.000000,0.000000
2099,neutron,19511.576325,0.000000,-2.069050,-92.000000,-1.618157,90.000000,-90.000000,0.000000,-1.000000,0.000000
2254,neutron,2422.602788,2187.748173,-1.857306,-92.000000,-0.384857,106.289548,-88.008324,0.033359,-0.959277,-0.280492
2197,gamma,0.498438,1903.070035,0.425009,-92.000000,1.788254,92.128246,-93.708785,-0.064641,-0.997217,-0.037136
2339,neutron,10.790425,2821.416639,-0.859748,-92.000000,0.858311,69.327112,-77.589117,0.201082,-0.913747,0.353032
2340,neutron,19511.576325,0.363191,-2.873398,-92.000000,2.664343,90.000000,-90.000000,0.000000,-1.000000,0.000000
2255,neutron,55.553200,2784.157841,-0.241900,-92.000000,0.491700,115.075817,-120.176028,-0.455282,-0.783006,-0.423817
2256,neutron,19511.576325,0.235274,-2.886011,-92.000000,-0.719154,90.000000,-90.000000,0.000000,-1.000000,0.000000
2257,neutron,19511.576325,209.591207,2.831223,-92.000000,-1.274744,90.000000,-90.000000,0.000000,-1.000000,0.000000
2198,proton,18492.287075,1148.374693,2.356008,-92.000000,0.413972,90.364296,-89.343858,0.011451,-0.999914,-0.006358
2341,pi-,6386.210822,1295.497407,-2.312628,-92.000000,0.227280,90.244352,-92.301467,-0.040157,-0.999184,-0.004265
2342,neutron,19511.576325,0.000000,-1.844929,-92.000000,0.245487,90.000000,-90.000000,0.000000,-1.000000,0.000000
2343,neutron,19511.518003,592.321730,-0.036638,-92.000000,-2.933245,90.102037,-89.942953,0.000996,-0.999998,-0.001781
2400,pi+,790.093228,4099.015964,-1.854213,-92.000000,-0.932214,112.162145,-92.422605,-0.039147,-0.925292,-0.377229
2199,gamma,0.179540,1201.691593,-1.413592,-92.000000,-0.862713,65.604417,-83.334366,0.105711,-0.904559,0.413034
2258,neutron,1.395799,2302.249716,-0.931228,-92.000000,-0.534921,55.384482,-92.445508,-0.035116,-0.822233,0.568067
2259,neutron,40.769034,1960.220775,1.994424,-92.000000,0.938199,58.585945,-106.137211,-0.237199,-0.819797,0.521219
2401,gamma,0.254418,3125.348680,-1.218874,-92.000000,1.647431,67.758943,-80.230048,0.157067,-0.912176,0.378504
2402,neutron,19371.393813,0.000000,-1.015538,-92.000000,0.626021,88.696006,-90.891841,-0.015561,-0.999620,0.022757
2501,neutron,19511.576325,304.109528,0.178711,-92.000000,1.695479,90.000000,-90.000000,0.000000,-1.000000,0.000000
2403,neutron,36.465358,674.546800,-1.421368,-92.000000,1.442474,94.121652,-71.768541,0.312047,-0.947344,-0.071874
2345,gamma,4.138625,994.842391,-1.403439,-92.000000,-2.537432,94.504426,-145.658280,-0.823137,-0.562385,-0.078536
2346,neutron,17879.286102,92.344380,-1.467524,-92.000000,0.095638,89.363029,-90.627608,-0.010953,-0.999878,0.011117
2502,pi-,6085.858320,1762.735477,-0.266293,-92.000000,0.323297,89.750916,-91.089791,-0.019019,-0.999810,0.004347
2260,neutron,0.547722,2761.339399,0.231340,-92.000000,1.530557,104.489582,-95.926806,-0.099974,-0.963018,-0.250204
2261,neutron,2.921075,143.873314,1.893720,-92.000000,-0.000338,111.691134,-101.443387,-0.184351,-0.910719,-0.369603
2262,neutron,19511.576325,452.394531,-0.310237,-92.000000,-0.811559,90.000000,-90.000000,0.000000,-1.000000,0.000000
2347,gamma,310.247469,2143.893268,-2.816730,-92.000000,0.369959,83.790698,-89.857851,0.002466,-0.994130,0.108161
2404,gamma,3.607266,2554.636343,0.647088,-92.000000,-2.940379,116.481821,-97.411002,-0.115452,-0.887599,-0.445914
2503,gamma,0.981380,1491.030651,0.043317,-92.000000,-1.455839,73.096695,-57.576295,0.513012,-0.807638,0.290757
2504,neutron,19359.631939,134.401981,-2.381652,-92.000000,2.709198,90.146888,-88.704429,0.022610,-0.999741,-0.002564
2405,neutron,19511.576325,757.696857,0.615364,-92.000000,-2.188508,90.000000,-90.000000,0.000000,-1.000000,0.000000
2406,gamma,0.240106,24.806226,1.377908,-92.000000,1.925425,52.776618,-63.819408,0.351322,-0.714591,0.604924
2263,gamma,5.503294,2038.784561,-2.388264,-92.000000,-1.675746,97.574360,-82.487175,0.129607,-0.982765,-0.131813
2264,neutron,19511.576325,0.000000,0.408403,-92.000000,-1.616666,90.000000,-90.000000,0.000000,-1.000000,0.000000
2506,neutron,19511.420625,0.089650,1.756448,-92.000000,0.405439,89.781732,-89.872828,0.002220,-0.999990,0.003809
2507,neutron,19511.576325,405.538085,-2.347988,-92.000000,2.728860,90.000000,-90.000000,0.000000,-1.000000,0.000000
2508,neutron,19385.802748,0.093639,1.831681,-92.000000,-1.694820,91.059223,-89.926619,0.001281,-0.999828,-0.018486
2349,neutron,19511.568509,0.218224,1.732276,-92.000000,1.275255,90.011265,-90.041286,-0.000721,-1.000000,-0.000197
2265,proton,519.017471,2253.624504,1.710853,-92.000000,1.675681,87.522135,-94.491536,-0.078239,-0.995997,0.043233
2266,neutron,19511.576325,0.000000,2.499599,-92.000000,-0.942832,90.000000,-90.000000,0.000000,-1.000000,0.000000
2407,gamma,0.549967,3028.350387,0.092314,-92.000000,1.439200,96.666090,-122.803043,-0.538090,-0.834855,-0.116083
2509,gamma,0.063115,1481.377286,2.745904,-92.000000,-0.948506,109.261900,-68.118619,0.351823,-0.876011,-0.329887
2267,neutron,19511.576325,734.166537,0.448802,-92.000000,1.861549,90.000000,-90.000000,0.000000,-1.000000,0.000000
2268,neutron,19511.576325,2984.359597,2.724992,-92.000000,-2.307660,90.000000,-90.000000,0.000000,-1.000000,0.000000
2408,neutron,77.745557,2968.153712,-1.944628,-92.000000,2.988026,78.640213,-84.538158,0.093318,-0.975958,0.196969
2510,pi-,600.844512,2431.273079,2.572561,-92.000000,0.036577,100.027991,-101.177976,-0.190896,-0.966042,-0.174129
2511,neutron,19511.576325,0.185124,-0.300978,-92.000000,1.622549,90.000000,-90.000000,0.000000,-1.000000,0.000000
2350,pi+,2581.902134,2186.074457,-2.189138,-92.000000,-0.142324,91.424325,-90.789234,-0.013770,-0.999596,-0.024857
2351,gamma,2.800622,25.352390,1.755640,-92.000000,1.652314,61.762165,-94.747439,-0.072914,-0.877969,0.473133
2352,neutron,19511.576325,0.228395,-2.575625,-92.000000,-1.970564,90.000000,-90.000000,0.000000,-1.000000,0.000000
2353,neutron,197.328724,1894.528682,0.891438,-92.000000,-2.179413,97.727083,-80.575091,0.162268,-0.977543,-0.134455
2512,neutron,1284.142732,1919.383152,-0.063233,-92.000000,-1.712642,98.830201,-92.358011,-0.040656,-0.987311,-0.153507
2409,neutron,0.000028,3437.859466,-0.165479,-92.000000,0.529906,47.666509,-120.655445,-0.376918,-0.635928,0.673445
2410,neutron,19510.116747,0.383976,-2.287238,-92.000000,2.583911,90.121493,-90.620430,-0.010828,-0.999939,-0.002120
2269,gamma,2.956219,5359.066809,1.483362,-92.000000,0.688954,80.196323,-62.193872,0.459669,-0.871614,0.170273
2270,gamma,0.343472,0.369647,0.683277,-92.000000,-2.675704,96.470444,-47.106422,0.676303,-0.727952,-0.112691
2354,gamma,0.106281,3489.282704,0.964326,-92.000000,-2.585956,109.487338,-91.952677,-0.032122,-0.942168,-0.333599
2271,gamma,0.093353,1907.088850,2.278282,-92.000000,-2.660120,92.496882,-42.023784,0.742162,-0.668803,-0.043565
2513,neutron,8051.996190,3629.559234,0.055558,-92.000000,-2.488892,91.361276,-90.788930,-0.013765,-0.999623,-0.023757
2514,neutron,19511.356384,60.325602,-0.714229,-92.000000,1.236051,90.126100,-89.811228,0.003295,-0.999992,-0.002201
2515,neutron,19511.576325,0.000000,0.724048,-92.000000,-2.854149,90.000000,-90.000000,0.000000,-1.000000,0.000000
2516,neutron,19511.576325,0.296199,1.238660,-92.000000,-2.695565,90.000000,-90.000000,0.000000,-1.000000,0.000000
2411,gamma,0.997678,3648.508853,0.650730,-92.000000,1.385056,84.813835,-72.838556,0.293857,-0.951566,0.090392
2517,neutron,13897.876735,1967.928051,0.791669,-92.000000,1.477730,89.629745,-91.161641,-0.020273,-0.999774,0.006462
2355,neutron,2895.429461,4817.151084,1.882218,-92.000000,-1.844122,94.357799,-85.680211,0.075105,-0.994276,-0.075985
2273,gamma,0.196634,2024.225231,1.244838,-92.000000,0.958998,81.122782,-118.770599,-0.475539,-0.866054,0.154318
2274,neutron,19511.576325,0.000000,-2.289934,-92.000000,-0.610076,90.000000,-90.000000,0.000000,-1.000000,0.000000
2518,neutron,8517.730730,736.384686,0.502750,-92.000000,0.727104,89.894141,-94.603397,-0.080258,-0.996772,0.001848
2275,gamma,0.646086,588.171465,-0.305615,-92.000000,0.801923,91.611020,-126.253483,-0.591125,-0.806090,-0.028114
2276,neutron,19511.576325,0.000000,-2.404961,-92.000000,0.694199,90.000000,-90.000000,0.000000,-1.000000,0.000000
2412,neutron,3.869570,2512.308453,0.158457,-92.000000,-0.165727,94.559962,-123.610394,-0.551790,-0.830185,-0.079502
2519,proton,2.447043,275.708360,0.772798,-92.000000,2.384237,91.500562,-136.214351,-0.721686,-0.691725,-0.026187
2520,neutron,19511.576325,0.000000,2.073041,-92.000000,2.938338,90.000000,-90.000000,0.000000,-1.000000,0.000000
2356,neutron,19511.515675,2041.337480,2.555846,-92.000000,-2.587439,90.141083,-90.076428,-0.001334,-0.999996,-0.002462
2277,neutron,19511.457944,1965.822184,2.777312,-92.000000,-0.821119,90.072025,-89.783679,0.003775,-0.999992,-0.001257
2521,gamma,0.194805,1897.749323,-1.584619,-92.000000,1.639799,90.140164,-121.322153,-0.519848,-0.854255,-0.002446
2413,neutron,13141.730447,1451.037324,-2.714984,-92.000000,-0.191126,86.947835,-89.962998,0.000645,-0.998581,0.053245
2357,gamma,0.823322,1819.393086,0.693759,-92.000000,-1.233508,75.490473,-80.928423,0.152640,-0.955997,0.250541
2278,neutron,7970.058464,2805.595622,-1.334320,-92.000000,0.245338,87.711821,-92.917933,-0.050865,-0.997907,0.039926
2522,neutron,19511.576325,3184.597863,-1.474709,-92.000000,2.228017,90.000000,-90.000000,0.000000,-1.000000,0.000000
2414,pi+,445.539735,1490.444061,0.285990,-92.000000,2.855245,86.162951,-111.774723,-0.370127,-0.926568,0.066919
2279,gamma,0.160412,1276.397369,-2.645353,-92.000000,0.992529,100.448742,-83.847683,0.105395,-0.977754,-0.181356
2524,gamma,0.567526,1573.876157,1.796282,-92.000000,-0.724617,69.600019,-64.401933,0.404958,-0.845285,0.348572
2358,gamma,1.791356,2101.635182,0.596800,-92.000000,0.224895,85.691120,-79.167560,0.187406,-0.979405,0.075133
2525,neutron,0.827879,1781.983307,-0.434196,-92.000000,-2.593697,93.196895,-86.065683,0.068506,-0.996091,-0.055767
2415,neutron,0.107983,1837.844083,1.626644,-92.000000,-1.842030,104.703132,-78.479538,0.193178,-0.947767,-0.253811
2416,neutron,19511.576325,0.000000,0.392990,-92.000000,-1.170603,90.000000,-90.000000,0.000000,-1.000000,0.000000
2280,neutron,19511.576325,4603.881734,-0.433207,-92.000000,-2.838283,90.000000,-90.000000,0.000000,-1.000000,0.000000
2526,proton,14337.742783,123.613318,-0.770604,-92.000000,1.465510,91.164857,-89.302066,0.012178,-0.999719,-0.020329
2281,neutron,35.186062,1826.561395,1.082264,-92.000000,-1.098519,119.124048,-105.219325,-0.229324,-0.842930,-0.486702
2360,neutron,16998.131261,89.118100,-1.640775,-92.000000,0.191947,89.472603,-90.980783,-0.017116,-0.999811,0.009205
2282,neutron,19511.573787,1648.342045,-2.071323,-92.000000,0.228107,90.031731,-89.978111,0.000382,-1.000000,-0.000554
2283,neutron,19511.576325,0.000000,-0.665038,-92.000000,1.655734,90.000000,-90.000000,0.000000,-1.000000,0.000000
2527,gamma,0.161142,3065.838230,-0.604458,-92.000000,-0.262451,81.245982,-90.625742,-0.010794,-0.988292,0.152193
2361,pi-,1129.971370,3258.510919,0.324766,-92.000000,1.990516,75.798442,-93.196347,-0.054054,-0.967931,0.245334
2284,neutron,1849.921092,2263.342616,2.665920,-92.000000,0.891841,107.546329,-82.366035,0.126663,-0.945023,-0.301477
2418,pi-,88.601237,459.060444,1.099051,-92.000000,-0.798553,51.210910,-65.352306,0.325063,-0.708440,0.626455
2362,neutron,51.134981,3001.958191,-1.056154,-92.000000,-2.377142,86.733943,-67.171218,0.387348,-0.920171,0.056973
2285,neutron,0.000440,1138.621575,2.612091,-92.000000,-1.823171,74.444021,-78.313780,0.195132,-0.943400,0.268180
2528,neutron,0.000048,5.561557,0.614531,-92.000000,-0.786725,84.783559,-78.125670,0.204914,-0.974548,0.090918
2529,neutron,19511.550646,233.306720,1.905676,-92.000000,0.827252,90.064841,-90.017605,-0.000307,-0.999999,-0.001132
2363,proton,6776.254477,84.085775,0.785431,-92.000000,-0.187380,90.484778,-88.883094,0.019492,-0.999774,-0.008461
2364,neutron,19511.576325,0.000000,-0.279503,-92.000000,-0.909231,90.000000,-90.000000,0.000000,-1.000000,0.000000
2286,neutron,4.556998,1555.629837,-2.348505,-92.000000,-2.415387,82.664548,-99.598464,-0.165378,-0.977931,0.127678
2419,gamma,0.329884,1673.368538,2.580625,-92.000000,2.295275,76.033763,-89.800177,0.003384,-0.970432,0.241350
2420,neutron,19511.358692,0.000000,-2.153535,-92.000000,-2.999098,90.067006,-90.215652,-0.003764,-0.999992,-0.001169
2530,neutron,5.205444,2562.342273,-1.778873,-92.000000,0.253276,105.717419,-122.436982,-0.516316,-0.812425,-0.270893
2531,neutron,19511.511086,0.000000,-0.641966,-92.000000,0.204165,90.120190,-90.029001,-0.000506,-0.999998,-0.002098
2421,neutron,19511.576325,2170.939471,-1.895068,-92.000000,0.058128,90.000000,-90.000000,0.000000,-1.000000,0.000000
2365,gamma,1.071718,3084.547312,0.261258,-92.000000,-2.766130,105.137902,-53.209370,0.578111,-0.773041,-0.261143
2422,neutron,19511.576325,2343.856966,-1.560428,-92.000000,-1.417852,90.000000,-90.000000,0.000000,-1.000000,0.000000
2366,neutron,10.147607,1672.334856,-1.085303,-92.000000,2.961687,59.494926,-116.703097,-0.387168,-0.769694,0.507615
2287,gamma,0.081754,1714.622753,-2.543129,-92.000000,-2.566132,125.719511,-100.770065,-0.151715,-0.797583,-0.583818
2288,neutron,19511.381012,0.000000,2.859148,-92.000000,0.135018,89.798545,-89.928018,0.001256,-0.999993,0.003516
2533,gamma,129.560702,150.618041,-1.111780,-92.000000,-0.839825,88.660587,-94.686894,-0.081688,-0.996384,0.023375
2534,neutron,19411.664900,0.000000,0.746530,-92.000000,-1.760972,89.175139,-90.417824,-0.007292,-0.999870,0.014396
2535,neutron,19511.576325,0.000000,1.226041,-92.000000,-0.680539,90.000000,-90.000000,0.000000,-1.000000,0.000000
2289,neutron,17478.741866,88.591352,1.794851,-92.000000,2.742145,90.043529,-90.109757,-0.001916,-0.999998,-0.000760
2536,neutron,19510.530056,290.047098,0.967012,-92.000000,1.757118,89.887521,-90.482203,-0.008416,-0.999963,0.001963
2423,neutron,19511.163292,2044.502896,-2.107094,-92.000000,0.684173,90.029310,-90.289605,-0.005055,-0.999987,-0.000512
2537,neutron,19511.576325,2054.972899,1.840630,-92.000000,-0.657306,90.000000,-90.000000,0.000000,-1.000000,0.000000
2290,neutron,8308.437979,1526.453145,2.112274,-92.000000,-1.130108,89.963730,-87.391514,0.045511,-0.998964,0.000633
2292,neutron,19511.576325,662.356667,-0.827554,-92.000000,2.350946,90.000000,-90.000000,0.000000,-1.000000,0.000000
2538,neutron,15049.321585,563.564437,1.260069,-92.000000,-2.897873,91.784758,-89.571451,0.007476,-0.999487,-0.031145
2367,gamma,0.140042,3410.956331,2.585049,-92.000000,1.220922,91.926906,-78.027569,0.207324,-0.977694,-0.033625
2293,pi+,2958.607557,1569.674162,2.246751,-92.000000,2.388030,100.585319,-96.287964,-0.107662,-0.977069,-0.183699
2368,gamma,0.834847,995.596887,0.894662,-92.000000,-0.896166,92.575518,-39.169587,0.774497,-0.630980,-0.044936
2369,neutron,19511.065211,0.510797,1.217358,-92.000000,2.210817,89.663802,-90.082074,-0.001432,-0.999982,0.005868
2425,pi-,977.810200,2843.097582,2.323947,-92.000000,2.271339,73.316139,-92.004756,-0.033510,-0.957317,0.287091
2540,neutron,634.245373,1518.667106,2.816885,-92.000000,-1.369298,109.371806,-86.829504,0.052176,-0.941942,-0.331697
2426,neutron,8114.153240,1790.455213,-2.683391,-92.000000,0.893580,91.694371,-92.390868,-0.041698,-0.998693,-0.029568
2294,proton,8681.562570,2257.794413,2.169412,-92.000000,2.161405,93.538291,-91.431700,-0.024938,-0.997782,-0.061716
2371,neutron,16956.986942,180.030498,-1.713136,-92.000000,0.272531,91.255198,-91.703197,-0.029715,-0.999318,-0.021906
2372,neutron,19399.456189,0.000000,-1.796659,-92.000000,1.810622,89.556101,-89.451556,0.009572,-0.999924,0.007747
2295,pi-,346.252084,1394.059677,-0.529448,-92.000000,-2.204419,78.676205,-73.310335,0.281597,-0.939228,0.196353
2296,neutron,19511.576325,0.000000,1.844902,-92.000000,-1.017121,90.000000,-90.000000,0.000000,-1.000000,0.000000
2541,neutron,19511.393598,250.397309,1.030060,-92.000000,-0.076710,90.202456,-89.957248,0.000746,-0.999993,-0.003534
2427,neutron,25.930311,1164.829237,-1.584846,-92.000000,1.209823,104.051599,-58.208604,0.511064,-0.824539,-0.242796
2297,gamma,4.584002,607.985929,2.942608,-92.000000,-1.851163,82.515384,-81.975110,0.138414,-0.981771,0.130260
2373,neutron,1.347086,673.434325,1.902522,-92.000000,-2.031816,137.173744,-70.014353,0.232338,-0.638840,-0.733418
2542,pi+,1041.476374,1753.929613,-1.204859,-92.000000,1.484201,77.498450,-78.025439,0.202558,-0.955046,0.216466
2543,neutron,19509.478156,0.000000,-2.079307,-92.000000,2.286682,89.687934,-90.980100,-0.017105,-0.999839,0.005447
2544,gamma,0.077933,251.946806,-1.441412,-92.000000,-2.528581,96.560233,-71.141686,0.321113,-0.940125,-0.114248
2428,gamma,5.069463,2489.324277,0.807232,-92.000000,1.278554,77.551972,-103.605526,-0.229706,-0.949090,0.215554
2429,neutron,19384.603005,153.881084,1.080841,-92.000000,0.880542,89.109267,-88.929711,0.018677,-0.999705,0.015546
2298,e+,56.661341,923.231203,-0.768753,-92.000000,-2.549937,90.025437,-95.607756,-0.097718,-0.995214,-0.000444
2299,neutron,19511.576325,0.000000,0.623035,-92.000000,-1.018666,90.000000,-90.000000,0.000000,-1.000000,0.000000
2545,proton,110.124098,2039.902010,1.103022,-92.000000,-2.757366,107.977362,-94.900792,-0.081260,-0.947701,-0.308641
2600,neutron,40.087144,530.820256,-0.649410,-92.000000,-0.673153,90.768931,-142.297319,-0.791124,-0.611509,-0.013420
2430,neutron,77.881853,1852.667035,-1.273410,-92.000000,2.067301,44.544708,-69.168653,0.249454,-0.655612,0.712703
2601,pi-,510.080296,182.824988,1.431777,-92.000000,2.001123,55.486377,-126.481955,-0.489920,-0.662526,0.566602
2546,neutron,3.909992,3024.150740,-1.360523,-92.000000,-2.989782,141.101219,-132.493665,-0.424183,-0.463018,-0.778257
2431,gamma,0.153377,209.896967,-1.327206,-92.000000,-2.126654,65.669844,-79.467457,0.166559,-0.895834,0.411994
2376,neutron,19511.576325,194.676328,2.986991,-92.000000,0.530962,90.000000,-90.000000,0.000000,-1.000000,0.000000
2602,gamma,0.467217,3143.189562,2.844701,-92.000000,-0.511783,121.242815,-87.932731,0.030841,-0.854420,-0.518666
2603,neutron,19511.576325,0.171919,0.419367,-92.000000,1.050573,90.000000,-90.000000,0.000000,-1.000000,0.000000
2547,gamma,4.161183,14.687847,2.027534,-92.000000,1.386727,86.292537,-111.066057,-0.358692,-0.931214,0.064662
2432,neutron,19511.576325,1972.759069,0.794715,-92.000000,2.242582,90.000000,-90.000000,0.000000,-1.000000,0.000000
2433,gamma,4.041143,3.868988,-0.676147,-92.000000,1.666723,72.416806,-71.937565,0.295567,-0.906301,0.302090
2604,neutron,19511.524007,1128.497076,-2.921030,-92.000000,-1.118953,89.882501,-89.917094,0.001447,-0.999997,0.002051
2434,gamma,3.155122,482.956352,1.176268,-92.000000,1.136412,82.422358,-108.020073,-0.306649,-0.942644,0.131870
2377,gamma,0.425565,1353.415880,0.851322,-92.000000,2.724875,90.289024,-45.398223,0.702166,-0.711995,-0.005044
2605,pi-,3276.954479,1669.798869,1.110706,-92.000000,-2.579392,71.108807,-88.945975,0.017404,-0.945975,0.323772
2378,neutron,19511.576325,1509.087428,0.634560,-92.000000,-0.740372,90.000000,-90.000000,0.000000,-1.000000,0.000000
2548,pi+,785.414283,2669.814326,-1.240975,-92.000000,1.451039,99.879280,-123.144792,-0.538649,-0.824876,-0.171573
2379,neutron,11054.154815,1591.488011,-0.319283,-92.000000,0.513607,91.291271,-89.622104,0.006594,-0.999724,-0.022535
2606,gamma,0.865797,88.261802,0.200238,-92.000000,0.825774,57.106033,-137.316129,-0.617251,-0.569261,0.543086
2436,gamma,1.133775,1430.283785,0.640194,-92.000000,-1.159052,112.411013,-41.456990,0.692849,-0.612054,-0.381248
2437,gamma,0.143478,557.998939,-0.689410,-92.000000,0.536990,53.354014,-70.452850,0.268448,-0.756097,0.596869
2607,neutron,19511.576325,2364.586066,-1.960340,-92.000000,2.025706,90.000000,-90.000000,0.000000,-1.000000,0.000000
2380,pi+,4841.968636,1788.183928,0.457559,-92.000000,-0.931100,81.271855,-96.479641,-0.111543,-0.982105,0.151746
2381,neutron,19510.802513,117.816775,0.854746,-92.000000,2.016080,90.284426,-90.316901,-0.005531,-0.999972,-0.004964
2608,pi+,1861.784212,1670.158765,-0.308402,-92.000000,-2.350902,96.150264,-87.930777,0.035899,-0.993596,-0.107136
2609,neutron,19511.179963,0.038942,1.410162,-92.000000,0.593980,89.891147,-89.715348,0.004968,-0.999986,0.001900
2610,neutron,19511.576325,0.073092,-1.913995,-92.000000,-2.481511,90.000000,-90.000000,0.000000,-1.000000,0.000000
2611,neutron,19511.327996,0.000000,-0.802806,-92.000000,-2.449841,89.958699,-89.762340,0.004148,-0.999991,0.000721
2612,neutron,19511.073982,0.016391,-0.716105,-92.000000,2.158762,90.303386,-89.839790,0.002796,-0.999982,-0.005295
2549,pi-,676.907025,3618.820754,1.306534,-92.000000,1.160807,116.018320,-80.840256,0.143055,-0.887195,-0.438659
2439,neutron,0.345709,1633.049139,-0.953949,-92.000000,-2.227657,79.178103,-106.021825,-0.271095,-0.944063,0.187757
2440,neutron,19510.649540,0.000000,-1.073511,-92.000000,-1.801395,89.793731,-89.615838,0.006705,-0.999971,0.003600
2441,neutron,19511.576325,0.000000,-0.322428,-92.000000,-0.215642,90.000000,-90.000000,0.000000,-1.000000,0.000000
2613,neutron,19511.576325,1892.580147,-1.885903,-92.000000,-0.901424,90.000000,-90.000000,0.000000,-1.000000,0.000000
2550,neutron,5273.245491,0.085471,-0.551382,-92.000000,1.545708,89.557378,-93.393239,-0.059187,-0.998217,0.007725
2383,neutron,19511.576325,7.011266,0.781214,-92.000000,0.345211,90.000000,-90.000000,0.000000,-1.000000,0.000000
2442,pi+,1091.514926,2253.170388,2.381739,-92.000000,-2.303454,105.288458,-76.494230,0.225278,-0.937936,-0.263679
2551,neutron,19511.576325,2124.791740,-1.213205,-92.000000,-0.967193,90.000000,-90.000000,0.000000,-1.000000,0.000000
2553,neutron,2.069287,2.258623,2.821073,-92.000000,-2.624942,101.132000,-98.145878,-0.139028,-0.971285,-0.193070
2615,neutron,19511.576325,2083.344640,-2.533881,-92.000000,2.800775,90.000000,-90.000000,0.000000,-1.000000,0.000000
2616,neutron,19511.366503,0.000000,-1.730044,-92.000000,2.961183,89.778835,-90.015842,-0.000276,-0.999993,0.003860
2443,neutron,19511.533518,2002.299070,1.805622,-92.000000,-1.706254,89.954779,-89.910639,0.001560,-0.999998,0.000789
2444,neutron,19511.565288,1797.788583,0.864894,-92.000000,-0.055596,90.042413,-89.947803,0.000911,-0.999999,-0.000740
2385,neutron,19511.441920,123.441978,0.278167,-92.000000,-0.318058,90.165095,-90.065092,-0.001136,-0.999995,-0.002881
2386,neutron,19511.576325,0.095384,0.288628,-92.000000,-2.590975,90.000000,-90.000000,0.000000,-1.000000,0.000000
2387,neutron,9.133388,4.635594,-1.280064,-92.000000,2.612602,79.787628,-106.737432,-0.283424,-0.942463,0.177297
2445,neutron,19511.576325,82.638937,0.953294,-92.000000,1.462763,90.000000,-90.000000,0.000000,-1.000000,0.000000
2446,neutron,19237.525782,0.000000,-2.683335,-92.000000,-0.779079,88.219857,-89.545598,0.007927,-0.999486,0.031064
2388,neutron,1.221908,622.151635,2.984152,-92.000000,2.346162,44.209533,-57.720895,0.372381,-0.589524,0.716795
2617,neutron,12.130321,1075.623040,-1.164005,-92.000000,-1.665185,92.770665,-59.030002,0.513988,-0.856435,-0.048338
2618,neutron,19511.576325,0.000000,-0.962074,-92.000000,2.278165,90.000000,-90.000000,0.000000,-1.000000,0.000000
2619,gamma,2.931965,852.671222,2.773627,-92.000000,-1.271591,112.423401,-47.638138,0.622864,-0.683036,-0.381448
2620,neutron,19511.576325,0.886813,2.344660,-92.000000,-0.842342,90.000000,-90.000000,0.000000,-1.000000,0.000000
2555,neutron,27.412789,2565.889134,0.024710,-92.000000,2.214256,95.332026,-129.491387,-0.633210,-0.768381,-0.092927
2556,neutron,19511.541920,0.000000,-0.846043,-92.000000,0.804929,90.074305,-89.949599,0.000880,-0.999999,-0.001297
2621,gamma,0.072297,1924.748785,-1.281092,-92.000000,2.122065,81.878668,-143.069870,-0.791352,-0.594815,0.141270
2622,neutron,19511.576325,0.000000,1.541595,-92.000000,-1.406989,90.000000,-90.000000,0.000000,-1.000000,0.000000
2557,gamma,1.273117,1155.186602,0.837981,-92.000000,0.788323,58.419909,-82.449778,0.111937,-0.844523,0.523690
2389,mu+,622.662651,783.916959,2.253249,-92.000000,-0.408564,93.814090,-90.048609,-0.000847,-0.997785,-0.066519
2623,gamma,0.510999,254.844549,-0.386298,-92.000000,1.334560,70.688784,-45.493459,0.661550,-0.673045,0.330699
2625,neutron,19511.576325,0.000000,-0.818226,-92.000000,0.328915,90.000000,-90.000000,0.000000,-1.000000,0.000000
2558,neutron,19511.576325,1255.006766,1.902443,-92.000000,1.656191,90.000000,-90.000000,0.000000,-1.000000,0.000000
2448,pi+,1969.651722,139.003612,2.871511,-92.000000,-0.672365,91.141704,-89.783906,0.003771,-0.999794,-0.019925
2559,neutron,18762.729804,816.283357,2.577786,-92.000000,-1.420801,89.880921,-92.397408,-0.041830,-0.999123,0.002078
2449,neutron,19511.576325,916.470791,2.120775,-92.000000,-1.994342,90.000000,-90.000000,0.000000,-1.000000,0.000000
2450,neutron,19511.576325,0.000000,-0.930233,-92.000000,1.904944,90.000000,-90.000000,0.000000,-1.000000,0.000000
2451,neutron,19511.576325,63.646110,-1.614145,-92.000000,2.354218,90.000000,-90.000000,0.000000,-1.000000,0.000000
2560,gamma,0.186768,164.699940,-0.571300,-92.000000,-1.462363,69.918004,-122.533844,-0.505101,-0.791817,0.343365
2390,pi+,492.529500,3710.228714,-1.653388,-92.000000,0.219554,87.091008,-93.978283,-0.069289,-0.996305,0.050750
2391,neutron,19511.319504,0.000000,0.156275,-92.000000,-1.888583,90.162709,-90.183586,-0.003204,-0.999991,-0.002840
2392,neutron,19511.386048,0.000000,1.159227,-92.000000,2.669605,89.904278,-89.737660,0.004579,-0.999988,0.001671
2627,neutron,19511.576325,0.000000,-0.745317,-92.000000,-2.099548,90.000000,-90.000000,0.000000,-1.000000,0.000000
2393,pi+,1245.463622,1510.744762,-1.965862,-92.000000,2.643651,86.973514,-74.960803,0.259118,-0.964402,0.052798
2394,neutron,19511.095527,0.000000,-1.533759,-92.000000,1.037806,90.119750,-90.159653,-0.002786,-0.999994,-0.002090
2395,neutron,19511.576325,0.205977,-1.283581,-92.000000,-2.212131,90.000000,-90.000000,0.000000,-1.000000,0.000000
2628,mu-,971.801809,91.847483,-2.800720,-92.000000,-1.570032,90.960877,-99.708837,-0.168618,-0.985539,-0.016770
2561,neutron,38.787893,4169.011468,0.457657,-92.000000,1.258765,86.393476,-113.495401,-0.397886,-0.915276,0.062904
2453,pi+,1426.210804,1656.465490,2.106252,-92.000000,-2.350800,91.052744,-95.874717,-0.102336,-0.994580,-0.018373
2396,neutron,748.594914,3258.828024,-0.417958,-92.000000,-1.548692,109.646850,-86.670745,0.054693,-0.940193,-0.336222
2630,neutron,19510.072155,1214.963757,0.965983,-92.000000,-0.985760,90.412463,-89.642755,0.006235,-0.999955,-0.007199
2563,proton,9438.143410,1706.217548,-1.102937,-92.000000,-1.320229,91.872754,-87.001161,0.052288,-0.998097,-0.032680
2454,neutron,0.012288,1957.437125,0.049396,-92.000000,2.059287,82.559412,-98.620465,-0.148626,-0.980378,0.129498
2397,gamma,3.232852,2692.167459,2.407585,-92.000000,-0.029806,67.020145,-37.796406,0.727485,-0.564222,0.390407
2398,neutron,19511.576325,198.068550,0.532041,-92.000000,2.150393,90.000000,-90.000000,0.000000,-1.000000,0.000000
2399,neutron,19511.576325,172.920474,-1.006413,-92.000000,-1.030907,90.000000,-90.000000,0.000000,-1.000000,0.000000
2455,neutron,19511.562025,1204.138994,-0.623299,-92.000000,-1.914990,89.905182,-90.052224,-0.000911,-0.999998,0.001655
2564,neutron,10.647060,2272.285717,-2.265126,-92.000000,1.582705,95.449466,-125.615786,-0.579715,-0.809266,-0.094968
2631,gamma,0.105584,4100.414485,-0.644499,-92.000000,0.211067,126.517175,-126.166712,-0.474280,-0.648812,-0.595064
2456,neutron,21.491996,2295.967713,2.718329,-92.000000,0.941039,101.327435,-76.072705,0.236002,-0.951695,-0.196416
2565,neutron,74.569154,1662.537818,0.154791,-92.000000,-1.939573,77.085895,-102.012516,-0.202861,-0.953362,0.223490
2566,neutron,19511.576325,0.000000,1.585351,-92.000000,2.433912,90.000000,-90.000000,0.000000,-1.000000,0.000000
2567,neutron,19510.841725,960.397920,2.977145,-92.000000,2.607051,89.776851,-90.349771,-0.006105,-0.999974,0.003895
2568,neutron,19511.576325,657.297027,-1.453125,-92.000000,-0.383290,90.000000,-90.000000,0.000000,-1.000000,0.000000
2457,gamma,3.969357,1396.799968,1.919295,-92.000000,-2.370952,113.502927,-57.738210,0.489505,-0.775465,-0.398796
2458,gamma,857.668840,1201.484129,-0.183465,-92.000000,1.926827,92.016820,-67.259871,0.386313,-0.921696,-0.035193
2569,neutron,0.587466,833.961305,-1.730190,-92.000000,2.097543,101.901684,-74.777334,0.256926,-0.944170,-0.206233
2570,neutron,19511.576325,0.000000,-2.483638,-92.000000,-1.751791,90.000000,-90.000000,0.000000,-1.000000,0.000000
2571,neutron,19511.362724,0.000000,-0.577625,-92.000000,-2.205044,89.790815,-90.007701,-0.000134,-0.999993,0.003651
2459,neutron,19511.281168,825.729303,-1.424813,-92.000000,2.157493,89.929766,-90.340643,-0.005945,-0.999982,0.001226
2460,neutron,19511.576325,0.127925,-0.806757,-92.000000,0.646237,90.000000,-90.000000,0.000000,-1.000000,0.000000
2461,neutron,19511.576325,0.000000,0.675272,-92.000000,0.385064,90.000000,-90.000000,0.000000,-1.000000,0.000000
2462,neutron,19511.576325,0.000000,1.159218,-92.000000,0.269059,90.000000,-90.000000,0.000000,-1.000000,0.000000
2572,neutron,18312.662345,0.000000,-1.583587,-92.000000,0.225440,88.087895,-89.389217,0.010654,-0.999386,0.033366
2573,neutron,19511.432178,0.000000,-2.550329,-92.000000,0.321260,89.837011,-90.084917,-0.001482,-0.999995,0.002845
2574,neutron,19511.576325,625.005058,-0.460684,-92.000000,0.058377,90.000000,-90.000000,0.000000,-1.000000,0.000000
2700,neutron,1.054273,1345.835735,2.702563,-92.000000,1.047302,82.759308,-65.716899,0.407966,-0.904256,0.126038
2701,proton,19094.629920,104.929514,1.735767,-92.000000,0.619586,90.189782,-90.627518,-0.010952,-0.999935,-0.003312
2464,neutron,19511.576325,0.051670,-1.086404,-92.000000,-0.855671,90.000000,-90.000000,0.000000,-1.000000,0.000000
2702,neutron,19511.576325,351.055629,-0.003343,-92.000000,1.356582,90.000000,-90.000000,0.000000,-1.000000,0.000000
2704,pi-,262.771045,2715.709216,1.022155,-92.000000,0.804606,76.368312,-83.963458,0.102200,-0.966442,0.235680
2634,neutron,19511.576325,1108.975726,-1.866410,-92.000000,0.330797,90.000000,-90.000000,0.000000,-1.000000,0.000000
2575,gamma,125.620092,2516.563306,-2.420243,-92.000000,-1.323102,70.709474,-115.393292,-0.404753,-0.852665,0.330358
2635,neutron,19511.576325,127.423855,-0.867756,-92.000000,1.342855,90.000000,-90.000000,0.000000,-1.000000,0.000000
2636,neutron,19511.576325,0.000000,0.332056,-92.000000,1.346322,90.000000,-90.000000,0.000000,-1.000000,0.000000
2637,neutron,19510.894393,1565.855069,0.304696,-92.000000,1.811110,89.938356,-90.394960,-0.006893,-0.999976,0.001076
2465,gamma,2.482489,1955.933311,-1.780418,-92.000000,-2.073335,95.816889,-93.789665,-0.065754,-0.992676,-0.101350
2466,neutron,19511.576325,0.000000,-0.473081,-92.000000,-1.960742,90.000000,-90.000000,0.000000,-1.000000,0.000000
2467,neutron,19511.576325,0.000000,-1.332514,-92.000000,-2.927125,90.000000,-90.000000,0.000000,-1.000000,0.000000
2468,neutron,19511.576325,0.000000,1.315872,-92.000000,-1.337521,90.000000,-90.000000,0.000000,-1.000000,0.000000
2469,neutron,19511.576325,1.428457,1.961887,-92.000000,2.961478,90.000000,-90.000000,0.000000,-1.000000,0.000000
2470,neutron,19511.576325,0.000000,2.884824,-92.000000,1.805704,90.000000,-90.000000,0.000000,-1.000000,0.000000
2471,neutron,19511.576325,0.081518,-0.008758,-92.000000,-1.297908,90.000000,-90.000000,0.000000,-1.000000,0.000000
2576,neutron,2.817621,1820.056299,0.294925,-92.000000,0.804942,101.727380,-110.280551,-0.339382,-0.918427,-0.203255
2472,gamma,0.976264,1226.265857,2.631420,-92.000000,0.548083,44.162235,-81.623028,0.101498,-0.689259,0.717370
2577,neutron,19511.576325,2867.720967,0.453619,-92.000000,-2.495411,90.000000,-90.000000,0.000000,-1.000000,0.000000
2578,neutron,0.000020,823.131043,-2.062921,-92.000000,2.279525,83.411859,-115.397983,-0.426071,-0.897385,0.114732
2705,pi+,492.968943,2664.345877,-2.325145,-92.000000,1.618162,88.815343,-117.415043,-0.460334,-0.887505,0.020675
2473,neutron,8280.606541,2477.924762,2.993907,-92.000000,-2.597751,91.174268,-88.599102,0.024443,-0.999491,-0.020493
2706,gamma,0.406902,2542.350132,-1.453388,-92.000000,1.974416,62.519255,-139.724649,-0.676860,-0.573519,0.461450
2639,gamma,0.510999,1205.306539,1.096648,-92.000000,0.955224,66.538526,-124.029819,-0.513359,-0.760232,0.398132
2640,gamma,0.171900,1971.759563,-1.798328,-92.000000,-2.543252,130.307839,-130.616986,-0.496439,-0.578858,-0.646894
2581,neutron,0.000008,1935.145348,2.448877,-92.000000,-0.421071,79.666436,-87.751716,0.038594,-0.983023,0.179379
2582,neutron,19511.388348,590.595513,1.866121,-92.000000,-2.417342,89.843509,-90.139846,-0.002441,-0.999993,0.002731
2583,neutron,19437.022651,0.000000,1.324644,-92.000000,-2.199503,90.983153,-90.342472,-0.005976,-0.999835,-0.017158
2474,gamma,199.833466,3031.506176,-1.205224,-92.000000,-1.741171,84.571907,-132.889805,-0.677539,-0.729379,0.094596
2475,neutron,19511.576325,0.000000,-0.824345,-92.000000,-0.306285,90.000000,-90.000000,0.000000,-1.000000,0.000000
2641,gamma,1.918095,1825.834952,1.472315,-92.000000,-2.618517,140.079854,-46.920035,0.438306,-0.468713,-0.766940
2642,neutron,19511.051961,1383.032189,-2.465774,-92.000000,0.764447,90.344312,-90.065723,-0.001147,-0.999981,-0.006009
2707,neutron,2508.594996,3226.374470,-1.083967,-92.000000,-0.122566,80.838100,-91.174742,-0.020240,-0.987035,0.159225
2708,neutron,19511.087264,604.024352,2.548675,-92.000000,1.355990,90.337591,-89.974910,0.000438,-0.999983,-0.005892
2477,neutron,19511.367110,1704.798588,0.678773,-92.000000,-0.266011,89.859382,-90.171025,-0.002985,-0.999993,0.002454
2478,neutron,19511.576325,854.897316,1.736689,-92.000000,2.980135,90.000000,-90.000000,0.000000,-1.000000,0.000000
2479,neutron,13043.231684,241.322568,-2.756166,-92.000000,-2.017467,90.425997,-90.808319,-0.014107,-0.999873,-0.007435
2709,gamma,2.616154,1525.162207,-2.729947,-92.000000,-0.505687,103.563459,-135.398792,-0.692154,-0.682585,-0.234522
2644,neutron,19511.576325,692.298371,-2.187024,-92.000000,-0.771357,90.000000,-90.000000,0.000000,-1.000000,0.000000
2480,neutron,46.371584,1710.954587,-2.809975,-92.000000,2.250677,6.652340,-70.031236,0.039562,-0.108880,0.993267
2710,gamma,2.788334,1123.325667,-0.682416,-92.000000,1.820274,74.902875,-89.630374,0.006228,-0.965466,0.260456
2711,neutron,19511.576325,0.000000,0.252380,-92.000000,-2.325363,90.000000,-90.000000,0.000000,-1.000000,0.000000
2584,pi-,1936.937754,830.805639,2.628170,-92.000000,-2.578650,97.388712,-87.604282,0.041454,-0.990830,-0.128600
2481,pi+,995.178751,543.922788,-0.391620,-92.000000,1.657761,94.471412,-86.898314,0.053944,-0.995496,-0.077962
2712,neutron,19511.576325,1525.160398,0.097880,-92.000000,1.559253,90.000000,-90.000000,0.000000,-1.000000,0.000000
2645,gamma,0.373061,1753.411804,-2.168732,-92.000000,-1.220343,65.603641,-98.678731,-0.137421,-0.900282,0.413047
2586,neutron,19511.576325,0.000000,0.482343,-92.000000,-1.373717,90.000000,-90.000000,0.000000,-1.000000,0.000000
2713,pi+,5325.899307,1132.149841,-1.186092,-92.000000,-2.075817,90.808558,-86.205774,0.066167,-0.997709,-0.014112
2646,neutron,0.000035,2255.381567,-2.780100,-92.000000,0.543440,46.374021,-92.314716,-0.029236,-0.723268,0.689948
2647,neutron,19511.576325,0.000000,2.723531,-92.000000,-2.526454,90.000000,-90.000000,0.000000,-1.000000,0.000000
2714,gamma,0.822625,2266.436789,2.491341,-92.000000,-2.367949,110.936855,-95.110393,-0.083194,-0.930262,-0.357339
2715,gamma,1.082050,582.782082,-0.615436,-92.000000,-0.491283,102.611073,-120.852664,-0.500460,-0.837777,-0.218332
2648,neutron,0.046143,1359.747360,-0.443817,-92.000000,-1.730360,119.025841,-127.800507,-0.535933,-0.690908,-0.485204
2482,neutron,3.386944,2904.975803,2.667768,-92.000000,2.440462,56.604891,-84.917098,0.073969,-0.831612,0.550409
2716,proton,18836.911207,128.453099,0.648865,-92.000000,-1.513002,89.248488,-89.525182,0.008286,-0.999880,0.013116
2587,neutron,10.185631,3480.512467,0.834303,-92.000000,0.783008,67.335672,-71.279747,0.296164,-0.873960,0.385332
2649,pi-,761.168175,1698.676922,-2.027246,-92.000000,2.402172,89.246664,-81.425899,0.149076,-0.988738,0.013148
2650,neutron,19510.720274,0.625617,-1.257252,-92.000000,-1.146360,89.628511,-90.250184,-0.004366,-0.999969,0.006484
2717,gamma,0.232922,27.910970,-0.477092,-92.000000,1.849056,97.153839,-77.602327,0.213024,-0.969078,-0.124534
2483,gamma,0.374751,2204.276416,2.500671,-92.000000,1.624785,89.111663,-96.755402,-0.117617,-0.992938,0.015504
2718,neutron,5391.124258,978.327472,-2.717264,-92.000000,0.892778,93.101452,-89.434316,0.009858,-0.998487,-0.054104
2719,neutron,19511.576325,0.000000,0.451901,-92.000000,1.056737,90.000000,-90.000000,0.000000,-1.000000,0.000000
2588,gamma,0.246113,2380.880094,1.147889,-92.000000,0.463712,65.814015,-118.172024,-0.430678,-0.804153,0.409700
2589,neutron,19358.696904,0.000000,-1.252935,-92.000000,-1.026655,88.868043,-90.916205,-0.015987,-0.999677,0.019755
2720,neutron,13364.873504,917.835683,-0.267666,-92.000000,1.018268,91.740845,-87.836068,0.037741,-0.998826,-0.030379
2721,neutron,19511.547359,0.000000,-2.174667,-92.000000,-1.230668,89.966203,-90.075134,-0.001311,-0.999999,0.000590
2722,neutron,19511.576325,0.000000,0.023438,-92.000000,2.183224,90.000000,-90.000000,0.000000,-1.000000,0.000000
2484,neutron,164.841082,882.591304,-0.672293,-92.000000,1.447029,101.216795,-68.752777,0.355470,-0.914222,-0.194522
2723,neutron,16000.292426,96.513991,0.243866,-92.000000,1.892896,91.753880,-90.561275,-0.009791,-0.999484,-0.030606
2724,neutron,19511.576325,178.429978,0.078549,-92.000000,1.335317,90.000000,-90.000000,0.000000,-1.000000,0.000000
2651,gamma,4.411138,2615.174157,0.083816,-92.000000,-1.332639,115.404119,-92.438644,-0.038435,-0.902486,-0.429000
2725,gamma,0.510999,957.204629,-2.915115,-92.000000,0.794250,42.995234,-115.324309,-0.291693,-0.616404,0.731410
2485,gamma,0.099831,2181.677773,1.465105,-92.000000,0.465571,103.163569,-106.969547,-0.284194,-0.931328,-0.227732
2486,neutron,19511.576325,0.000000,-0.653684,-92.000000,-1.512483,90.000000,-90.000000,0.000000,-1.000000,0.000000
2726,neutron,0.134207,1137.547298,0.633772,-92.000000,0.120485,49.393888,-69.232624,0.269194,-0.709875,0.650855
2727,neutron,19511.485151,0.000000,2.361044,-92.000000,-2.808200,90.182643,-89.926894,0.001276,-0.999994,-0.003188
2653,gamma,2.066840,1096.176620,0.022244,-92.000000,1.732661,54.877376,-99.392426,-0.133481,-0.806957,0.575328
2487,gamma,1.353903,1285.645143,-0.026924,-92.000000,-2.082045,93.264300,-90.668506,-0.011648,-0.998310,-0.056942
2488,gamma,4.952260,24.227682,-2.719293,-92.000000,-2.456581,100.370124,-79.279064,0.182987,-0.966495,-0.180006
2591,neutron,19511.576325,955.524875,0.132767,-92.000000,-0.773063,90.000000,-90.000000,0.000000,-1.000000,0.000000
2489,gamma,0.161219,143.018581,1.870637,-92.000000,-0.652183,57.018767,-56.738281,0.460079,-0.701424,0.544364
2729,neutron,19511.576325,0.000000,-2.483569,-92.000000,1.871203,90.000000,-90.000000,0.000000,-1.000000,0.000000
2592,pi+,1150.294097,1837.536806,-2.420186,-92.000000,0.640246,96.566331,-83.785575,0.107540,-0.987602,-0.114353
2654,neutron,0.000305,2994.688102,-0.061874,-92.000000,2.891363,64.872155,-83.338397,0.105027,-0.899250,0.424639
2593,pi-,3493.767494,760.974718,2.484211,-92.000000,-1.697238,86.533890,-83.941117,0.105357,-0.992595,0.060458
2655,neutron,19510.424305,1554.211977,0.792089,-92.000000,-2.136379,89.541214,-89.812266,0.003276,-0.999963,0.008007
2656,neutron,19511.576325,0.000000,-1.733009,-92.000000,-1.204117,90.000000,-90.000000,0.000000,-1.000000,0.000000
2730,gamma,1.946945,106.846481,-1.639999,-92.000000,-0.892888,123.874330,-77.180396,0.184220,-0.809567,-0.557373
2490,neutron,0.700712,2310.668589,-1.005615,-92.000000,1.992715,88.298553,-141.141901,-0.778359,-0.627117,0.029691
2657,neutron,0.000139,2314.682747,-0.290289,-92.000000,2.906519,77.876734,-53.693059,0.578906,-0.787884,0.210016
2658,gamma,4.432504,5.478954,0.333935,-92.000000,2.971764,91.098272,-84.304959,0.099215,-0.994881,-0.019167
2594,neutron,0.000014,3881.189633,-1.493082,-92.000000,0.734288,55.494409,-86.914042,0.044363,-0.822876,0.566487
2491,neutron,20.932653,2556.465995,-0.477786,-92.000000,0.359413,97.177109,-54.066011,0.582255,-0.803349,-0.124937
2731,nu_mu,29.791916,3068.424064,2.114375,-92.000000,2.866291,50.479803,-81.366235,0.115801,-0.762659,0.636350
2659,neutron,0.000006,4721.275538,0.038267,-92.000000,0.734627,61.824013,-50.773735,0.557448,-0.682859,0.472181
2660,neutron,19511.576325,0.000000,1.629673,-92.000000,0.579062,90.000000,-90.000000,0.000000,-1.000000,0.000000
2661,neutron,19511.576325,0.000000,-2.081766,-92.000000,-2.419232,90.000000,-90.000000,0.000000,-1.000000,0.000000
2595,neutron,1.573966,2928.007290,1.793389,-92.000000,1.754554,76.393610,-71.070502,0.315300,-0.919371,0.235251
2732,gamma,0.192566,2038.421893,0.200358,-92.000000,-1.521862,132.662775,-72.568665,0.220285,-0.701585,-0.677682
2596,gamma,0.083800,224.971143,1.227312,-92.000000,-1.710222,115.562036,-107.559145,-0.272160,-0.860085,-0.431488
2492,gamma,0.460008,3589.701222,1.323658,-92.000000,0.756867,76.897434,-55.903531,0.545994,-0.806536,0.226695
2493,neutron,19511.576325,0.000000,2.839748,-92.000000,0.804231,90.000000,-90.000000,0.000000,-1.000000,0.000000
2733,e-,4.194397,206.464497,-2.881040,-92.000000,-2.861864,86.181505,-91.087180,-0.018932,-0.997600,0.066596
2734,neutron,19511.576325,0.000000,0.244447,-92.000000,-0.352847,90.000000,-90.000000,0.000000,-1.000000,0.000000
2494,neutron,15628.851436,223.635104,-0.333114,-92.000000,0.583990,90.405811,-88.083246,0.033447,-0.999415,-0.007083
2598,neutron,4.846447,2000.013850,-2.789934,-92.000000,-0.827102,115.782595,-145.898529,-0.745615,-0.504847,-0.434958
2599,neutron,19511.576325,0.000000,-2.947189,-92.000000,2.827676,90.000000,-90.000000,0.000000,-1.000000,0.000000
2662,neutron,0.000005,2558.070464,2.736874,-92.000000,-0.735938,72.929057,-55.924832,0.535595,-0.791810,0.293556
2495,neutron,108.142167,2421.865967,-0.462376,-92.000000,2.238316,79.174625,-131.367253,-0.649122,-0.737133,0.187816
2663,pi-,547.235461,607.722283,2.034126,-92.000000,-0.485952,68.660516,-113.429267,-0.370356,-0.854645,0.363893
2735,neutron,19511.430350,3808.960155,2.636233,-92.000000,0.722917,89.839375,-89.908325,0.001600,-0.999995,0.002803
2664,gamma,5.127107,1050.738943,-0.395044,-92.000000,1.020383,100.438569,-52.909835,0.593090,-0.784486,-0.181181
2665,neutron,19510.652084,21.806520,0.946153,-92.000000,-0.206294,89.535104,-90.021136,-0.000369,-0.999967,0.008114
2800,neutron,19511.461472,3171.387030,-0.131499,-92.000000,-1.388320,90.120512,-90.111305,-0.001943,-0.999996,-0.002103
2801,gamma,1.818822,109.198605,2.971925,-92.000000,1.663941,98.901356,-59.776922,0.497306,-0.853665,-0.154734
2802,neutron,19511.422690,0.000000,1.538475,-92.000000,0.793499,90.124719,-90.217744,-0.003800,-0.999990,-0.002177
2803,neutron,51.661841,1197.469773,1.665954,-92.000000,-1.898083,146.267802,-107.960769,-0.171239,-0.528250,-0.831642
2804,neutron,18659.041534,0.000000,2.379611,-92.000000,-1.507064,87.472742,-89.468862,0.009261,-0.998984,0.044095
2496,proton,229.496186,200.041566,-2.957565,-92.000000,1.506150,72.787462,-79.281022,0.177662,-0.938546,0.295917
2666,gamma,0.071831,2430.873063,-1.107365,-92.000000,2.532599,55.360375,-80.806238,0.131453,-0.812174,0.568413
2736,gamma,0.327290,2607.639856,-1.792468,-92.000000,0.037328,79.357976,-72.052835,0.302840,-0.934978,0.184672
2667,gamma,0.104227,867.990959,-0.035410,-92.000000,1.851566,69.522391,-61.704230,0.444069,-0.824872,0.349841
2668,neutron,19511.576325,0.000000,0.490400,-92.000000,2.252994,90.000000,-90.000000,0.000000,-1.000000,0.000000
2497,neutron,28.834927,1638.869074,0.756893,-92.000000,-0.631914,84.612872,-58.174632,0.525003,-0.845906,0.093885
2498,neutron,19511.535413,0.000000,1.701963,-92.000000,2.787587,89.851532,-90.036195,-0.000632,-0.999996,0.002591
2737,neutron,12672.435052,1548.378165,-2.285880,-92.000000,0.486473,90.573295,-91.627401,-0.028398,-0.999547,-0.010006
2805,gamma,9.646971,2066.193570,1.516443,-92.000000,1.912747,71.804947,-86.337202,0.060690,-0.948058,0.312253
2738,gamma,0.912728,618.626387,0.922238,-92.000000,-2.768924,123.879605,-97.558150,-0.109200,-0.822998,-0.557450
2669,gamma,0.339740,3252.214202,1.223791,-92.000000,2.022413,78.634557,-69.122913,0.349376,-0.916025,0.197066
2499,neutron,72.371145,2528.431966,-0.470444,-92.000000,1.558839,62.465954,-89.491944,0.007863,-0.886701,0.462276
2806,gamma,0.510999,2495.492253,1.592283,-92.000000,-1.092719,94.840293,-74.411640,0.267766,-0.959782,-0.084379
2807,neutron,19511.576325,0.000000,0.355353,-92.000000,2.010503,90.000000,-90.000000,0.000000,-1.000000,0.000000
2808,neutron,16872.904758,96.212946,-2.844727,-92.000000,2.401030,91.315924,-89.963233,0.000642,-0.999736,-0.022965
2739,gamma,3.882931,1397.585540,-0.787782,-92.000000,2.487601,79.275452,-53.323083,0.586869,-0.788008,0.186088
2740,neutron,19511.576325,0.000000,2.823335,-92.000000,2.326623,90.000000,-90.000000,0.000000,-1.000000,0.000000
2670,neutron,4.115810,2178.776854,1.602616,-92.000000,-2.028637,87.505026,-67.378883,0.384271,-0.922193,0.043532
2741,neutron,19511.241107,837.112936,-2.736082,-92.000000,0.445795,90.253923,-89.881377,0.002070,-0.999988,-0.004432
2900,pi+,251.192349,2126.494400,0.229138,-92.000000,1.422254,81.857181,-125.834257,-0.579540,-0.802540,0.141641
2671,neutron,19511.576325,709.056437,0.201483,-92.000000,2.566243,90.000000,-90.000000,0.000000,-1.000000,0.000000
2809,gamma,0.139620,1949.131444,-1.317554,-92.000000,0.453488,71.355011,-69.384667,0.333614,-0.886844,0.319703
2901,neutron,135.633372,1541.775101,-1.800705,-92.000000,2.463671,84.134102,-89.830522,0.002942,-0.994759,0.102200
2742,neutron,13381.694007,313.583755,-0.196446,-92.000000,-0.471273,88.841205,-90.681603,-0.011894,-0.999725,0.020223
2672,neutron,1.853415,2601.402999,-0.508886,-92.000000,2.303428,73.414754,-124.740199,-0.546148,-0.787557,0.285442
2673,proton,7950.828820,737.075436,-0.873283,-92.000000,-0.419771,90.196590,-90.052167,-0.000910,-0.999994,-0.003431
2810,pi+,5821.599297,3913.739859,2.184840,-92.000000,0.187251,92.122619,-90.239665,-0.004180,-0.999305,-0.037038
2743,neutron,2.552221,1217.580043,1.699422,-92.000000,-2.938738,92.677576,-111.742198,-0.370027,-0.927846,-0.046716
2903,deuteron,63.857735,1772.406582,1.248402,-92.000000,-2.832294,123.945044,-119.534322,-0.408934,-0.721779,-0.558397
2744,neutron,19511.576325,0.052777,0.310759,-92.000000,-2.457720,90.000000,-90.000000,0.000000,-1.000000,0.000000
2745,neutron,19511.576325,0.411870,-1.962767,-92.000000,0.161880,90.000000,-90.000000,0.000000,-1.000000,0.000000
2904,gamma,0.525162,746.286736,-1.563254,-92.000000,2.309377,63.074961,-140.965313,-0.692563,-0.561521,0.452824
2811,pi+,4364.723370,1679.570591,-2.852930,-92.000000,-2.987159,96.566392,-94.765025,-0.082525,-0.990006,-0.114354
2812,neutron,19511.458921,0.117491,0.558133,-92.000000,-2.225701,89.946857,-90.157116,-0.002742,-0.999996,0.000928
2906,neutron,19511.318502,728.876428,2.729588,-92.000000,-2.083340,89.706759,-90.140280,-0.002448,-0.999984,0.005118
2813,neutron,19511.576325,631.574681,2.258600,-92.000000,1.126742,90.000000,-90.000000,0.000000,-1.000000,0.000000
2746,gamma,4.627356,3442.770346,-0.777796,-92.000000,-1.097669,115.115890,-106.694326,-0.260105,-0.867287,-0.424451
2674,pi+,652.418204,4825.969867,-1.785224,-92.000000,1.561069,107.993027,-94.823252,-0.079970,-0.947726,-0.308901
2675,neutron,19511.576325,0.000000,0.881018,-92.000000,1.293497,90.000000,-90.000000,0.000000,-1.000000,0.000000
2907,neutron,49.466538,1085.771094,2.970761,-92.000000,1.817362,91.918155,-29.131338,0.873017,-0.486540,-0.033472
2814,neutron,3.642569,2894.147994,0.201029,-92.000000,-0.901941,107.013066,-95.968756,-0.099435,-0.951054,-0.292590
2908,gamma,0.158119,1493.235601,-1.038050,-92.000000,1.811172,85.649599,-110.416239,-0.347833,-0.934483,0.075856
2815,neutron,19511.576325,648.614071,-0.384175,-92.000000,-1.880783,90.000000,-90.000000,0.000000,-1.000000,0.000000
2816,neutron,19510.759208,0.000000,-1.125277,-92.000000,-0.614479,90.336953,-90.173529,-0.003029,-0.999978,-0.005881
2747,proton,288.095877,2189.156346,-2.757901,-92.000000,0.046049,88.412136,-102.935748,-0.223772,-0.974247,0.027710
2748,gamma,0.443644,2122.143451,2.289720,-92.000000,-2.667658,102.905168,-76.585781,0.226130,-0.948148,-0.223338
2749,neutron,19511.111459,214.006453,2.030022,-92.000000,-2.735327,90.397657,-90.216538,-0.003779,-0.999969,-0.006940
2676,gamma,7.341151,5505.247972,0.592026,-92.000000,1.732155,43.978680,-57.428556,0.373826,-0.585177,0.719598
2818,gamma,0.155909,1650.137368,-2.300333,-92.000000,-1.345452,76.720835,-112.855220,-0.378019,-0.896851,0.229696
2910,gamma,0.072684,622.026735,-0.353311,-92.000000,-1.584095,129.058801,-80.752895,0.124778,-0.766409,-0.630118
2677,neutron,19511.576325,2390.407352,0.331353,-92.000000,2.795359,90.000000,-90.000000,0.000000,-1.000000,0.000000
2678,neutron,19511.576325,2137.522667,-1.058759,-92.000000,-2.722559,90.000000,-90.000000,0.000000,-1.000000,0.000000
2750,neutron,8.776426,2408.476472,1.967583,-92.000000,1.419717,74.251720,-92.097847,-0.035232,-0.961818,0.271412
2751,neutron,19511.576325,0.000000,1.041004,-92.000000,-0.949918,90.000000,-90.000000,0.000000,-1.000000,0.000000
2819,neutron,0.765056,2955.073386,-1.342747,-92.000000,-1.085465,94.050274,-108.371507,-0.314390,-0.946663,-0.070632
2820,neutron,19511.576325,266.515884,0.837511,-92.000000,-2.684578,90.000000,-90.000000,0.000000,-1.000000,0.000000
2679,proton,875.426410,945.884980,1.992718,-92.000000,1.168507,96.543670,-101.384714,-0.196110,-0.973937,-0.113960
2680,neutron,19511.540509,0.000000,-1.345695,-92.000000,-1.084463,89.938313,-90.021070,-0.000368,-0.999999,0.001077
2911,gamma,678.921106,804.149742,-0.883484,-92.000000,2.807295,103.078457,-73.111928,0.282968,-0.932054,-0.226285
2912,neutron,19511.576325,0.000000,-1.971641,-92.000000,0.768015,90.000000,-90.000000,0.000000,-1.000000,0.000000
2752,neutron,143.207126,264.233323,1.150889,-92.000000,2.964677,81.041686,-74.788017,0.259190,-0.953191,0.155716
2821,neutron,122.428313,3365.664907,-1.780379,-92.000000,-1.479817,117.651982,-95.827213,-0.089932,-0.881206,-0.464100
2681,gamma,0.265356,2026.064277,2.411243,-92.000000,2.622296,92.702050,-30.310975,0.862339,-0.504132,-0.047142
2682,neutron,19511.576325,0.000000,2.601622,-92.000000,-0.057197,90.000000,-90.000000,0.000000,-1.000000,0.000000
2822,neutron,0.006273,755.444451,-0.045424,-92.000000,-2.522738,99.226623,-94.752616,-0.081782,-0.983668,-0.160340
2913,neutron,41.925958,1819.939317,-0.564816,-92.000000,-1.087255,67.673684,-116.671128,-0.415219,-0.826609,0.379881
2683,neutron,8532.061876,1478.190054,2.005113,-92.000000,-1.313825,87.686579,-90.090919,-0.001586,-0.999184,0.040366
2684,gamma,0.189699,1186.524978,-1.440074,-92.000000,0.145747,112.058008,-130.847151,-0.606170,-0.701088,-0.375545
2754,gamma,0.365498,1453.714195,1.044602,-92.000000,2.590424,82.011678,-73.557108,0.280313,-0.949796,0.138971
2823,neutron,18.340888,700.256926,-0.242356,-92.000000,-1.433814,101.964965,-130.960521,-0.641297,-0.738755,-0.207314
2915,proton,10451.319474,399.625404,1.507640,-92.000000,-1.480935,89.543141,-90.337592,-0.005892,-0.999951,0.007974
2685,pi+,460.645768,2809.800680,-1.574525,-92.000000,-1.386731,88.908697,-78.152799,0.205265,-0.978521,0.019046
2756,pi+,4093.115781,1649.476461,0.588551,-92.000000,1.392106,81.558999,-89.443873,0.009601,-0.989121,0.146791
2824,proton,4911.885646,2252.811766,1.236484,-92.000000,0.378429,94.230062,-91.768334,-0.030774,-0.996801,-0.073761
2686,gamma,7.176718,713.868292,2.745228,-92.000000,-0.153365,84.111117,-30.229065,0.859460,-0.500801,0.102600
2757,neutron,961.207213,1936.674838,0.567544,-92.000000,0.898274,92.038477,-90.797954,-0.013918,-0.999270,-0.035571
2688,neutron,19511.576325,0.000000,2.131331,-92.000000,-2.212992,90.000000,-90.000000,0.000000,-1.000000,0.000000
2758,pi-,10295.436249,115.383444,1.390189,-92.000000,-2.529175,91.001592,-90.445908,-0.007781,-0.999817,-0.017480
2759,neutron,19511.576325,0.075173,1.076212,-92.000000,-1.823928,90.000000,-90.000000,0.000000,-1.000000,0.000000
2760,neutron,19511.576325,0.000000,-1.697391,-92.000000,-1.566634,90.000000,-90.000000,0.000000,-1.000000,0.000000
2689,gamma,0.240552,972.037313,-0.528505,-92.000000,-2.962973,107.253744,-105.897052,-0.261584,-0.918477,-0.296604
2761,neutron,19511.309212,326.169264,1.150191,-92.000000,-0.679223,89.965061,-90.174149,-0.003039,-0.999995,0.000610
2762,neutron,19511.515733,0.199776,-2.314414,-92.000000,-0.460679,90.154041,-89.966761,0.000580,-0.999996,-0.002689
2763,neutron,19511.576325,0.000000,-2.911699,-92.000000,1.228785,90.000000,-90.000000,0.000000,-1.000000,0.000000
2764,neutron,19511.576325,0.000000,-0.101693,-92.000000,-1.498482,90.000000,-90.000000,0.000000,-1.000000,0.000000
2765,neutron,19511.576325,23.295460,-1.103003,-92.000000,1.912219,90.000000,-90.000000,0.000000,-1.000000,0.000000
2766,neutron,19511.576325,1756.812987,-2.731183,-92.000000,2.302745,90.000000,-90.000000,0.000000,-1.000000,0.000000
2767,neutron,19511.357037,0.000000,-0.351511,-92.000000,0.538807,89.814305,-89.869998,0.002269,-0.999992,0.003241
2768,neutron,19511.553240,0.000000,-2.830290,-92.000000,0.119103,90.078135,-90.060782,-0.001061,-0.999999,-0.001364
2916,neutron,26.622248,4360.305014,0.191416,-92.000000,-0.218469,101.178742,-106.383493,-0.276713,-0.941193,-0.193870
2917,neutron,19511.576325,220.235611,-0.805613,-92.000000,-1.461479,90.000000,-90.000000,0.000000,-1.000000,0.000000
2918,neutron,19511.576325,0.033743,2.345004,-92.000000,-0.618319,90.000000,-90.000000,0.000000,-1.000000,0.000000
2690,neutron,19.025803,1838.088645,2.193986,-92.000000,-1.865754,87.051656,-79.753434,0.177649,-0.982749,0.051436
2691,neutron,19511.576325,0.000000,2.279736,-92.000000,-0.593096,90.000000,-90.000000,0.000000,-1.000000,0.000000
2692,neutron,19510.884288,0.000000,-0.845475,-92.000000,-1.570349,90.186602,-89.643151,0.006228,-0.999975,-0.003257
2825,gamma,5.023904,3534.659006,0.414577,-92.000000,2.125823,80.001977,-94.148867,-0.071249,-0.982233,0.173614
2769,pi-,889.478959,562.522445,2.465764,-92.000000,-0.089650,111.802735,-101.002986,-0.177208,-0.911400,-0.371412
2770,neutron,19511.576325,0.738938,-2.067693,-92.000000,2.533234,90.000000,-90.000000,0.000000,-1.000000,0.000000
2771,neutron,19511.576325,0.000000,-1.649134,-92.000000,2.043024,90.000000,-90.000000,0.000000,-1.000000,0.000000
2772,e+,42.664386,550.498541,-1.715338,-92.000000,2.891393,67.496441,-88.157714,0.029700,-0.923378,0.382741
2826,neutron,19511.576325,1294.823248,2.983914,-92.000000,-1.921913,90.000000,-90.000000,0.000000,-1.000000,0.000000
2919,gamma,1.341740,3164.001651,-2.822629,-92.000000,-1.204001,97.821105,-104.643849,-0.250458,-0.958516,-0.136081
2827,neutron,0.000326,757.051213,-1.248941,-92.000000,-0.908425,125.145829,-80.815251,0.130518,-0.807206,-0.575659
2828,neutron,19511.576325,175.612792,-2.202924,-92.000000,-1.466999,90.000000,-90.000000,0.000000,-1.000000,0.000000
2773,pi-,7592.342198,1481.302199,1.751711,-92.000000,-2.522470,92.290254,-91.181935,-0.020611,-0.998989,-0.039962
2693,gamma,0.170534,2738.808322,1.384515,-92.000000,-1.535074,82.257773,-102.975579,-0.222489,-0.965583,0.134716
2694,neutron,19511.576325,0.000000,1.932431,-92.000000,2.350793,90.000000,-90.000000,0.000000,-1.000000,0.000000
2920,gamma,2.863629,2.615618,2.977448,-92.000000,-1.531982,72.088390,-105.774424,-0.258675,-0.915697,0.307549
2829,gamma,608.559385,3095.249126,0.357390,-92.000000,-2.610452,127.718097,-91.439680,-0.019874,-0.790781,-0.611777
2921,gamma,0.065003,773.368273,0.867539,-92.000000,-0.049444,48.158842,-85.792696,0.054657,-0.742989,0.667068
2922,neutron,19511.576325,0.000000,0.593947,-92.000000,-2.929651,90.000000,-90.000000,0.000000,-1.000000,0.000000
2923,neutron,19510.657475,0.000000,-2.868078,-92.000000,-2.782314,90.232672,-90.401468,-0.007007,-0.999967,-0.004061
2695,pi-,1508.469419,2807.920829,1.317478,-92.000000,0.561282,86.711926,-101.787855,-0.203952,-0.977299,0.057356
2774,neutron,863.496217,2824.928835,0.188145,-92.000000,0.262749,91.612742,-111.077095,-0.359481,-0.932728,-0.028144
2830,neutron,0.458046,1658.184283,1.984215,-92.000000,0.268935,130.685216,-91.623944,-0.021490,-0.757998,-0.651903
2775,gamma,5.627452,2193.043070,2.627799,-92.000000,-0.327669,95.245651,-79.592475,0.179892,-0.979429,-0.091426
2776,neutron,19511.576325,0.000000,-2.266742,-92.000000,-0.377952,90.000000,-90.000000,0.000000,-1.000000,0.000000
2696,neutron,14.540779,3348.118118,-1.744401,-92.000000,2.404235,76.399163,-75.550002,0.242537,-0.941210,0.235156
2697,neutron,19511.537935,327.968452,-2.581912,-92.000000,1.693227,89.925315,-90.097962,-0.001710,-0.999998,0.001303
2926,neutron,19511.576325,812.289011,-2.455027,-92.000000,0.336817,90.000000,-90.000000,0.000000,-1.000000,0.000000
2927,neutron,1.547829,0.553881,-1.311240,-92.000000,2.593151,83.647224,-91.026284,-0.017801,-0.993700,0.110650
2831,gamma,725.543818,141.303037,2.628809,-92.000000,2.476566,89.001345,-84.994943,0.087230,-0.996036,0.017429
2698,neutron,1.958534,2120.473288,2.311795,-92.000000,1.596562,59.518983,-85.224328,0.071749,-0.858805,0.507253
2699,neutron,0.132199,0.066802,-0.246859,-92.000000,-2.671826,104.909372,-72.439625,0.291553,-0.921302,-0.257291
2832,neutron,19511.080714,310.326734,0.617425,-92.000000,-2.030572,89.689398,-89.859790,0.002447,-0.999982,0.005421
2833,neutron,14049.661651,519.814790,-0.048950,-92.000000,-2.086907,88.843445,-91.175568,-0.020512,-0.999586,0.020184
2777,neutron,52.367216,2496.182046,-0.919908,-92.000000,-0.857706,76.317828,-67.034537,0.379104,-0.894612,0.236536
2834,gamma,3.591826,633.757139,0.727712,-92.000000,0.796136,71.916672,-69.289492,0.336178,-0.889177,0.310400
2778,neutron,19511.576325,821.665471,1.875133,-92.000000,-1.474130,90.000000,-90.000000,0.000000,-1.000000,0.000000
2779,neutron,19511.576325,0.310797,-0.581764,-92.000000,1.707720,90.000000,-90.000000,0.000000,-1.000000,0.000000
2780,neutron,19511.576325,0.000000,0.810087,-92.000000,1.122765,90.000000,-90.000000,0.000000,-1.000000,0.000000
2835,neutron,19511.576325,1484.350729,1.056522,-92.000000,-0.505422,90.000000,-90.000000,0.000000,-1.000000,0.000000
2836,neutron,19511.576325,0.000000,1.871544,-92.000000,0.405414,90.000000,-90.000000,0.000000,-1.000000,0.000000
2781,neutron,19511.451858,645.146452,-2.958536,-92.000000,-0.042457,90.076445,-90.140318,-0.002449,-0.999996,-0.001334
2928,gamma,0.063185,2259.444677,-0.301493,-92.000000,-0.765942,67.782800,-101.447628,-0.183737,-0.907341,0.378119
2929,neutron,19511.576325,141.994430,-0.084386,-92.000000,-1.574494,90.000000,-90.000000,0.000000,-1.000000,0.000000
3001,neutron,19511.576325,0.000000,-2.387308,-92.000000,0.871438,90.000000,-90.000000,0.000000,-1.000000,0.000000
2837,gamma,3.512163,1563.825560,-0.838247,-92.000000,1.188682,80.735592,-70.438424,0.330452,-0.929991,0.160991
3002,mu+,284.832306,2268.971834,-1.564734,-92.000000,1.868302,87.497119,-91.894101,-0.033021,-0.998500,0.043670
2782,pi-,249.506028,4865.074313,-1.130100,-92.000000,-2.247967,115.631913,-96.660774,-0.104576,-0.895506,-0.432588
2838,pi+,2535.704320,100.688560,-1.165282,-92.000000,0.591660,86.731893,-91.672693,-0.029142,-0.997948,0.057008
2783,neutron,19510.625457,483.903662,0.955916,-92.000000,-0.483462,89.694142,-90.191379,-0.003340,-0.999980,0.005338
2930,e+,1157.456772,3893.379183,-1.765381,-92.000000,-1.821255,91.285618,-91.528743,-0.026672,-0.999392,-0.022436
2784,pi+,342.671303,1166.282483,-1.774937,-92.000000,1.129076,118.201625,-104.408893,-0.219300,-0.853569,-0.472576
2785,pi+,517.256117,1287.934745,1.745566,-92.000000,-1.977316,106.952261,-83.664011,0.105563,-0.950705,-0.291575
2931,gamma,1.628179,2888.005492,2.012967,-92.000000,1.400950,86.322551,-37.091865,0.796027,-0.601853,0.064140
2932,neutron,1.916159,97.831198,0.855129,-92.000000,-1.788881,84.747581,-85.933035,0.070625,-0.993293,0.091544
2839,gamma,0.754665,3050.973103,2.372242,-92.000000,-1.043096,88.222767,-91.520496,-0.026522,-0.999167,0.031014
2786,gamma,0.168934,2216.395714,-0.471414,-92.000000,1.493644,88.865667,-76.970121,0.225415,-0.974062,0.019797
2840,neutron,65.228931,1517.595412,1.649589,-92.000000,2.267144,67.139757,-64.436371,0.397620,-0.831251,0.388485
2787,gamma,0.640032,294.307413,0.292532,-92.000000,1.230741,75.299989,-106.125822,-0.268656,-0.929210,0.253758
2788,neutron,19511.576325,0.000000,-1.934589,-92.000000,0.608227,90.000000,-90.000000,0.000000,-1.000000,0.000000
2789,triton,210.409173,994.564150,-1.718442,-92.000000,1.300377,102.576445,-103.285396,-0.224288,-0.949886,-0.217742
3005,neutron,453.431626,2350.883093,-0.117825,-92.000000,2.293369,67.732448,-105.058356,-0.240428,-0.893647,0.378932
3006,neutron,19511.576325,0.069450,-0.040701,-92.000000,-1.446164,90.000000,-90.000000,0.000000,-1.000000,0.000000
3007,neutron,19511.576325,74.912223,-0.870366,-92.000000,1.930146,90.000000,-90.000000,0.000000,-1.000000,0.000000
2841,pi-,3713.018679,2330.343614,-0.711176,-92.000000,-1.796984,83.746859,-91.953284,-0.033882,-0.993473,0.108921
2790,e-,1.769919,895.793827,-0.552184,-92.000000,-2.868968,118.453822,-123.340775,-0.483224,-0.734499,-0.476450
2933,gamma,0.115744,3883.909361,2.107074,-92.000000,0.591143,69.607759,-83.976793,0.098355,-0.932155,0.348445
2934,neutron,19511.459048,0.000000,-1.931318,-92.000000,0.053395,89.882917,-90.101733,-0.001776,-0.999996,0.002043
2842,neutron,11387.603301,722.571473,1.581849,-92.000000,-0.326065,88.536411,-90.703729,-0.012278,-0.999598,0.025542
2843,neutron,19511.576325,0.044732,-1.086210,-92.000000,-1.738250,90.000000,-90.000000,0.000000,-1.000000,0.000000
2844,neutron,19511.576325,0.168796,-0.161400,-92.000000,-1.344292,90.000000,-90.000000,0.000000,-1.000000,0.000000
2935,neutron,9012.090032,769.552638,2.540936,-92.000000,-1.675343,88.758837,-89.451558,0.009570,-0.999720,0.021661
2791,neutron,19511.576325,2233.402682,-2.204549,-92.000000,0.453039,90.000000,-90.000000,0.000000,-1.000000,0.000000
2845,neutron,19433.891394,2024.546030,-2.363365,-92.000000,1.532735,90.817013,-89.500282,0.008721,-0.999860,-0.014259
2846,neutron,19511.576325,0.000000,-2.052337,-92.000000,-0.461342,90.000000,-90.000000,0.000000,-1.000000,0.000000
3008,neutron,2.290475,2786.535986,1.654662,-92.000000,-2.381993,136.105049,-106.568573,-0.197714,-0.664550,-0.720612
3009,neutron,19511.576325,0.000000,-1.739500,-92.000000,-1.332919,90.000000,-90.000000,0.000000,-1.000000,0.000000
3010,neutron,19511.576325,0.000000,-2.915358,-92.000000,-1.223632,90.000000,-90.000000,0.000000,-1.000000,0.000000
2792,gamma,5.842065,1136.038226,0.483919,-92.000000,-1.970783,81.141246,-93.837360,-0.066126,-0.985856,0.153999
2937,e+,1855.412832,845.276684,1.129603,-92.000000,-0.578479,92.946416,-85.034474,0.086442,-0.994930,-0.051402
2847,gamma,4.177685,1668.418594,0.658822,-92.000000,-2.164119,116.325981,-42.739509,0.658274,-0.608279,-0.443478
2938,neutron,5627.326431,1722.495129,-0.160366,-92.000000,2.808512,92.860331,-87.147502,0.049703,-0.997517,-0.049901
3011,pi+,1139.448445,2527.231005,1.378747,-92.000000,-0.891665,83.491879,-106.163210,-0.276581,-0.954283,0.113344
2793,pi+,1274.076471,3139.529901,1.312746,-92.000000,1.469948,87.283813,-114.551851,-0.415050,-0.908564,0.047389
2939,neutron,19511.576325,2950.007699,1.033818,-92.000000,-1.828102,90.000000,-90.000000,0.000000,-1.000000,0.000000
2848,neutron,0.000001,3864.303685,-1.949226,-92.000000,-2.066320,82.591049,-92.899306,-0.050159,-0.990382,0.128951
2794,proton,19.664635,1933.790681,1.734922,-92.000000,-1.980929,77.968660,-110.655751,-0.345004,-0.915163,0.208447
2795,neutron,19511.576325,0.000000,0.950576,-92.000000,1.417583,90.000000,-90.000000,0.000000,-1.000000,0.000000
3012,gamma,6.213547,2952.661739,-0.319629,-92.000000,0.534978,100.865302,-121.705080,-0.516126,-0.835513,-0.188501
2849,pi+,2505.819930,1714.821841,0.715992,-92.000000,-0.720937,75.700254,-94.248583,-0.071788,-0.966354,0.246995
3013,gamma,2.110882,956.070220,1.595881,-92.000000,0.479530,126.790499,-83.421801,0.091743,-0.795558,-0.598891
3014,neutron,19511.576325,0.000000,2.851450,-92.000000,-1.472725,90.000000,-90.000000,0.000000,-1.000000,0.000000
2796,neutron,88.100755,2252.351503,-1.188546,-92.000000,-1.625795,93.505188,-82.895895,0.123441,-0.990467,-0.061139
2797,neutron,19511.576325,0.000000,-0.006646,-92.000000,-2.201237,90.000000,-90.000000,0.000000,-1.000000,0.000000
2798,neutron,19511.464167,0.000000,-1.334502,-92.000000,0.555658,89.933012,-89.863910,0.002375,-0.999996,0.001169
3015,neutron,19511.576325,103.776218,-1.917949,-92.000000,-0.488109,90.000000,-90.000000,0.000000,-1.000000,0.000000
2851,neutron,19511.576325,471.909701,-0.711564,-92.000000,-2.561344,90.000000,-90.000000,0.000000,-1.000000,0.000000
2940,pi-,2210.022818,905.164274,-2.197908,-92.000000,0.991055,84.451059,-97.799617,-0.135073,-0.986106,0.096696
2941,proton,651.273189,352.422998,1.025459,-92.000000,-1.671629,137.362465,-124.717546,-0.385777,-0.556768,-0.735654
2942,neutron,19293.027855,0.000000,-2.310172,-92.000000,-1.429331,90.669322,-92.191240,-0.038232,-0.999201,-0.011682
2799,proton,6874.105286,2965.430990,0.952865,-92.000000,1.182381,89.585873,-88.046356,0.034090,-0.999393,0.007228
3016,pi+,860.130929,3605.584314,-0.515932,-92.000000,1.511998,79.971231,-70.298562,0.331968,-0.927077,0.174143
3100,neutron,84.461494,222.532405,-0.121813,-92.000000,-1.408868,85.759870,-134.194678,-0.695191,-0.715013,0.073937
2852,neutron,3.519514,3193.353114,-0.910105,-92.000000,2.008113,62.242587,-88.218910,0.027504,-0.884500,0.465729
3101,gamma,2.300661,1073.120113,1.354041,-92.000000,-1.868854,81.423780,-106.707360,-0.284269,-0.947076,0.149125
2943,neutron,145.379945,3568.245899,0.073618,-92.000000,-0.757277,106.906959,-106.677780,-0.274585,-0.916530,-0.290818
2853,neutron,19307.413847,1417.419888,-2.598741,-92.000000,-1.611140,89.062155,-88.610897,0.024239,-0.999572,0.016368
2854,neutron,19511.576325,797.547938,1.674147,-92.000000,1.597353,90.000000,-90.000000,0.000000,-1.000000,0.000000
2855,neutron,19511.031417,0.052420,1.398321,-92.000000,1.052165,90.277700,-90.246734,-0.004306,-0.999979,-0.004847
3017,gamma,8.080806,2297.508000,-2.296884,-92.000000,2.756487,44.530728,-97.198730,-0.087880,-0.695764,0.712874
3018,proton,19297.148272,89.886558,-0.458047,-92.000000,-2.004397,89.970260,-89.772760,0.003966,-0.999992,0.000519
3019,neutron,19510.966082,0.006758,1.553337,-92.000000,0.504593,89.672099,-90.132921,-0.002320,-0.999981,0.005723
2856,neutron,19511.380063,777.995863,-1.481846,-92.000000,0.322649,89.854596,-90.306196,-0.005344,-0.999983,0.002538
2857,neutron,19511.576325,1042.581526,-0.545661,-92.000000,-2.861722,90.000000,-90.000000,0.000000,-1.000000,0.000000
3020,neutron,1.203222,2799.667480,2.505530,-92.000000,1.377705,95.154416,-86.930502,0.053331,-0.994527,-0.089840
3102,neutron,59.618175,2969.935562,1.229096,-92.000000,2.398095,97.328745,-71.690814,0.311578,-0.941619,-0.127562
2944,gamma,0.818165,2682.153844,-1.090829,-92.000000,-0.009679,90.972359,-73.413332,0.285424,-0.958251,-0.016970
2945,neutron,19511.393384,0.000000,-2.781794,-92.000000,0.551986,90.039465,-90.189660,-0.003310,-0.999994,-0.000689
2858,neutron,19511.576325,1614.834703,2.375725,-92.000000,2.934177,90.000000,-90.000000,0.000000,-1.000000,0.000000
3103,neutron,10272.831482,2644.019175,-0.729184,-92.000000,-1.329923,88.695298,-89.727726,0.004751,-0.999729,0.022769
2946,pi-,834.245838,1554.213406,-1.753398,-92.000000,1.001469,88.808206,-106.501447,-0.283978,-0.958605,0.020799
2859,neutron,1.787529,1958.103290,-2.131304,-92.000000,0.928735,70.975034,-73.388075,0.270272,-0.905920,0.325980
3104,neutron,437.795180,1234.938597,-2.359264,-92.000000,-0.500484,110.532986,-106.139130,-0.260311,-0.899564,-0.350747
2947,neutron,1.074207,1583.467657,-1.619361,-92.000000,-2.709394,112.199189,-75.739498,0.228072,-0.897346,-0.377828
3105,neutron,3.609817,788.291515,2.823531,-92.000000,-0.616771,125.608827,-85.499795,0.063791,-0.810505,-0.582248
3106,neutron,19511.513648,0.000000,2.414717,-92.000000,-1.118250,89.893048,-90.119371,-0.002083,-0.999996,0.001867
2948,neutron,19511.576325,663.084112,-1.935152,-92.000000,2.610097,90.000000,-90.000000,0.000000,-1.000000,0.000000
2949,neutron,19511.576325,0.000000,0.136769,-92.000000,-1.645893,90.000000,-90.000000,0.000000,-1.000000,0.000000
2860,gamma,8.803544,398.675825,-2.545031,-92.000000,-1.298452,97.834933,-98.782201,-0.151254,-0.979050,-0.136320
3021,gamma,10.637237,1374.176566,1.058391,-92.000000,2.048761,112.186330,-66.207709,0.373553,-0.847267,-0.377620
3022,neutron,19511.439922,0.000000,2.455166,-92.000000,0.095412,90.094112,-90.266454,-0.004650,-0.999988,-0.001643
2861,neutron,19511.576325,426.830789,1.041658,-92.000000,1.215821,90.000000,-90.000000,0.000000,-1.000000,0.000000
3023,neutron,7067.195775,123.294481,2.303754,-92.000000,2.292735,88.703390,-88.701503,0.022655,-0.999487,0.022628
3024,neutron,19511.436890,0.000000,0.727776,-92.000000,-0.649369,89.761010,-89.994442,0.000097,-0.999991,0.004171
3025,neutron,19511.360910,490.898119,-2.345687,-92.000000,2.072324,90.296808,-89.986124,0.000242,-0.999987,-0.005180
3026,neutron,19511.576325,0.000000,-0.913352,-92.000000,0.270424,90.000000,-90.000000,0.000000,-1.000000,0.000000
3107,neutron,19511.576325,1990.582149,-0.615988,-92.000000,1.904540,90.000000,-90.000000,0.000000,-1.000000,0.000000
3108,gamma,2.596507,551.181108,-2.607585,-92.000000,0.332895,78.780671,-112.584957,-0.376714,-0.905666,0.194565
2950,mu+,766.199513,1254.784075,-2.192710,-92.000000,1.630105,90.209512,-92.293268,-0.040014,-0.999192,-0.003657
2951,neutron,19511.576325,0.000000,0.366643,-92.000000,2.294317,90.000000,-90.000000,0.000000,-1.000000,0.000000
2862,proton,4463.623325,2579.331726,-2.842999,-92.000000,1.219983,81.158130,-98.513894,-0.146290,-0.977227,0.153708
3109,proton,1521.167357,767.902334,-1.729948,-92.000000,-1.885964,87.174957,-100.032497,-0.173995,-0.983512,0.049286
3110,neutron,19511.576325,0.173824,-0.661941,-92.000000,-2.058729,90.000000,-90.000000,0.000000,-1.000000,0.000000
3028,neutron,6550.648122,1233.327732,2.405091,-92.000000,2.896255,89.616847,-90.196361,-0.003427,-0.999972,0.006687
3029,neutron,19511.576325,0.259189,-0.965006,-92.000000,1.035533,90.000000,-90.000000,0.000000,-1.000000,0.000000
2952,neutron,15.765815,0.421887,2.218900,-92.000000,1.815516,101.684101,-106.335775,-0.275438,-0.939745,-0.202516
2863,neutron,13958.758597,1561.295151,-2.889588,-92.000000,-2.239327,90.116683,-90.886549,-0.015473,-0.999878,-0.002037
2864,neutron,19511.576325,124.194138,2.057380,-92.000000,-2.275779,90.000000,-90.000000,0.000000,-1.000000,0.000000
3030,proton,232.044304,1203.270279,-2.838898,-92.000000,1.297943,75.615505,-105.905822,-0.265465,-0.931564,0.248428
2953,gamma,0.729580,1156.524347,-0.805513,-92.000000,-1.872425,111.163343,-60.118309,0.464609,-0.808577,-0.361028
2954,neutron,19511.299173,0.041186,-0.901319,-92.000000,0.397550,90.058432,-89.751952,0.004329,-0.999990,-0.001020
2955,neutron,19511.576325,0.000000,1.781746,-92.000000,-0.781255,90.000000,-90.000000,0.000000,-1.000000,0.000000
2956,neutron,19511.576325,0.000000,1.937645,-92.000000,-0.309481,90.000000,-90.000000,0.000000,-1.000000,0.000000
2865,neutron,19476.887703,1015.105010,0.474870,-92.000000,0.598290,90.543115,-89.903419,0.001686,-0.999954,-0.009479
2866,neutron,19511.359333,0.000000,1.051161,-92.000000,1.440283,90.138063,-89.684106,0.005513,-0.999982,-0.002410
3111,gamma,5.050711,2738.496973,0.260679,-92.000000,-1.895179,80.940905,-85.922739,0.070215,-0.985027,0.157453
3112,neutron,19511.576325,0.000000,0.397447,-92.000000,1.618408,90.000000,-90.000000,0.000000,-1.000000,0.000000
3113,proton,5939.757308,216.598953,-0.607637,-92.000000,-2.753720,90.773346,-89.945785,0.000946,-0.999908,-0.013497
3031,neutron,9.516506,1902.603503,0.391955,-92.000000,-0.535665,93.195161,-42.998257,0.730238,-0.680916,-0.055737
2957,neutron,8.527347,2258.023634,0.667815,-92.000000,1.304317,89.693359,-126.446380,-0.594062,-0.804402,0.005352
2867,neutron,2.325233,2873.631055,-0.303142,-92.000000,-1.754989,141.290236,-54.905921,0.359541,-0.511688,-0.780324
2868,neutron,19511.520257,0.000000,1.052843,-92.000000,-0.432426,89.879436,-89.908111,0.001604,-0.999997,0.002104
2869,neutron,19511.576325,0.000000,-1.318856,-92.000000,-0.055045,90.000000,-90.000000,0.000000,-1.000000,0.000000
2958,neutron,13.923999,907.200114,0.381931,-92.000000,2.040724,97.766825,-123.197073,-0.542498,-0.829116,-0.135142
3032,neutron,59.891064,920.789826,1.105411,-92.000000,1.750409,80.652116,-69.441218,0.346505,-0.923878,0.162429
3114,neutron,237.376597,1954.602558,-2.361442,-92.000000,-0.677107,80.919695,-99.991580,-0.171329,-0.972491,0.157819
3033,neutron,19511.549792,114.029565,1.034845,-92.000000,2.482200,90.073015,-90.029764,-0.000519,-0.999999,-0.001274
3116,e-,6.293685,6.550996,1.945302,-92.000000,2.883644,109.071452,-73.913037,0.261887,-0.908103,-0.326747
2959,gamma,6.701043,1521.856539,-1.983851,-92.000000,2.048270,92.121120,-75.859385,0.244135,-0.969035,-0.037012
2960,neutron,19511.576325,0.000000,-0.992736,-92.000000,1.972873,90.000000,-90.000000,0.000000,-1.000000,0.000000
3117,neutron,19511.576325,630.642349,2.851291,-92.000000,-2.012085,90.000000,-90.000000,0.000000,-1.000000,0.000000
3034,gamma,1.684562,210.635092,1.503292,-92.000000,0.368897,54.541642,-127.883458,-0.500173,-0.642883,0.580111
2961,neutron,13780.586098,800.271390,1.471537,-92.000000,-0.096827,88.586556,-90.693494,-0.012100,-0.999623,0.024667
2871,neutron,19511.576325,2.379455,1.774089,-92.000000,2.516892,90.000000,-90.000000,0.000000,-1.000000,0.000000
2962,neutron,19511.506313,513.478021,-0.390988,-92.000000,-1.978921,90.151673,-89.924570,0.001317,-0.999996,-0.002647
3118,neutron,2.932372,3732.211805,1.343647,-92.000000,-0.816459,126.567276,-72.413346,0.242672,-0.765619,-0.595766
2963,neutron,2.562585,1917.678264,-0.480073,-92.000000,-0.398850,53.529181,-121.157015,-0.416060,-0.688162,0.594413
3036,neutron,19511.576325,0.057443,0.871949,-92.000000,1.819875,90.000000,-90.000000,0.000000,-1.000000,0.000000
2964,gamma,0.086958,386.030124,-0.606349,-92.200000,-1.653403,69.211802,127.740675,-0.572241,0.739308,0.354914
2965,neutron,4.672495,2.937423,0.038853,-92.000000,1.626377,69.492992,-79.914957,0.164013,-0.922157,0.350322
2873,gamma,0.116212,2335.554940,1.754963,-92.000000,-0.688042,59.807334,-61.317286,0.414847,-0.758277,0.502909
3037,neutron,19511.576325,3640.247213,-2.130527,-92.000000,-2.806396,90.000000,-90.000000,0.000000,-1.000000,0.000000
3119,neutron,1085.444412,3763.949588,-1.891085,-92.000000,0.154253,102.832511,-92.633151,-0.044794,-0.973994,-0.222102
3120,neutron,19511.576325,0.000000,-1.569150,-92.000000,-1.775981,90.000000,-90.000000,0.000000,-1.000000,0.000000
2874,gamma,0.111065,2336.147055,2.068565,-92.000000,-0.578296,95.205732,-76.297667,0.235901,-0.967532,-0.090732
2966,gamma,503.128836,3012.996795,-1.772610,-92.000000,2.922756,89.814837,-85.855595,0.072270,-0.997380,0.003232
3038,gamma,0.168311,0.168311,1.631394,-92.000000,2.613783,102.716868,-50.006056,0.626941,-0.747319,-0.220133
2875,neutron,19511.576325,2531.681202,-1.763972,-92.000000,-1.398305,90.000000,-90.000000,0.000000,-1.000000,0.000000
2967,proton,824.397823,942.098140,0.103987,-92.000000,0.197088,93.402112,-117.565974,-0.461954,-0.884916,-0.059343
2968,neutron,19511.576325,0.000000,2.470860,-92.000000,-2.729651,90.000000,-90.000000,0.000000,-1.000000,0.000000
2969,gamma,20.372064,218.639017,2.096020,-92.000000,-0.587433,96.858033,-97.661203,-0.132361,-0.983983,-0.119410
3122,pi+,443.900636,2438.743870,0.598263,-92.000000,-1.851869,79.887897,-123.249555,-0.539770,-0.823300,0.175575
2876,neutron,2.687363,2956.338762,1.541423,-92.000000,-1.678465,118.404203,-99.660600,-0.147609,-0.867140,-0.475689
2877,gamma,0.226772,1.166532,-2.325194,-92.000000,-2.853175,72.930893,-122.656264,-0.515829,-0.804837,0.293525
2878,neutron,19511.262362,0.155531,-1.624263,-92.000000,-2.435272,90.356762,-90.037403,-0.000653,-0.999980,-0.006227
2970,neutron,38.977346,1772.819873,1.495418,-92.000000,0.903967,73.700597,-76.522087,0.223703,-0.933375,0.280657
2971,neutron,19511.576325,0.000000,-1.384449,-92.000000,0.035079,90.000000,-90.000000,0.000000,-1.000000,0.000000
2972,neutron,19511.576325,188.226360,1.294423,-92.000000,-2.986415,90.000000,-90.000000,0.000000,-1.000000,0.000000
2973,neutron,19383.765659,0.077390,-2.133833,-92.000000,0.061835,90.804154,-89.680528,0.005575,-0.999886,-0.014035
2880,neutron,19510.365711,0.000000,-0.413517,-92.000000,2.327820,89.993581,-89.467418,0.009295,-0.999957,0.000112
2881,neutron,19511.359378,0.000000,0.245060,-92.000000,-0.192610,89.704449,-89.960440,0.000690,-0.999986,0.005158
3123,e+,35.779088,1528.197142,-1.266212,-92.000000,0.886913,77.980725,-85.274610,0.080574,-0.974753,0.208241
3124,neutron,19511.576325,0.000000,1.447942,-92.000000,2.230644,90.000000,-90.000000,0.000000,-1.000000,0.000000
3126,neutron,19511.576325,0.623331,-0.248633,-92.000000,-2.326067,90.000000,-90.000000,0.000000,-1.000000,0.000000
2974,deuteron,65.837550,65.837550,-1.643224,-92.000000,-2.934492,81.887567,-34.082766,0.819941,-0.554782,0.141116
2975,neutron,19198.390676,0.000000,-0.106290,-92.000000,-1.806977,90.776055,-90.355135,-0.006198,-0.999889,-0.013544
2883,neutron,532.070072,1688.266939,-1.962930,-92.000000,1.109155,75.059273,-72.141088,0.296306,-0.919637,0.257820
3040,neutron,0.004344,2419.073343,2.936202,-92.000000,-0.787706,79.946460,-50.828894,0.621940,-0.763359,0.174568
2976,neutron,0.217952,3423.435908,-2.953572,-92.000000,2.605422,80.915927,-102.343104,-0.211084,-0.964633,0.157884
2884,e+,4.183476,1418.193912,-2.138642,-92.000000,-2.773945,97.886107,-117.396448,-0.455793,-0.879447,-0.137204
2885,neutron,19511.576325,196.024592,-1.661965,-92.000000,1.185170,90.000000,-90.000000,0.000000,-1.000000,0.000000
2977,neutron,54.137559,2418.391931,0.602650,-92.000000,0.624474,85.748671,-51.667658,0.618515,-0.782268,0.074132
2978,neutron,19511.576325,451.451533,-2.046714,-92.000000,0.567139,90.000000,-90.000000,0.000000,-1.000000,0.000000
2979,neutron,19511.576325,0.000000,1.315337,-92.000000,-2.172380,90.000000,-90.000000,0.000000,-1.000000,0.000000
3127,proton,685.577394,400.649278,0.215588,-92.000000,2.021096,83.757979,-74.419289,0.267003,-0.957542,0.108728
3128,neutron,19511.484928,0.000000,-0.145331,-92.000000,-0.152093,89.857208,-90.032034,-0.000559,-0.999997,0.002492
3042,pi-,1416.906101,3474.175250,0.358676,-92.000000,2.808261,74.581003,-82.592052,0.124293,-0.955961,0.265876
3043,neutron,19511.576325,0.000000,0.524228,-92.000000,0.287908,90.000000,-90.000000,0.000000,-1.000000,0.000000
2980,pi+,2004.056261,1391.870649,1.877839,-92.000000,2.653033,93.893713,-97.850103,-0.136267,-0.988342,-0.067906
2981,gamma,0.061540,0.061540,-1.616030,-92.000000,-1.966416,73.132567,-52.757332,0.579156,-0.761831,0.290158
2982,neutron,15887.049051,0.000000,-1.417108,-92.000000,-1.402609,90.364873,-91.308283,-0.022831,-0.999719,-0.006368
2983,neutron,19511.403847,0.000000,-1.876225,-92.000000,-2.725519,90.189642,-89.933286,0.001164,-0.999994,-0.003310
2887,neutron,11159.337795,770.163904,0.192502,-92.000000,1.482164,90.183661,-92.530527,-0.044151,-0.999020,-0.003205
3044,neutron,0.251349,3425.505433,-2.279604,-92.000000,-1.639983,93.959134,-85.737002,0.074157,-0.994854,-0.069045
3045,neutron,19511.576325,0.000000,1.029697,-92.000000,0.082517,90.000000,-90.000000,0.000000,-1.000000,0.000000
3046,neutron,19511.576325,0.000000,-2.221071,-92.000000,-1.006216,90.000000,-90.000000,0.000000,-1.000000,0.000000
3129,neutron,9.385889,1834.998502,0.457550,-92.000000,2.539814,54.939483,-117.831296,-0.382154,-0.723861,0.574441
3130,neutron,19511.576325,0.000000,0.135365,-92.000000,-2.832575,90.000000,-90.000000,0.000000,-1.000000,0.000000
2984,gamma,0.340086,953.510660,-0.806624,-92.000000,-1.715127,70.556678,-58.114015,0.498106,-0.800678,0.332874
2985,neutron,19511.301674,109.447214,1.506279,-92.000000,-1.623506,90.242059,-89.924084,0.001325,-0.999990,-0.004225
3131,pi-,1741.747297,3085.685671,0.154132,-92.000000,-2.219045,92.252046,-87.740092,0.039402,-0.998450,-0.039295
2987,neutron,19511.576325,0.000000,-2.826441,-92.000000,-0.438418,90.000000,-90.000000,0.000000,-1.000000,0.000000
2888,neutron,0.126846,4944.596822,-1.758099,-92.000000,-2.247100,112.607382,-91.633475,-0.026315,-0.922786,-0.384414
3132,pi+,743.194211,1669.985684,-0.207803,-92.000000,0.240773,67.803689,-131.253629,-0.610529,-0.696086,0.377781
2889,neutron,19510.964391,371.527631,-2.231174,-92.000000,0.605635,90.204601,-90.405265,-0.007073,-0.999969,-0.003571
2890,neutron,19511.576325,0.000000,2.937403,-92.000000,0.801433,90.000000,-90.000000,0.000000,-1.000000,0.000000
3133,pi+,1306.982353,917.452864,1.115141,-92.000000,1.795177,62.630347,-89.769038,0.003580,-0.888052,0.459729
3048,gamma,1.551283,3222.519672,-0.713846,-92.000000,2.769064,52.841942,-115.610783,-0.344496,-0.718671,0.604016
2891,pi+,129.645503,851.560414,1.641900,-92.000000,1.327874,101.684737,-75.855050,0.239312,-0.949586,-0.202526
2892,neutron,19511.576325,148.366156,-0.887079,-92.000000,2.362803,90.000000,-90.000000,0.000000,-1.000000,0.000000
3134,neutron,19511.394694,1690.666800,1.231491,-92.000000,2.853495,89.989398,-90.206027,-0.003596,-0.999994,0.000185
3049,kaon-,6962.954128,1711.926439,-2.638541,-92.000000,-1.229821,90.576228,-87.063333,0.051229,-0.998636,-0.010057
2988,neutron,5.863512,2159.775473,2.987084,-92.000000,-0.261584,57.317933,-55.370173,0.478303,-0.692568,0.539977
2989,neutron,19511.576325,0.000000,-0.048627,-92.000000,2.997571,90.000000,-90.000000,0.000000,-1.000000,0.000000
2990,neutron,8.637437,656.842671,2.871133,-92.000000,-0.761521,59.920269,-64.729204,0.369406,-0.782517,0.501205
2893,neutron,19511.576325,2672.559794,0.919810,-92.000000,-1.403652,90.000000,-90.000000,0.000000,-1.000000,0.000000
2894,neutron,19511.576325,230.607484,0.677179,-92.000000,-2.192860,90.000000,-90.000000,0.000000,-1.000000,0.000000
3135,gamma,9.000751,3195.637327,1.553086,-92.000000,-2.786445,119.509910,-72.809096,0.257214,-0.831391,-0.492574
3050,neutron,19415.345565,3462.052983,1.076023,-92.000000,2.526556,91.001190,-89.348345,0.011372,-0.999783,-0.017473
3051,neutron,19511.576325,792.938033,0.977523,-92.000000,1.037429,90.000000,-90.000000,0.000000,-1.000000,0.000000
2895,pi-,3376.102302,890.736200,2.965411,-92.000000,2.388135,97.509886,-85.821792,0.072234,-0.988787,-0.130697
3136,gamma,1.057025,2227.689923,2.483248,-92.000000,0.759892,104.268775,-69.015521,0.347067,-0.904874,-0.246471
2992,neutron,19511.576325,0.000000,0.607913,-92.000000,-1.823272,90.000000,-90.000000,0.000000,-1.000000,0.000000
2993,neutron,19511.576325,0.077882,0.196183,-92.000000,2.271282,90.000000,-90.000000,0.000000,-1.000000,0.000000
2994,neutron,19375.226846,0.000000,1.241019,-92.000000,-2.188049,90.620889,-89.453137,0.009544,-0.999896,-0.010836
2896,gamma,328.677865,1535.284303,-0.722613,-92.000000,1.712353,56.863418,-53.667323,0.496119,-0.674577,0.546637
3137,neutron,48.225157,973.777457,1.778147,-92.000000,-1.721678,87.789536,-101.489757,-0.199045,-0.979231,0.038570
2995,gamma,0.094283,921.325290,2.280801,-92.000000,-0.130603,82.029359,-96.401795,-0.110423,-0.984164,0.138666
2996,neutron,19511.576325,0.000000,0.655672,-92.000000,-1.538558,90.000000,-90.000000,0.000000,-1.000000,0.000000
3052,pi-,657.996904,688.297252,1.933076,-92.000000,-0.780652,57.950622,-56.074376,0.473054,-0.703300,0.530650
2897,gamma,0.601718,3378.941908,1.934085,-92.000000,0.356854,105.531971,-96.611854,-0.110938,-0.957073,-0.267776
2997,e+,421.973400,666.685250,-0.128933,-92.000000,-2.769154,86.657909,-87.671646,0.040557,-0.997475,0.058297
2998,neutron,19511.576325,0.000000,0.862079,-92.000000,-2.992157,90.000000,-90.000000,0.000000,-1.000000,0.000000
2898,neutron,60.293230,670.244263,-2.183384,-92.000000,-2.504968,101.770371,-80.856062,0.155574,-0.966532,-0.203990
3053,gamma,21.928228,1516.825699,-1.075457,-92.000000,0.471668,98.907623,-70.880038,0.323597,-0.933439,-0.154842
2999,neutron,221.949679,694.790681,-1.852151,-92.000000,1.580913,78.261462,-77.798688,0.206927,-0.956970,0.203446
3200,neutron,19360.876426,0.000000,0.912149,-92.000000,2.537909,90.011557,-89.505597,0.008629,-0.999963,-0.000202
2899,gamma,0.103115,1338.548063,-2.051795,-92.000000,2.349981,95.520709,-138.775125,-0.748640,-0.655959,-0.096206
3201,gamma,0.127353,305.727724,2.709975,-92.000000,2.710270,89.070057,-105.981843,-0.275296,-0.961222,0.016230
3202,neutron,19511.576325,0.360861,2.921178,-92.000000,2.587926,90.000000,-90.000000,0.000000,-1.000000,0.000000
3139,pi+,5373.435507,2527.358148,-0.219623,-92.000000,-1.273655,97.766339,-95.127836,-0.088558,-0.986862,-0.135133
3140,neutron,19511.576325,0.000000,0.268580,-92.000000,-2.995944,90.000000,-90.000000,0.000000,-1.000000,0.000000
3054,proton,1695.759444,2507.951612,-1.551481,-92.000000,0.902261,86.605665,-84.199715,0.100884,-0.993135,0.059208
3141,neutron,19511.464885,2514.878194,0.979838,-92.000000,-1.863420,89.839928,-89.977881,0.000386,-0.999996,0.002794
3142,neutron,19511.576325,0.000000,-1.013354,-92.000000,1.179377,90.000000,-90.000000,0.000000,-1.000000,0.000000
3300,neutron,5.174480,602.270923,-0.829677,-92.000000,0.771101,99.533398,-110.007190,-0.337413,-0.926672,-0.165622
3143,neutron,0.752823,867.358346,0.769557,-92.000000,0.088006,117.451768,-99.091038,-0.140212,-0.876252,-0.461002
3144,neutron,19511.576325,0.000000,1.952906,-92.000000,-0.283364,90.000000,-90.000000,0.000000,-1.000000,0.000000
3145,neutron,19511.576325,0.000000,-1.771444,-92.000000,-0.255323,90.000000,-90.000000,0.000000,-1.000000,0.000000
3055,neutron,5.543132,2720.668688,-1.223432,-92.000000,0.954561,67.354481,-89.015502,0.015857,-0.922768,0.385029
3203,neutron,0.005243,3665.439716,-0.566193,-92.000000,-0.406177,115.529772,-87.506912,0.039252,-0.901507,-0.430980
3301,neutron,42.441626,351.404007,2.402581,-92.000000,2.992124,47.966073,-100.939104,-0.140948,-0.729252,0.669571
3146,pi-,1494.753964,1683.584139,0.515657,-92.000000,-1.973726,82.133160,-97.682278,-0.132422,-0.981698,0.136871
3204,neutron,4015.083357,0.000000,2.463624,-92.000000,-0.200617,90.019475,-87.306123,0.047000,-0.998895,-0.000340
3302,neutron,19511.576325,1609.098336,-1.768393,-92.000000,2.270331,90.000000,-90.000000,0.000000,-1.000000,0.000000
3303,mu+,1909.633436,539.079430,-2.500284,-92.000000,1.290069,102.126485,-76.810319,0.223084,-0.951895,-0.210071
3056,neutron,3.112901,3388.004710,0.450235,-92.000000,1.989221,79.850819,-74.376914,0.265094,-0.947985,0.176212
3057,neutron,19511.576325,0.000000,-2.751083,-92.000000,-2.300895,90.000000,-90.000000,0.000000,-1.000000,0.000000
3147,gamma,0.353595,3075.618355,0.267305,-92.000000,2.291751,51.492095,-74.284886,0.211950,-0.753272,0.622623
3058,proton,12042.900036,1839.154503,2.100696,-92.000000,0.107896,87.471254,-90.289782,-0.005053,-0.999013,0.044121
3059,neutron,19511.576325,0.000000,-2.762426,-92.000000,0.757622,90.000000,-90.000000,0.000000,-1.000000,0.000000
3061,neutron,19511.576325,0.000000,1.454071,-92.000000,-2.457960,90.000000,-90.000000,0.000000,-1.000000,0.000000
3062,neutron,19511.545919,0.000000,1.721621,-92.000000,-0.532096,89.937071,-90.092206,-0.001609,-0.999998,0.001098
3063,neutron,19511.564183,0.000000,-2.234704,-92.000000,-2.706510,90.045848,-90.027259,-0.000476,-1.000000,-0.000800
3064,neutron,19511.576325,0.000000,2.630948,-92.000000,1.656323,90.000000,-90.000000,0.000000,-1.000000,0.000000
3065,neutron,19511.576325,0.000000,0.318875,-92.000000,1.729435,90.000000,-90.000000,0.000000,-1.000000,0.000000
3066,neutron,19511.576325,0.000000,0.013729,-92.000000,-2.058130,90.000000,-90.000000,0.000000,-1.000000,0.000000
3148,gamma,2.311831,939.692017,-1.776461,-92.000000,-2.323440,130.142749,-71.021921,0.248601,-0.722888,-0.644694
3205,e+,175.463240,2646.065950,2.840200,-92.000000,-2.470237,96.990554,-87.150903,0.049336,-0.991339,-0.121706
3206,neutron,19511.386275,0.182022,2.677535,-92.000000,-0.281060,90.029920,-90.272444,-0.004755,-0.999989,-0.000522
3207,neutron,19511.576325,0.000000,-0.210560,-92.000000,0.807150,90.000000,-90.000000,0.000000,-1.000000,0.000000
3304,pi+,3022.748787,3792.914165,-1.797072,-92.000000,0.520699,89.579781,-90.030765,-0.000537,-0.999973,0.007334
3305,neutron,19511.576325,0.213536,-0.373780,-92.000000,-1.725994,90.000000,-90.000000,0.000000,-1.000000,0.000000
3306,neutron,19511.267908,0.056598,-0.250776,-92.000000,-0.588798,90.023097,-89.694228,0.005337,-0.999986,-0.000403
3067,neutron,19511.413441,1644.561310,-2.478983,-92.000000,-1.950096,90.034032,-89.807625,0.003358,-0.999994,-0.000594
3068,neutron,19511.576325,0.000000,-1.329812,-92.000000,1.752450,90.000000,-90.000000,0.000000,-1.000000,0.000000
3307,neutron,19510.539863,694.265540,2.142277,-92.000000,-0.624083,90.533943,-90.130094,-0.002270,-0.999954,-0.009319
3208,proton,19149.951661,93.014859,1.175884,-92.000000,2.103337,89.575319,-90.235625,-0.004112,-0.999964,0.007412
3070,neutron,19472.530299,0.028582,2.157410,-92.000000,0.511276,89.839856,-89.945560,0.000950,-0.999996,0.002795
3071,neutron,19511.576325,0.000000,0.597239,-92.000000,2.863584,90.000000,-90.000000,0.000000,-1.000000,0.000000
3308,gamma,0.120136,1053.776137,-2.145147,-92.000000,-0.833435,72.511355,-95.649347,-0.093890,-0.949144,0.300517
3309,neutron,19511.299533,0.000000,-2.304848,-92.000000,-1.366851,89.794134,-89.785647,0.003741,-0.999987,0.003593
3209,e+,179.856228,2904.139786,2.514033,-92.000000,1.360524,99.240075,-72.604597,0.295085,-0.941882,-0.160572
3210,neutron,19511.322154,0.025030,-0.251808,-92.000000,-1.824531,89.846342,-90.267404,-0.004667,-0.999986,0.002682
3149,gamma,0.823016,3643.851447,0.950651,-92.000000,-1.300780,89.938941,-57.664627,0.534874,-0.844931,0.001066
3150,neutron,19511.576325,0.000000,-0.885584,-92.000000,1.870280,90.000000,-90.000000,0.000000,-1.000000,0.000000
3072,e+,86.705787,1907.695651,2.990171,-92.000000,-1.204498,86.563361,-91.419630,-0.024730,-0.997895,0.059945
3310,pi+,2524.134315,2581.275072,1.247677,-92.000000,1.423246,88.697561,-88.093961,0.033252,-0.999189,0.022730
3211,neutron,9981.404733,3615.733269,1.816885,-92.000000,-1.834006,89.377155,-89.364131,0.011097,-0.999879,0.010870
3151,neutron,0.681039,4701.863528,0.917586,-92.000000,-1.571268,101.668972,-54.291905,0.571593,-0.795219,-0.202257
3152,neutron,19511.576325,37.459849,-0.616979,-92.000000,0.559855,90.000000,-90.000000,0.000000,-1.000000,0.000000
3311,pi+,2214.014914,1988.120552,-1.008631,-92.000000,-0.963621,86.000218,-82.470752,0.130713,-0.988963,0.069753
3153,pi-,2725.133392,1436.242400,-1.310342,-92.000000,2.832167,86.665793,-88.688748,0.022845,-0.998046,0.058160
3154,neutron,19511.576325,418.554011,-2.251628,-92.000000,-2.430881,90.000000,-90.000000,0.000000,-1.000000,0.000000
3155,neutron,19511.576325,344.942338,-0.986236,-92.000000,1.638455,90.000000,-90.000000,0.000000,-1.000000,0.000000
3212,gamma,0.068620,3.638011,1.919356,-92.000000,-1.311501,53.296303,-81.287653,0.121442,-0.792486,0.597677
3073,gamma,1.424813,3067.539725,-1.736226,-92.000000,2.328392,82.188723,-113.283314,-0.391610,-0.910038,0.135911
3074,neutron,19511.346022,124.230192,2.176128,-92.000000,1.403947,89.787668,-89.953530,0.000811,-0.999993,0.003706
3213,proton,6312.686127,691.174916,-2.374206,-92.000000,-2.154218,92.303340,-86.766507,0.056360,-0.997601,-0.040190
3156,gamma,3.731428,1675.335822,-0.671569,-92.000000,-1.155952,130.677463,-116.359626,-0.336728,-0.679537,-0.651800
3312,gamma,6.582009,3398.882379,1.808619,-92.000000,0.797057,95.224912,-89.170257,0.014421,-0.995740,-0.091066
3214,anti_nu_mu,317.224547,798.408930,-1.459595,-92.000000,-0.950141,94.285937,-87.432462,0.044672,-0.996202,-0.074734
3215,neutron,19511.576325,0.000000,-0.675944,-92.000000,-1.739272,90.000000,-90.000000,0.000000,-1.000000,0.000000
3313,proton,10454.272471,93.873103,2.996015,-92.000000,-2.221315,90.391910,-89.321083,0.011849,-0.999906,-0.006840
3314,neutron,19511.023924,0.013134,-0.890698,-92.000000,-0.415846,90.343098,-90.108278,-0.001890,-0.999980,-0.005988
3315,neutron,0.406083,124.348694,2.090852,-92.000000,-0.499041,68.103239,-80.578899,0.151880,-0.915342,0.372935
3316,neutron,19511.107484,0.000000,-0.199199,-92.000000,2.072335,89.886686,-90.288684,-0.005038,-0.999985,0.001978
3317,neutron,1.596859,0.632942,-1.031332,-92.000000,-0.456823,88.440299,-113.619511,-0.400513,-0.915887,0.027219
3318,neutron,17733.937369,0.000000,2.747631,-92.000000,-0.426650,90.006990,-88.807169,0.020817,-0.999783,-0.000122
3075,gamma,1.342532,1220.728369,0.907140,-92.000000,2.182655,101.094998,-103.496577,-0.229025,-0.954209,-0.192436
3157,gamma,2.390024,2963.085614,2.972965,-92.000000,-0.753264,83.490987,-50.928460,0.626227,-0.771355,0.113360
3158,neutron,19511.576325,0.000000,-0.717807,-92.000000,0.560200,90.000000,-90.000000,0.000000,-1.000000,0.000000
3159,neutron,19511.576325,0.000000,2.888835,-92.000000,-0.038904,90.000000,-90.000000,0.000000,-1.000000,0.000000
3319,neutron,19511.513050,947.314059,0.158976,-92.000000,1.190761,89.882676,-89.967421,0.000569,-0.999998,0.002048
3216,pi-,11419.400396,135.022306,0.706230,-92.000000,-1.571272,91.193118,-90.288425,-0.005033,-0.999771,-0.020822
3160,neutron,46.224349,1549.170289,1.263066,-92.000000,2.202406,69.493414,-92.524991,-0.041263,-0.935723,0.350315
3217,neutron,19511.086612,1348.525595,-2.903815,-92.000000,-1.303247,90.134925,-89.887614,0.001962,-0.999995,-0.002355
3320,gamma,0.756237,1398.878178,-2.999624,-92.000000,2.734998,85.576699,-117.275224,-0.456900,-0.886168,0.077124
3076,anti_nu_mu,40.284611,3262.982275,2.235177,-92.000000,1.064657,40.778032,-69.528281,0.228429,-0.611882,0.757246
3077,neutron,19511.576325,945.217969,-0.849741,-92.000000,-0.583941,90.000000,-90.000000,0.000000,-1.000000,0.000000
3078,neutron,19511.576325,0.000000,1.299968,-92.000000,-0.740383,90.000000,-90.000000,0.000000,-1.000000,0.000000
3218,neutron,160.871169,2042.014469,-1.031796,-92.000000,2.011960,85.660802,-130.611949,-0.649067,-0.756960,0.075661
3219,neutron,19511.576325,0.000000,0.195808,-92.000000,-1.298403,90.000000,-90.000000,0.000000,-1.000000,0.000000
3220,neutron,19511.576325,265.702698,-0.693807,-92.000000,2.816117,90.000000,-90.000000,0.000000,-1.000000,0.000000
3321,gamma,0.492264,4483.583170,-0.863069,-92.000000,0.449898,100.283569,-127.989703,-0.605632,-0.775461,-0.178520
3322,neutron,19511.576325,0.000000,-0.899115,-92.000000,-2.195924,90.000000,-90.000000,0.000000,-1.000000,0.000000
3323,neutron,19510.634575,0.050783,-1.610029,-92.000000,-1.059947,90.281007,-89.623551,0.006570,-0.999966,-0.004904
3161,neutron,100.111366,0.000000,0.518310,-92.000000,1.862455,81.693478,-128.191004,-0.611799,-0.777709,0.144469
3162,neutron,352.508365,85.225124,-0.630582,-92.000000,-0.929577,58.077928,-80.735911,0.136639,-0.837697,0.528765
3163,neutron,19511.576325,250.276531,2.591658,-92.000000,-0.826525,90.000000,-90.000000,0.000000,-1.000000,0.000000
3164,neutron,19511.576325,0.000000,2.112620,-92.000000,2.801366,90.000000,-90.000000,0.000000,-1.000000,0.000000
3165,neutron,19490.055610,0.000000,1.206056,-92.000000,-0.254639,89.987332,-89.852914,0.002567,-0.999997,0.000221
3166,neutron,19511.576325,0.000000,-2.534758,-92.000000,-1.583589,90.000000,-90.000000,0.000000,-1.000000,0.000000
3167,neutron,19511.490105,258.994110,-0.025755,-92.000000,-2.078025,90.141170,-89.983449,0.000289,-0.999997,-0.002464
3221,neutron,19511.576325,4164.444080,-0.936771,-92.000000,0.085319,90.000000,-90.000000,0.000000,-1.000000,0.000000
3168,proton,15784.117682,785.729386,1.312510,-92.000000,0.844997,88.921581,-86.923168,0.053666,-0.998382,0.018821
3222,neutron,42.176552,406.636193,2.065418,-92.000000,-2.535687,98.445048,-71.815989,0.308686,-0.939758,-0.146861
3079,e+,414.397462,736.511520,0.519225,-92.000000,-0.961278,89.415645,-84.585399,0.094357,-0.995486,0.010199
3080,proton,696.829171,1203.287528,-1.786426,-92.000000,-0.719007,123.531247,-78.021672,0.173004,-0.815434,-0.552392
3324,gamma,0.199465,4318.024767,-0.171600,-92.000000,-1.143505,73.488462,-58.708202,0.497978,-0.819294,0.284208
3325,neutron,19511.576325,39.043596,2.269994,-92.000000,2.440544,90.000000,-90.000000,0.000000,-1.000000,0.000000
3169,pi+,2995.893029,2555.776770,1.844653,-92.000000,1.122768,85.549344,-93.732582,-0.064903,-0.994870,0.077601
3223,pi-,3807.461520,2782.067790,-1.508897,-92.000000,-0.026216,97.515814,-81.788746,0.141596,-0.981245,-0.130800
3224,neutron,1.146966,6.831420,-2.229739,-92.000000,-2.193574,105.716274,-132.500592,-0.650340,-0.709707,-0.270874
3326,neutron,19511.576325,1641.764319,-0.379609,-92.000000,2.586115,90.000000,-90.000000,0.000000,-1.000000,0.000000
3327,neutron,19511.167875,0.143642,-0.038160,-92.000000,-1.939998,89.803812,-89.980454,0.000341,-0.999994,0.003424
3081,neutron,19511.576325,1842.268399,2.403400,-92.000000,-0.236322,90.000000,-90.000000,0.000000,-1.000000,0.000000
3170,gamma,0.663450,1320.855083,-2.462226,-92.000000,-2.070108,97.966736,-142.568167,-0.786413,-0.601951,-0.138598
3328,proton,16033.553936,90.003939,-1.348269,-92.000000,1.605100,88.157303,-92.575929,-0.044920,-0.998473,0.032156
3225,gamma,8.029658,2293.795864,-0.356332,-92.000000,1.463747,81.993031,-125.764665,-0.578760,-0.803514,0.139294
3226,neutron,19511.296054,407.341992,-1.938537,-92.000000,2.363565,89.912328,-89.776823,0.003895,-0.999991,0.001530
3171,neutron,19511.576325,1848.203621,-2.393667,-92.000000,0.945781,90.000000,-90.000000,0.000000,-1.000000,0.000000
3082,neutron,19511.576325,1161.406646,-2.104647,-92.000000,-0.667135,90.000000,-90.000000,0.000000,-1.000000,0.000000
3330,neutron,19511.576325,13.161819,2.430190,-92.000000,1.588260,90.000000,-90.000000,0.000000,-1.000000,0.000000
3227,neutron,5519.708593,2993.095242,2.854984,-92.000000,-0.467642,89.348016,-88.766597,0.021524,-0.999704,0.011379
3331,neutron,4.418947,791.571777,-1.739828,-92.000000,-1.901836,83.566093,-102.964239,-0.222930,-0.968373,0.112057
3083,gamma,3.725558,1416.208505,1.954493,-92.000000,-1.304266,110.217598,-42.980833,0.686507,-0.639749,-0.345586
3085,neutron,19511.381862,81.221454,1.751460,-92.000000,0.912886,90.194750,-90.204385,-0.003567,-0.999988,-0.003399
3172,neutron,43.636453,3447.002842,-1.563736,-92.000000,-0.155423,89.374136,-104.859747,-0.256439,-0.966499,0.010923
3173,neutron,19511.576325,0.000000,0.785794,-92.000000,0.626337,90.000000,-90.000000,0.000000,-1.000000,0.000000
3332,neutron,3.067653,1549.446943,-2.057033,-92.000000,2.251723,92.737999,-88.754571,0.021710,-0.998622,-0.047769
3174,neutron,18484.978106,0.000000,-0.517484,-92.000000,-1.274082,91.324861,-89.345248,0.011424,-0.999667,-0.023121
3228,mu-,201.334398,523.063781,0.476001,-92.000000,-2.969275,88.709835,-94.024819,-0.070171,-0.997281,0.022516
3333,gamma,3302.319194,675.097798,2.459548,-92.000000,-2.125335,93.711701,-89.717905,0.004913,-0.997890,-0.064736
3086,gamma,0.940535,2207.893064,-2.698745,-92.000000,-0.579353,90.126606,-109.358855,-0.331483,-0.943459,-0.002210
3175,gamma,1.197801,1928.485217,2.272235,-92.000000,-0.921985,145.605367,-94.987732,-0.049113,-0.562751,-0.825166
3229,neutron,19511.576325,1.226788,0.615083,-92.000000,2.137831,90.000000,-90.000000,0.000000,-1.000000,0.000000
3230,neutron,19427.729759,0.049760,0.783104,-92.000000,1.343935,90.217206,-91.535957,-0.026804,-0.999634,-0.003791
3231,neutron,19511.576325,3.775919,0.918957,-92.000000,1.035896,90.000000,-90.000000,0.000000,-1.000000,0.000000
3232,neutron,19511.576325,4.119113,2.160744,-92.000000,-2.374092,90.000000,-90.000000,0.000000,-1.000000,0.000000
3087,neutron,321.047941,4252.949791,2.762807,-92.000000,0.057808,73.053522,-88.904019,0.018297,-0.956402,0.291478
3176,neutron,9.397225,3705.938408,-0.661427,-92.000000,1.854138,87.247326,-78.020298,0.207326,-0.977092,0.048025
3233,e+,144.490926,3257.572450,0.126830,-92.000000,2.988429,78.538472,-97.721838,-0.131684,-0.971171,0.198710
3335,proton,1003.868298,1131.614908,-2.903587,-92.000000,2.761017,92.702848,-109.345512,-0.330895,-0.942488,-0.047156
3177,neutron,14074.001655,431.423574,-2.475369,-92.000000,2.162881,88.654841,-90.986408,-0.017210,-0.999576,0.023475
3178,neutron,19510.963744,0.000000,1.450081,-92.000000,-0.552830,90.210849,-89.685222,0.005494,-0.999978,-0.003680
3336,neutron,19511.576325,422.075620,0.491516,-92.000000,-0.557035,90.000000,-90.000000,0.000000,-1.000000,0.000000
3179,pi+,420.730082,1269.103343,0.393753,-92.000000,1.034212,119.159868,-84.270994,0.087172,-0.868902,-0.487248
3234,kaon-,2760.286761,3370.342972,2.005980,-92.000000,-0.536242,93.536740,-89.686315,0.005464,-0.998080,-0.061689
3180,neutron,19511.576325,1493.531554,-2.094313,-92.000000,-1.933363,90.000000,-90.000000,0.000000,-1.000000,0.000000
3181,neutron,19511.522884,0.081177,1.294071,-92.000000,0.157036,89.953504,-89.862299,0.002403,-0.999997,0.000812
3337,neutron,65.241413,3745.340298,1.535262,-92.000000,2.497692,43.395660,-85.477134,0.054177,-0.684893,0.726627
3338,neutron,19511.576325,90.780697,2.366495,-92.000000,0.304000,90.000000,-90.000000,0.000000,-1.000000,0.000000
3235,e+,18.822216,1968.937288,2.192078,-92.000000,1.225637,60.393812,-44.857116,0.616319,-0.613253,0.494036
3236,neutron,19511.013101,0.000000,-1.276089,-92.000000,-2.187183,90.402224,-89.937696,0.001087,-0.999975,-0.007020
3237,neutron,19406.780679,0.000000,1.883464,-92.000000,-0.014915,89.224038,-90.131977,-0.002303,-0.999906,0.013543
3339,neutron,10146.217368,0.000000,2.503897,-92.000000,1.026627,88.947864,-88.256173,0.030426,-0.999368,0.018362
3238,neutron,19511.576325,639.405091,-1.937559,-92.000000,-1.502241,90.000000,-90.000000,0.000000,-1.000000,0.000000
3182,pi+,527.103555,87.909493,1.862377,-92.000000,-1.363847,100.695712,-73.602342,0.277398,-0.942659,-0.185593
3340,neutron,56.746192,1234.755753,1.394275,-92.000000,-0.415444,81.833711,-57.084730,0.537888,-0.830963,0.142047
3089,e+,370.685228,2445.607341,1.780946,-92.000000,-1.380158,95.088124,-89.714111,0.004970,-0.996047,-0.088688
3183,deuteron,259.307552,2881.710818,-0.024355,-92.000000,2.343019,52.219189,-115.701913,-0.342771,-0.712164,0.612642
3184,neutron,19511.317458,154.088504,-0.390430,-92.000000,0.402840,90.195147,-90.122562,-0.002139,-0.999992,-0.003406
3090,proton,7398.115766,1669.219783,1.964316,-92.000000,-1.670507,92.974848,-91.387505,-0.024182,-0.998360,-0.051898
3091,neutron,19511.575332,0.283508,-2.218896,-92.000000,0.456336,90.007996,-90.018521,-0.000323,-1.000000,-0.000140
3240,proton,314.886539,1850.504053,1.626147,-92.000000,2.508318,94.674666,-33.713230,0.829059,-0.553190,-0.081498
3241,neutron,19511.576325,12.405327,1.797255,-92.000000,-0.408964,90.000000,-90.000000,0.000000,-1.000000,0.000000
3093,neutron,19069.446760,36.230429,-0.817545,-92.000000,-1.458941,92.020200,-89.377182,0.010863,-0.999319,-0.035252
3094,neutron,19511.576325,351.123062,2.197578,-92.000000,0.444535,90.000000,-90.000000,0.000000,-1.000000,0.000000
3242,gamma,0.802318,1061.818594,-2.547295,-92.000000,-0.813441,75.679183,-107.801651,-0.296223,-0.922534,0.247351
3243,neutron,19511.576325,0.000000,-2.726839,-92.000000,-2.092501,90.000000,-90.000000,0.000000,-1.000000,0.000000
3244,neutron,19511.576325,0.000000,2.181810,-92.000000,1.169624,90.000000,-90.000000,0.000000,-1.000000,0.000000
3341,gamma,0.510999,1746.297749,-2.212990,-92.000000,1.916519,77.623496,-69.606797,0.340363,-0.915540,0.214335
3342,neutron,19511.434479,0.000000,1.203480,-92.000000,-0.574332,90.145213,-90.110228,-0.001924,-0.999995,-0.002534
3245,e+,19.089468,1262.212567,0.518039,-92.000000,-0.913605,128.114779,-51.262902,0.492323,-0.613705,-0.617239
3344,gamma,0.177159,1039.855762,-2.849315,-92.000000,-1.354687,69.493101,-80.194164,0.159517,-0.922946,0.350320
3247,neutron,19511.476535,0.038155,-0.854409,-92.000000,-1.572515,89.816602,-90.085229,-0.001488,-0.999994,0.003201
3186,gamma,0.320335,2536.142325,-1.306702,-92.000000,2.241621,89.708354,-103.766705,-0.237966,-0.971260,0.005090
3096,neutron,0.000009,368.655050,-0.927708,-92.000000,-1.810134,99.870211,-84.203159,0.099506,-0.980161,-0.171417
3187,neutron,0.147395,90.856451,1.971766,-92.000000,0.930114,103.737369,-79.588123,0.175553,-0.955399,-0.237472
3345,neutron,19511.576325,2179.626690,-0.016811,-92.000000,-0.318383,90.000000,-90.000000,0.000000,-1.000000,0.000000
3248,gamma,7544.073258,360.201205,0.861268,-92.000000,-1.562867,89.679643,-88.664371,0.023309,-0.999713,0.005591
3346,proton,16360.479849,208.668115,-2.430914,-92.000000,2.782961,91.704296,-87.293666,0.047196,-0.998443,-0.029741
3188,gamma,0.667207,1745.452529,-0.357712,-92.000000,-1.247947,127.844307,-103.287192,-0.181494,-0.768541,-0.613518
3189,neutron,19511.576325,0.000000,1.842985,-92.000000,0.818622,90.000000,-90.000000,0.000000,-1.000000,0.000000
3249,neutron,10950.888254,2654.181675,-2.845661,-92.000000,-1.798281,84.928969,-89.984841,0.000264,-0.996086,0.088391
3347,pi+,695.892369,1723.793509,-2.063873,-92.000000,-1.850475,89.362532,-76.093394,0.240325,-0.970629,0.011126
3348,neutron,19510.940175,0.017487,2.643079,-92.000000,-1.566620,90.463106,-90.082587,-0.001441,-0.999966,-0.008083
3349,neutron,0.381162,486.286171,-2.878155,-92.000000,-2.974301,110.166820,-114.145644,-0.383979,-0.856565,-0.344755
3190,gamma,0.098610,800.705201,0.313671,-92.000000,-1.102714,65.642690,-103.318926,-0.209866,-0.886488,0.412426
3097,gamma,0.385889,3217.357466,0.581703,-92.000000,2.536581,76.478437,-131.966249,-0.650158,-0.722929,0.233811
3098,neutron,19511.576325,263.817876,2.211583,-92.000000,0.265439,90.000000,-90.000000,0.000000,-1.000000,0.000000
3099,neutron,19511.497801,0.000000,0.540631,-92.000000,0.843933,90.148432,-90.100751,-0.001758,-0.999995,-0.002591
3350,neutron,13163.656920,2239.889849,1.342283,-92.000000,-1.979705,92.768272,-89.768881,0.004029,-0.998825,-0.048297
3351,neutron,19511.576325,0.000000,1.887204,-92.000000,0.931769,90.000000,-90.000000,0.000000,-1.000000,0.000000
3352,neutron,19511.576325,0.118268,1.594422,-92.000000,-0.930751,90.000000,-90.000000,0.000000,-1.000000,0.000000
3250,neutron,17144.275857,0.000000,2.136093,-92.000000,0.365661,90.491202,-90.459267,-0.008015,-0.999931,-0.008573
3191,neutron,4771.554203,2359.369711,-2.963867,-92.000000,-0.182131,91.379247,-91.715858,-0.029934,-0.999262,-0.024070
3192,neutron,19511.576325,0.000000,-0.599141,-92.000000,1.586468,90.000000,-90.000000,0.000000,-1.000000,0.000000
3193,neutron,19511.576325,0.000000,-1.856935,-92.000000,2.199941,90.000000,-90.000000,0.000000,-1.000000,0.000000
3194,neutron,19511.576325,0.000000,2.703355,-92.000000,-2.537155,90.000000,-90.000000,0.000000,-1.000000,0.000000
3353,neutron,0.141359,293.147808,0.984933,-92.000000,-1.168348,63.429113,-89.647964,0.005495,-0.894365,0.447305
3401,anti_nu_mu,65.349905,0.000000,1.729351,-92.000000,-0.100739,120.310767,-69.034363,0.308896,-0.806146,-0.504690
3195,gamma,0.992516,852.907766,2.321817,-92.000000,-2.383585,141.821671,-96.581709,-0.070848,-0.614037,-0.786091
3251,neutron,19511.576325,2691.436296,0.281278,-92.000000,1.822408,90.000000,-90.000000,0.000000,-1.000000,0.000000
3354,neutron,19511.576325,2225.941520,1.679092,-92.000000,0.171876,90.000000,-90.000000,0.000000,-1.000000,0.000000
3196,pi-,3508.847699,1548.207981,2.652184,-92.000000,-1.276659,88.403177,-100.515824,-0.182436,-0.982823,0.027866
3355,neutron,19511.576325,59.089036,-0.411663,-92.000000,-2.090134,90.000000,-90.000000,0.000000,-1.000000,0.000000
3356,neutron,19511.576325,0.000000,-1.130169,-92.000000,-2.340668,90.000000,-90.000000,0.000000,-1.000000,0.000000
3357,neutron,19510.854094,293.107272,-0.776653,-92.000000,2.474604,90.195360,-90.255180,-0.004454,-0.999984,-0.003410
3402,gamma,480.040292,2045.619826,2.629523,-92.000000,-2.226685,94.827916,-93.145479,-0.054677,-0.994951,-0.084163
3358,neutron,19.749811,725.242900,-2.483905,-92.000000,0.980117,116.592001,-98.285969,-0.128869,-0.884882,-0.447634
3359,neutron,96.543030,82.546976,-0.349390,-92.000000,1.729136,79.200159,-99.692834,-0.165384,-0.968265,0.187379
3360,neutron,6802.748565,0.000000,-2.877997,-92.000000,0.604115,89.047746,-90.131969,-0.002303,-0.999859,0.016619
3361,neutron,0.000001,175.649325,2.218031,-92.000000,0.228293,67.107680,-81.562427,0.135175,-0.911266,0.389000
3362,neutron,19511.576325,0.000000,-2.560652,-92.000000,-2.992920,90.000000,-90.000000,0.000000,-1.000000,0.000000
3252,neutron,8526.205109,3135.767205,-1.380656,-92.000000,-0.086653,86.636569,-95.175949,-0.090059,-0.994207,0.058669
3253,neutron,19511.576325,0.000000,2.943056,-92.000000,0.817122,90.000000,-90.000000,0.000000,-1.000000,0.000000
3364,neutron,19404.976648,0.000000,-2.123520,-92.000000,-0.595516,90.108563,-89.251156,0.013069,-0.999913,-0.001895
3403,pi+,3325.689483,2199.922280,-2.241833,-92.000000,-1.784222,83.679079,-86.774924,0.055916,-0.992347,0.110097
3197,neutron,12.149059,3962.979679,-2.979713,-92.000000,0.617168,101.906538,-128.243399,-0.605686,-0.768491,-0.206316
3198,neutron,17228.403534,2841.528981,0.618037,-92.000000,1.506311,89.224598,-88.895209,0.019279,-0.999723,0.013533
3254,gamma,0.063327,1685.350634,1.819571,-92.000000,0.327122,79.702615,-103.079176,-0.222652,-0.958369,0.178757
3365,gamma,2.038407,3368.384405,-2.764266,-92.000000,-1.690000,95.451162,-119.133799,-0.484649,-0.869535,-0.094997
3255,neutron,943.086007,1081.473847,-1.173143,-92.000000,2.128521,98.802915,-80.714552,0.159453,-0.975272,-0.153036
3405,gamma,0.080157,1734.613857,0.072848,-92.000000,-2.886921,75.130650,-122.236639,-0.515555,-0.817528,0.256616
3406,neutron,19511.576325,0.000000,-2.683115,-92.000000,0.902194,90.000000,-90.000000,0.000000,-1.000000,0.000000
3500,neutron,19511.576325,229.551194,1.759556,-92.000000,-2.927031,90.000000,-90.000000,0.000000,-1.000000,0.000000
3501,neutron,19511.482787,0.063562,-2.624744,-92.000000,2.379085,90.054138,-90.188163,-0.003284,-0.999994,-0.000945
3407,neutron,1.751574,2379.331865,-0.370795,-92.000000,1.024041,99.682222,-102.294148,-0.209898,-0.963150,-0.168184
3366,pi+,1955.222297,1734.235094,-2.186909,-92.000000,1.705853,86.702319,-103.373811,-0.230920,-0.971271,0.057524
3367,neutron,19511.576325,256.527904,2.475473,-92.000000,1.057221,90.000000,-90.000000,0.000000,-1.000000,0.000000
3368,neutron,19511.576325,0.000000,-0.239688,-92.000000,-2.895171,90.000000,-90.000000,0.000000,-1.000000,0.000000
3408,neutron,19511.576325,396.066856,0.665089,-92.000000,1.794272,90.000000,-90.000000,0.000000,-1.000000,0.000000
3256,pi-,893.586854,2681.318032,0.424250,-92.000000,-0.680198,99.128365,-94.658497,-0.080188,-0.984074,-0.158647
3409,pi+,788.277244,3002.662914,-0.585477,-92.000000,0.192432,65.953941,-97.256947,-0.115357,-0.905903,0.407471
3502,gamma,0.210306,3224.081035,-1.142532,-92.000000,-0.558883,94.726586,-133.280982,-0.683245,-0.725525,-0.082401
3370,neutron,148.600819,1830.638290,2.858700,-92.000000,-0.373592,118.523735,-67.579457,0.335107,-0.812204,-0.477523
3410,gamma,0.065342,813.408644,0.993848,-92.000000,-2.004733,77.245291,-118.552530,-0.466170,-0.856705,0.220778
3411,neutron,19511.200319,0.000000,1.145737,-92.000000,1.726397,89.767953,-90.185096,-0.003230,-0.999987,0.004050
3503,gamma,2.898555,1310.045389,-0.610912,-92.000000,-1.449534,96.399247,-70.043298,0.339183,-0.934094,-0.111456
3504,neutron,19511.576325,0.437380,2.312911,-92.000000,0.088918,90.000000,-90.000000,0.000000,-1.000000,0.000000
3257,gamma,0.060532,2179.317299,2.955092,-92.000000,-2.338534,95.271633,-39.588953,0.767377,-0.634580,-0.091878
3371,neutron,19511.576325,1530.445088,-2.464656,-92.000000,-2.368711,90.000000,-90.000000,0.000000,-1.000000,0.000000
3412,neutron,19511.576325,1666.119829,1.195500,-92.000000,-1.264789,90.000000,-90.000000,0.000000,-1.000000,0.000000
3505,neutron,31.566007,1508.399030,2.651083,-92.000000,-1.341226,75.849315,-67.842409,0.365711,-0.898047,0.244473
3372,gamma,5.192395,610.517578,-1.251375,-92.000000,-0.522536,55.415511,-67.953708,0.309027,-0.763092,0.567621
3413,gamma,3.629808,2181.058194,2.431559,-92.000000,-0.552580,82.754655,-76.229557,0.236132,-0.963502,0.126118
3414,pi-,5641.927258,133.584070,2.858500,-92.000000,-2.451556,88.185533,-90.954650,-0.016653,-0.999360,0.031663
3374,neutron,19511.576325,65.117597,2.868342,-92.000000,2.719023,90.000000,-90.000000,0.000000,-1.000000,0.000000
3375,neutron,315.251620,0.343835,0.166095,-92.000000,-1.430645,104.107568,-105.127839,-0.253103,-0.936231,-0.243743
3506,gamma,0.569987,1823.476809,-2.318663,-92.000000,-1.715715,68.362725,-98.150048,-0.131777,-0.920149,0.368729
3259,mu+,150.235322,3021.170377,-0.563634,-92.000000,1.132114,51.838180,-109.305197,-0.259940,-0.742058,0.617885
3260,neutron,19511.576325,0.000000,-1.027286,-92.000000,0.061608,90.000000,-90.000000,0.000000,-1.000000,0.000000
3507,neutron,19511.576325,1714.143644,-1.629223,-92.000000,0.657875,90.000000,-90.000000,0.000000,-1.000000,0.000000
3261,neutron,19511.576325,866.288166,-2.926340,-92.000000,-2.118287,90.000000,-90.000000,0.000000,-1.000000,0.000000
3508,neutron,19511.576325,954.732147,-1.707969,-92.000000,0.385824,90.000000,-90.000000,0.000000,-1.000000,0.000000
3415,neutron,8076.060039,114.243782,0.275373,-92.000000,-0.187087,86.290409,-91.960008,-0.034130,-0.997321,0.064699
3416,neutron,19511.576325,0.000000,-2.917064,-92.000000,-1.465468,90.000000,-90.000000,0.000000,-1.000000,0.000000
3510,neutron,19511.576325,26.414758,0.441779,-92.000000,2.268752,90.000000,-90.000000,0.000000,-1.000000,0.000000
3511,neutron,19511.357924,23.866029,-2.544888,-92.000000,-1.436320,90.070563,-90.214933,-0.003751,-0.999992,-0.001232
3376,gamma,4.282752,2185.607501,-2.885274,-92.000000,-1.622581,93.932475,-147.749238,-0.843730,-0.532369,-0.068581
3377,neutron,12842.685254,0.000000,1.804219,-92.000000,-1.737166,92.059423,-87.730362,0.039577,-0.998570,-0.035936
3378,neutron,19511.576325,0.197649,-1.401452,-92.000000,-2.154711,90.000000,-90.000000,0.000000,-1.000000,0.000000
3262,gamma,0.574594,2494.257071,-1.685566,-92.000000,-1.006500,92.024588,-102.153511,-0.210400,-0.976977,-0.035328
3512,e+,45.399886,2127.714118,1.949788,-92.000000,2.603771,95.018266,-86.515350,0.060548,-0.994325,-0.087473
3379,neutron,19510.517935,2152.070951,-1.663568,-92.000000,1.443253,90.265153,-90.383173,-0.006688,-0.999967,-0.004628
3263,neutron,19511.576325,3127.532427,-1.526319,-92.000000,0.524753,90.000000,-90.000000,0.000000,-1.000000,0.000000
3417,gamma,0.055645,4824.150721,-1.790501,-92.000000,-0.979419,103.134165,-93.822269,-0.064918,-0.971674,-0.227232
3264,neutron,19511.576325,1891.803162,0.709626,-92.000000,-0.168335,90.000000,-90.000000,0.000000,-1.000000,0.000000
3418,gamma,0.182921,819.511796,0.508629,-92.000000,-0.244391,72.203821,-41.011824,0.718468,-0.624815,0.305632
3419,neutron,19511.444415,286.249236,2.887476,-92.000000,1.371437,89.955003,-89.830046,0.002966,-0.999995,0.000785
3265,neutron,14204.908134,0.367281,0.423264,-92.000000,2.570211,89.510359,-90.460388,-0.008035,-0.999931,0.008546
3266,neutron,19511.576325,0.093265,-0.536619,-92.000000,-2.728022,90.000000,-90.000000,0.000000,-1.000000,0.000000
3267,neutron,19511.576325,0.000000,-0.314305,-92.000000,-0.320629,90.000000,-90.000000,0.000000,-1.000000,0.000000
3268,neutron,19511.576325,414.909258,1.603827,-92.000000,-2.453210,90.000000,-90.000000,0.000000,-1.000000,0.000000
3513,neutron,4413.693266,3700.203745,2.231822,-92.000000,1.740576,85.743393,-86.212002,0.065883,-0.995063,0.074223
3420,neutron,53.384164,1101.301414,-2.825873,-92.000000,1.348830,86.057043,-96.620095,-0.115013,-0.990981,0.068763
3269,gamma,2.334841,1190.245821,0.346312,-92.000000,2.820199,90.737822,-95.590341,-0.097407,-0.995161,-0.012877
3422,neutron,19511.480578,0.000000,-0.046161,-92.000000,-2.080730,89.834530,-90.108910,-0.001901,-0.999994,0.002888
3423,neutron,19511.576325,0.000000,0.848342,-92.000000,0.569236,90.000000,-90.000000,0.000000,-1.000000,0.000000
3424,neutron,19511.576325,0.000000,-2.348203,-92.000000,-2.410673,90.000000,-90.000000,0.000000,-1.000000,0.000000
3514,proton,2270.133793,2093.638440,2.200471,-92.000000,-1.550082,89.551912,-89.819250,0.003155,-0.999964,0.007821
3381,neutron,0.000001,1198.592181,1.454207,-92.000000,-1.720445,73.121340,-86.493060,0.058534,-0.955130,0.290346
3382,neutron,19511.576325,7.330211,-0.116759,-92.000000,-2.313624,90.000000,-90.000000,0.000000,-1.000000,0.000000
3425,neutron,19511.223979,678.783122,-0.321297,-92.000000,-0.953368,89.768628,-89.829621,0.002974,-0.999987,0.004038
3515,gamma,0.419085,1884.094512,-1.331463,-92.000000,1.805811,72.297025,-103.998737,-0.230445,-0.924353,0.304083
3270,pi+,198.586668,2916.022851,1.430956,-92.000000,0.734357,80.156913,-86.522581,0.059762,-0.983466,0.170950
3516,neutron,0.179808,259.543778,-2.587275,-92.000000,0.994181,39.325098,-76.714449,0.145632,-0.616759,0.773563
3426,neutron,1461.333124,2141.915038,-2.816845,-92.000000,-0.431230,107.058410,-97.064072,-0.117569,-0.948749,-0.293346
3517,neutron,19511.576325,2479.347217,2.091415,-92.000000,0.236699,90.000000,-90.000000,0.000000,-1.000000,0.000000
3271,neutron,19511.576325,0.000000,2.543642,-92.000000,-1.506363,90.000000,-90.000000,0.000000,-1.000000,0.000000
3383,pi+,698.874369,3864.424006,-0.763262,-92.000000,-0.237065,75.917743,-121.346957,-0.504585,-0.828367,0.243315
3384,gamma,0.201978,778.809665,1.345788,-92.000000,-2.808562,145.686217,-49.999949,0.362356,-0.431838,-0.825963
3428,neutron,19511.563120,0.000000,-2.334882,-92.000000,-1.463771,89.968650,-90.041546,-0.000725,-1.000000,0.000547
3385,neutron,19511.448070,1807.149338,2.905639,-92.000000,-1.129788,89.825092,-89.851770,0.002587,-0.999992,0.003053
3387,neutron,0.766813,116.379552,-0.299776,-92.000000,-1.799156,143.280938,-78.584703,0.118334,-0.586065,-0.801577
3429,neutron,3253.494810,1888.990977,2.197466,-92.000000,-1.010360,95.420302,-91.875048,-0.032574,-0.994996,-0.094461
3272,nu_mu,29.791916,4054.707213,0.790230,-92.000000,-0.380766,73.608703,-65.972407,0.390628,-0.876228,0.282196
3273,neutron,19511.576325,0.000000,-1.392675,-92.000000,-1.838079,90.000000,-90.000000,0.000000,-1.000000,0.000000
3430,neutron,18937.418570,0.000000,-0.386481,-92.000000,-1.162110,89.423962,-90.765624,-0.013362,-0.999860,0.010054
3431,neutron,19511.576325,0.000000,-0.193647,-92.000000,-0.789490,90.000000,-90.000000,0.000000,-1.000000,0.000000
3518,gamma,0.079618,4505.304443,-0.231822,-92.000000,1.068174,112.314747,-68.839406,0.333950,-0.862734,-0.379694
3519,neutron,19511.576325,0.000000,-0.948077,-92.000000,-1.651839,90.000000,-90.000000,0.000000,-1.000000,0.000000
3388,neutron,216.366018,2586.493519,2.028461,-92.000000,-1.156255,95.266456,-47.783992,0.669091,-0.737490,-0.091788
3389,neutron,19511.576325,0.635485,-0.465150,-92.000000,2.610012,90.000000,-90.000000,0.000000,-1.000000,0.000000
3274,e+,12.824027,13.927872,-1.436787,-92.000000,-1.855781,76.624873,-50.063717,0.624524,-0.745962,0.231326
3275,proton,373.411114,204.959984,-1.281138,-92.000000,2.247788,73.248497,-93.031827,-0.050646,-0.956224,0.288221
3276,neutron,19511.576325,0.000000,-2.257330,-92.000000,-0.737285,90.000000,-90.000000,0.000000,-1.000000,0.000000
3390,pi-,3304.545268,1291.164709,-1.916517,-92.000000,-2.345217,82.007553,-94.456047,-0.076940,-0.987293,0.139043
3391,neutron,19511.576325,0.000000,1.945133,-92.000000,1.464153,90.000000,-90.000000,0.000000,-1.000000,0.000000
3520,mu-,380.798733,1215.774323,2.068998,-92.000000,0.420127,63.890698,-84.867623,0.080329,-0.894356,0.440085
3277,neutron,19511.576325,835.280246,-0.614008,-92.000000,-2.994505,90.000000,-90.000000,0.000000,-1.000000,0.000000
3278,neutron,19511.576325,0.000000,-0.878760,-92.000000,-0.306568,90.000000,-90.000000,0.000000,-1.000000,0.000000
3432,gamma,0.161469,2676.450998,-1.898953,-92.000000,-2.562262,132.894400,-75.128578,0.188025,-0.708070,-0.680649
3279,kaon+,343.333887,1580.270278,-2.627320,-92.000000,-2.245846,91.527157,-103.858076,-0.239433,-0.970547,-0.026651
3392,neutron,12366.081570,1976.906543,-0.757536,-92.000000,-2.366030,86.425184,-92.489530,-0.043352,-0.997112,0.062352
3433,neutron,8972.453572,1444.283074,1.609230,-92.000000,-0.510360,89.552922,-91.589114,-0.027731,-0.999585,0.007803
3434,neutron,19511.576325,524.266732,-0.185921,-92.000000,0.347015,90.000000,-90.000000,0.000000,-1.000000,0.000000
3435,neutron,19511.576325,152.423910,2.372361,-92.000000,-0.753544,90.000000,-90.000000,0.000000,-1.000000,0.000000
3393,gamma,818.550484,2533.984778,-2.923134,-92.000000,1.654114,79.395169,-114.318779,-0.404779,-0.895704,0.184034
3521,proton,8855.924419,86.589897,0.983231,-92.000000,1.561006,88.905247,-88.942146,0.018459,-0.999647,0.019106
3523,neutron,19511.453371,1028.531909,0.472516,-92.000000,-1.017824,90.197682,-90.106369,-0.001856,-0.999992,-0.003450
3524,neutron,19511.576325,0.000000,-2.241544,-92.000000,-0.770953,90.000000,-90.000000,0.000000,-1.000000,0.000000
3280,proton,337.901995,3780.935168,-1.240250,-92.000000,1.267145,73.128690,-88.552359,0.024176,-0.956654,0.290223
3281,neutron,19511.576325,782.735856,-1.235291,-92.000000,2.823093,90.000000,-90.000000,0.000000,-1.000000,0.000000
3394,proton,6541.769862,2537.882603,2.561338,-92.000000,0.323221,89.352681,-89.724095,0.004815,-0.999925,0.011298
3282,gamma,0.080147,1555.381405,-2.177704,-92.000000,-0.787131,96.818537,-90.495517,-0.008587,-0.992890,-0.118725
3283,neutron,0.666120,3.817633,2.612028,-92.000000,-0.060384,72.540071,-47.570746,0.643595,-0.704104,0.300039
3284,neutron,182.836948,112.317747,1.804905,-92.000000,2.271914,39.666375,-93.697309,-0.041162,-0.636988,0.769774
3436,gamma,3.639241,1104.003923,-1.517210,-92.000000,0.658150,78.667884,-92.643248,-0.045218,-0.979461,0.196496
3437,neutron,19511.576325,0.027189,2.294441,-92.000000,-2.976970,90.000000,-90.000000,0.000000,-1.000000,0.000000
3438,neutron,19511.576325,0.000000,-1.671189,-92.000000,-2.523121,90.000000,-90.000000,0.000000,-1.000000,0.000000
3439,neutron,19511.454797,1027.482888,-1.972119,-92.000000,2.648326,89.862579,-89.902063,0.001709,-0.999996,0.002398
3526,gamma,2.183807,2388.695220,-0.653607,-92.000000,-0.584671,124.784558,-123.518489,-0.453528,-0.684727,-0.570492
3395,gamma,2.070853,1962.643312,-0.933816,-92.000000,2.075604,78.272198,-135.818283,-0.702162,-0.682387,0.203262
3396,neutron,19444.374514,759.502440,0.443683,-92.000000,1.513155,91.022200,-90.276222,-0.004820,-0.999829,-0.017840
3285,neutron,19511.205020,3714.218400,1.898755,-92.000000,-1.506260,89.777130,-90.162784,-0.002841,-0.999988,0.003890
3397,neutron,19511.576325,382.530972,-0.547254,-92.000000,-1.203567,90.000000,-90.000000,0.000000,-1.000000,0.000000
3398,neutron,8.251889,339.447944,1.540307,-92.000000,-0.158645,129.352751,-81.014594,0.120769,-0.763767,-0.634093
3286,neutron,43.065846,11.859160,-0.301873,-92.000000,0.536854,110.734667,-126.557507,-0.557050,-0.751232,-0.354041
3287,neutron,19511.576325,0.000000,-1.427891,-92.000000,-1.014348,90.000000,-90.000000,0.000000,-1.000000,0.000000
3600,neutron,19511.576325,0.000000,0.492991,-92.000000,0.817656,90.000000,-90.000000,0.000000,-1.000000,0.000000
3288,neutron,19511.576325,845.183652,-1.916499,-92.000000,0.092998,90.000000,-90.000000,0.000000,-1.000000,0.000000
3527,neutron,33.399966,2505.251104,-1.213993,-92.000000,-1.777006,113.509743,-80.569106,0.150256,-0.904598,-0.398905
3289,gamma,0.101384,475.021420,2.715411,-92.000000,-0.786395,121.492866,-90.956428,-0.014233,-0.852586,-0.522392
3441,neutron,0.138327,1396.146741,0.095094,-92.000000,0.977026,65.496204,-55.463082,0.515875,-0.749568,0.414754
3442,neutron,34.995587,259.425731,2.513488,-92.000000,-0.169689,108.335174,-87.665322,0.038668,-0.948445,-0.314575
3443,neutron,19510.757869,0.741527,-1.012202,-92.000000,-2.467820,90.208443,-90.415564,-0.007253,-0.999967,-0.003638
3528,neutron,1.268179,170.899428,-0.493761,-92.000000,1.174626,60.084447,-94.527539,-0.068421,-0.864057,0.498723
3602,pi+,2158.629377,977.726423,2.528839,-92.000000,-1.938839,88.533572,-95.307153,-0.092465,-0.995387,0.025591
3603,neutron,19511.576325,0.000000,-2.865044,-92.000000,-2.859163,90.000000,-90.000000,0.000000,-1.000000,0.000000
3604,neutron,19511.576325,0.249465,-0.660875,-92.000000,-2.181685,90.000000,-90.000000,0.000000,-1.000000,0.000000
3290,e+,45.292131,1993.808045,-1.478681,-92.000000,2.067736,86.340434,-122.958605,-0.542924,-0.837353,0.063828
3291,neutron,19511.576325,0.000000,-0.259316,-92.000000,0.001791,90.000000,-90.000000,0.000000,-1.000000,0.000000
3605,neutron,5.946273,1608.649193,0.447963,-92.000000,1.554904,37.491112,-83.637747,0.067446,-0.604890,0.793448
3529,gamma,6.477729,3238.746346,-2.679871,-92.000000,-1.510642,129.173430,-104.543068,-0.194668,-0.750398,-0.631670
3292,neutron,2.525812,1781.808407,0.912530,-92.000000,-0.842205,59.788155,-86.063715,0.059323,-0.862132,0.503199
3445,nu_mu,45.620588,590.317462,2.990937,-92.000000,-2.668146,105.431541,-95.424567,-0.091127,-0.959632,-0.266087
3446,neutron,19442.591866,0.000000,1.654879,-92.000000,1.935137,89.948934,-90.690013,-0.012043,-0.999927,0.000891
3606,pi+,1209.610609,2634.478274,-1.397445,-92.000000,-1.472464,87.866888,-88.654714,0.023461,-0.999032,0.037221
3293,pi-,10361.540094,2114.510781,-1.018994,-92.000000,0.110399,91.972651,-90.924133,-0.016119,-0.999277,-0.034422
3447,pi+,1218.700625,732.664807,0.847887,-92.000000,-1.545480,79.303476,-101.685455,-0.199019,-0.962258,0.185607
3531,gamma,297.826736,2776.835224,-0.106230,-92.000000,-2.034362,109.385976,-125.252985,-0.544463,-0.770313,-0.331930
3532,proton,587.463649,1053.571991,-1.539928,-92.000000,-0.746742,104.090402,-74.087776,0.265916,-0.932749,-0.243453
3448,neutron,9081.396439,529.468376,-2.170121,-92.000000,-2.755370,88.367349,-87.187973,0.049040,-0.998390,0.028491
3449,neutron,19511.576325,57.863481,-2.763346,-92.000000,-0.989427,90.000000,-90.000000,0.000000,-1.000000,0.000000
3607,pi+,4158.343666,2961.241958,-0.750818,-92.000000,2.349355,98.241103,-95.150550,-0.088846,-0.985678,-0.143339
3450,neutron,19511.576325,3.959286,2.590873,-92.000000,-2.695697,90.000000,-90.000000,0.000000,-1.000000,0.000000
3294,neutron,27.284057,198.911973,2.882811,-92.000000,-1.743619,85.347135,-100.946798,-0.189272,-0.978568,0.081119
3295,neutron,19511.551591,0.000000,-2.036468,-92.000000,-2.854613,90.094279,-90.035338,-0.000617,-0.999998,-0.001645
3451,neutron,0.000000,875.314399,0.253912,-92.000000,-1.309587,131.908761,-58.012435,0.394234,-0.631211,-0.667946
3533,anti_nu_mu,37.152247,476.520781,-2.426589,-92.000000,0.488271,95.196137,-83.036081,0.120746,-0.988544,-0.090565
3534,neutron,19511.576325,112.296685,2.200979,-92.000000,1.996899,90.000000,-90.000000,0.000000,-1.000000,0.000000
3535,gamma,0.374075,855.857841,-0.586953,-92.000000,0.384164,85.256766,-113.753515,-0.401423,-0.912152,0.082691
3452,gamma,0.597002,0.157654,-1.729421,-92.000000,-2.689917,97.805035,-56.689004,0.544096,-0.827960,-0.135803
3296,neutron,9.318471,2764.991637,1.465445,-92.000000,2.524084,72.643928,-66.642103,0.378422,-0.876247,0.298309
3537,neutron,19511.576325,326.116418,2.027094,-92.000000,2.734370,90.000000,-90.000000,0.000000,-1.000000,0.000000
3538,neutron,19511.291848,0.074395,0.240602,-92.000000,0.612560,90.097229,-89.672678,0.005713,-0.999982,-0.001697
3608,gamma,0.865437,3912.531605,0.637055,-92.000000,-2.830948,89.743456,-84.837087,0.089987,-0.995933,0.004478
3453,mu+,1249.905551,85.623304,2.799687,-92.000000,1.410774,88.847372,-88.938837,0.018516,-0.999626,0.020116
3609,mu-,445.268125,1333.914452,-1.076552,-92.000000,-0.317891,98.442631,-74.802657,0.259304,-0.954571,-0.146819
3297,neutron,0.272772,4397.554758,-0.553105,-92.000000,1.216079,55.836505,-142.232022,-0.654088,-0.506777,0.561556
3454,gamma,53.441278,286.398109,-2.467955,-92.000000,-2.044483,95.451532,-89.030235,0.016848,-0.995334,-0.095004
3455,neutron,19510.890188,0.000000,0.408127,-92.000000,-0.386576,90.433470,-89.678477,0.005611,-0.999956,-0.007565
3610,neutron,19511.576325,114.437325,0.580464,-92.000000,1.356772,90.000000,-90.000000,0.000000,-1.000000,0.000000
3298,proton,823.458409,238.845380,2.174223,-92.000000,-1.954238,59.679179,-77.491089,0.186964,-0.842722,0.504841
3611,gamma,0.595218,1429.793533,-2.609176,-92.000000,-1.634672,108.121601,-111.077310,-0.341789,-0.886813,-0.311035
3456,neutron,2.398169,2941.788955,1.521782,-92.000000,0.629323,121.475944,-86.649378,0.049846,-0.851402,-0.522141
3457,neutron,19511.576325,0.000000,-0.847487,-92.000000,-2.419371,90.000000,-90.000000,0.000000,-1.000000,0.000000
3612,neutron,19510.312312,2196.408747,-1.497997,-92.000000,1.365428,90.030296,-89.745761,0.004437,-0.999990,-0.000529
3613,neutron,3.759544,605.701856,0.327826,-92.000000,-0.233120,85.676972,-79.666269,0.178871,-0.980981,0.075380
3299,proton,1480.828712,3585.428836,1.398776,-92.000000,1.572609,90.512303,-88.640088,0.023732,-0.999678,-0.008941
3540,pi+,4238.336593,2286.979478,0.439993,-92.000000,-0.825357,94.164758,-99.722197,-0.168425,-0.983035,-0.072625
3460,neutron,19427.230459,0.000000,1.825208,-92.000000,-0.272696,90.388260,-88.677290,0.023083,-0.999711,-0.006776
3541,gamma,0.522829,1167.991919,1.342008,-92.000000,-1.334039,98.625289,-72.258400,0.301278,-0.941669,-0.149972
3614,mu+,725.981653,94.222902,-2.757041,-92.000000,1.516225,88.214782,-92.639565,-0.046030,-0.998454,0.031153
3543,neutron,19511.576325,0.128883,-1.546121,-92.000000,2.856565,90.000000,-90.000000,0.000000,-1.000000,0.000000
3615,neutron,19511.576325,1887.289381,1.032979,-92.000000,0.972514,90.000000,-90.000000,0.000000,-1.000000,0.000000
3461,neutron,136.833327,115.963532,-2.764270,-92.000000,0.347399,84.364662,-99.763350,-0.168760,-0.980754,0.098197
3462,neutron,18926.928057,70.808611,-1.572776,-92.000000,-0.956938,88.715107,-88.813589,0.020700,-0.999534,0.022424
3463,neutron,19511.576325,0.000000,-0.947616,-92.000000,0.636061,90.000000,-90.000000,0.000000,-1.000000,0.000000
3464,neutron,35.272371,1499.560639,-1.870558,-92.000000,2.721643,72.011859,-131.708401,-0.632818,-0.710050,0.308820
3545,neutron,47.738701,3263.319103,0.094280,-92.000000,0.512668,52.551902,-84.029896,0.082574,-0.789599,0.608043
3465,mu+,1725.155056,94.988400,-0.441564,-92.000000,-0.641373,88.348541,-88.837214,0.020285,-0.999379,0.028819
3701,gamma,0.111272,2679.874294,2.451953,-92.000000,1.158092,64.896479,-93.229056,-0.051007,-0.904105,0.424255
3616,pi+,317.967641,2368.635943,0.748894,-92.000000,0.960733,117.931869,-63.513020,0.394038,-0.790769,-0.468421
3617,neutron,19511.576325,0.000000,-1.464305,-92.000000,-2.233002,90.000000,-90.000000,0.000000,-1.000000,0.000000
3546,gamma,6.326880,1242.378206,-1.389294,-92.000000,0.685836,98.233809,-89.152661,0.014636,-0.989584,-0.143213
3547,neutron,19511.576325,0.062081,2.574192,-92.000000,-2.743961,90.000000,-90.000000,0.000000,-1.000000,0.000000
3548,neutron,19511.378338,0.000000,-2.317807,-92.000000,0.234780,89.835504,-90.232565,-0.004059,-0.999988,0.002871
3466,gamma,0.669277,926.336222,0.773063,-92.000000,-0.018928,80.301874,-111.213905,-0.356680,-0.918913,0.168457
3618,neutron,3876.050881,812.239708,2.895865,-92.000000,-1.963654,80.245457,-89.578546,0.007249,-0.985516,0.169428
3467,neutron,17194.994492,654.087015,-0.088682,-92.000000,2.242283,88.229520,-91.011436,-0.017644,-0.999367,0.030896
3468,neutron,19511.576325,0.000000,-0.703868,-92.000000,-2.682390,90.000000,-90.000000,0.000000,-1.000000,0.000000
3619,neutron,30.046450,227.700719,-0.419002,-92.000000,-1.967460,99.736981,-50.351404,0.628885,-0.758881,-0.169126
3620,neutron,19511.203065,0.000000,1.364085,-92.000000,0.050267,89.806036,-90.223250,-0.003896,-0.999987,0.003385
3621,neutron,19511.576325,0.000000,-1.289830,-92.000000,1.516544,90.000000,-90.000000,0.000000,-1.000000,0.000000
3622,neutron,19511.576325,0.000000,1.681993,-92.000000,0.263514,90.000000,-90.000000,0.000000,-1.000000,0.000000
3703,neutron,19511.576325,0.003849,-0.864985,-92.000000,2.026603,90.000000,-90.000000,0.000000,-1.000000,0.000000
3704,neutron,19511.576325,0.000000,2.552507,-92.000000,-0.696773,90.000000,-90.000000,0.000000,-1.000000,0.000000
3705,proton,19306.405649,95.893003,-0.919435,-92.000000,-1.234418,90.757293,-90.883659,-0.015421,-0.999794,-0.013217
3549,e-,16.444252,245.125994,-0.361668,-92.000000,2.480044,104.015966,-107.821842,-0.296946,-0.923670,-0.242192
3470,gamma,0.269545,2084.360685,-1.079877,-92.000000,-2.956120,84.491784,-64.236554,0.432650,-0.896438,0.095988
3550,neutron,19511.576325,1203.055492,2.971835,-92.000000,2.968463,90.000000,-90.000000,0.000000,-1.000000,0.000000
3623,neutron,3.866672,1820.413458,-0.947635,-92.000000,1.544427,88.470050,-84.831466,0.090054,-0.995579,0.026699
3624,proton,1267.000143,969.267309,0.871834,-92.000000,2.533099,92.437401,-109.694537,-0.336701,-0.940651,-0.042528
3471,e+,237.602758,3901.917462,-1.116302,-92.000000,1.526267,90.697429,-84.867616,0.089451,-0.995917,-0.012172
3472,neutron,18775.657705,0.000000,-0.429986,-92.000000,1.817045,89.261868,-86.052727,0.068833,-0.997545,0.012882
3551,gamma,2.774196,2386.314496,2.254627,-92.000000,-2.270679,92.266542,-35.661008,0.811845,-0.582532,-0.039548
3474,neutron,19511.576325,0.000000,2.142192,-92.000000,-0.798252,90.000000,-90.000000,0.000000,-1.000000,0.000000
3625,neutron,18.672128,1766.169445,-2.201672,-92.000000,1.736637,93.763132,-83.187696,0.118361,-0.990799,-0.065632
3475,neutron,19511.354872,798.331090,1.023384,-92.000000,-0.877171,89.720199,-89.888312,0.001949,-0.999986,0.004883
3626,gamma,0.599083,278.362082,-1.501459,-92.000000,2.702413,96.907727,-67.115480,0.386052,-0.914603,-0.120271
3476,neutron,19511.576325,582.970469,1.709697,-92.000000,0.181920,90.000000,-90.000000,0.000000,-1.000000,0.000000
3706,gamma,33.647488,784.002100,1.771071,-92.000000,1.895655,101.861369,-111.505700,-0.358766,-0.910515,-0.205544
3627,mu-,1121.778090,306.378290,-1.699536,-92.000000,-0.642903,89.720514,-92.246073,-0.039191,-0.999220,0.004878
3707,gamma,0.171355,1403.901888,-2.860097,-92.000000,0.826116,125.543543,-118.049134,-0.382613,-0.718104,-0.581321
3552,proton,282.861274,3065.612189,-1.610680,-92.000000,0.595922,46.204437,-65.488092,0.299468,-0.656760,0.692087
3477,neutron,48.612069,4091.163865,1.690994,-92.000000,-1.281380,88.528587,-44.315522,0.715268,-0.698379,0.025678
3554,gamma,0.078273,346.055251,-0.903258,-92.000000,0.752513,91.445196,-88.450790,0.027027,-0.999316,-0.025221
3628,mu+,554.533962,89.694077,0.673995,-92.000000,-0.123395,89.617034,-87.305380,0.047012,-0.998872,0.006684
3709,neutron,19511.576325,0.000000,2.079779,-92.000000,1.138086,90.000000,-90.000000,0.000000,-1.000000,0.000000
3479,neutron,19511.006792,23.149859,2.562843,-92.000000,-0.387822,89.994401,-89.658234,0.005965,-0.999982,0.000098
3480,neutron,19511.384123,0.582422,-1.321477,-92.000000,-1.724590,90.182754,-89.892123,0.001883,-0.999993,-0.003190
3481,neutron,19511.554041,0.000000,1.462680,-92.000000,2.888348,89.990297,-90.049281,-0.000860,-1.000000,0.000169
3482,neutron,19511.576325,227.912336,-1.442626,-92.000000,1.590658,90.000000,-90.000000,0.000000,-1.000000,0.000000
3710,neutron,19511.576325,1357.707242,-1.731229,-92.000000,-0.247831,90.000000,-90.000000,0.000000,-1.000000,0.000000
3711,neutron,19.364293,359.735331,2.237489,-92.000000,-1.851474,69.406111,-89.459929,0.008824,-0.936055,0.351742
3630,neutron,85.819410,3306.999888,0.665715,-92.000000,-2.127938,130.572243,-71.169453,0.245172,-0.718931,-0.650406
3712,gamma,3.494656,220.335357,-0.971743,-92.000000,-2.990053,118.160642,-64.793307,0.375472,-0.797677,-0.471945
3631,neutron,19511.525728,2094.864120,2.663174,-92.000000,0.624534,89.873137,-90.068138,-0.001189,-0.999997,0.002214
3556,anti_nu_mu,449.780920,0.000000,2.184913,-92.000000,-2.831379,92.549108,-92.672759,-0.046585,-0.997924,-0.044476
3632,neutron,19511.576325,1213.005892,-0.320460,-92.000000,-1.993514,90.000000,-90.000000,0.000000,-1.000000,0.000000
3633,neutron,19511.576325,0.000000,2.592946,-92.000000,-1.735148,90.000000,-90.000000,0.000000,-1.000000,0.000000
3557,proton,19230.667941,107.219659,0.704793,-92.000000,-0.100433,89.864787,-88.282900,0.029964,-0.999548,0.002360
3558,neutron,19510.794259,0.129814,0.944719,-92.000000,2.326252,89.871996,-90.448251,-0.007823,-0.999967,0.002234
3483,mu+,5095.459048,373.365466,-0.801825,-92.000000,-0.077039,91.183054,-88.557379,0.025170,-0.999470,-0.020647
3484,neutron,76.635454,92.391186,1.016034,-92.000000,2.259606,43.289995,-45.864785,0.477484,-0.492120,0.727893
3485,neutron,19511.576325,0.000000,-0.663312,-92.000000,-2.731061,90.000000,-90.000000,0.000000,-1.000000,0.000000
3634,neutron,19511.535867,840.853341,2.704339,-92.000000,0.253406,89.973232,-90.093614,-0.001634,-0.999999,0.000467
3635,neutron,19510.974358,61.800587,-1.244028,-92.000000,-2.530777,89.848005,-90.343443,-0.005994,-0.999979,0.002653
3636,gamma,0.382406,983.529054,-2.822287,-92.000000,-1.069136,117.841863,-117.177119,-0.403870,-0.786619,-0.467033
3559,e+,360.671249,3133.186238,-0.242021,-92.000000,1.023680,96.129467,-85.228081,0.082714,-0.990837,-0.106775
3560,neutron,19511.576325,0.056207,0.130840,-92.000000,-1.866603,90.000000,-90.000000,0.000000,-1.000000,0.000000
3561,neutron,19511.462490,0.000000,-2.065146,-92.000000,2.906051,90.027751,-89.785792,0.003739,-0.999993,-0.000484
3486,gamma,3.856995,1096.900616,2.465731,-92.000000,-0.507081,105.583265,-88.327296,0.028117,-0.962831,-0.268638
3487,neutron,19511.576325,503.550705,-2.195912,-92.000000,1.943111,90.000000,-90.000000,0.000000,-1.000000,0.000000
3637,neutron,0.305521,1789.749759,-1.836570,-92.000000,2.372547,85.202233,-93.696830,-0.064251,-0.994423,0.083639
3638,neutron,19511.075428,0.000000,2.410483,-92.000000,-1.518703,90.314891,-89.865037,0.002356,-0.999982,-0.005496
3562,neutron,19462.400373,1479.455215,0.724598,-92.000000,-0.656654,89.346208,-89.939369,0.001058,-0.999934,0.011411
3639,neutron,4.315134,1911.894746,2.149364,-92.000000,-0.013908,99.448066,-62.788340,0.451076,-0.877259,-0.164154
3713,gamma,0.404924,1222.755916,2.445632,-92.000000,-0.270750,50.427099,-78.942584,0.147837,-0.756505,0.637059
3488,gamma,0.088703,1735.454406,-1.082696,-92.000000,-1.733918,85.525304,-89.179771,0.014272,-0.996850,0.078019
3563,pi-,1906.309363,2235.247417,-1.911240,-92.000000,-1.223622,88.734939,-76.736810,0.229369,-0.973089,0.022078
3714,neutron,9828.790302,1340.227141,0.460011,-92.000000,-2.099332,89.737431,-93.766239,-0.065685,-0.997830,0.004583
3640,neutron,21.679004,1950.134673,2.229053,-92.000000,-0.768870,66.880890,-94.321036,-0.069294,-0.917076,0.392644
3715,neutron,19511.576325,175.394178,-2.953683,-92.000000,1.124433,90.000000,-90.000000,0.000000,-1.000000,0.000000
3716,neutron,19511.576325,0.000000,-1.342319,-92.000000,-2.463906,90.000000,-90.000000,0.000000,-1.000000,0.000000
3718,neutron,19511.576325,0.118357,-2.797790,-92.000000,1.915323,90.000000,-90.000000,0.000000,-1.000000,0.000000
3641,neutron,19511.489432,2094.754088,0.027439,-92.000000,2.480003,89.882614,-89.843872,0.002725,-0.999994,0.002049
3642,neutron,52.328885,26.748124,-1.066485,-92.000000,2.165317,73.454520,-83.291287,0.111985,-0.952030,0.284776
3489,neutron,59.190810,1459.588520,1.728252,-92.000000,-1.522848,67.982386,-57.279194,0.501123,-0.779956,0.374892
3719,gamma,3.953294,1259.592397,1.672748,-92.000000,-0.007448,55.651578,-72.197479,0.252423,-0.786088,0.564224
3564,gamma,0.363217,2704.880379,0.072670,-92.000000,-1.498105,92.008859,-88.500905,0.026145,-0.999043,-0.035054
3565,neutron,19510.510013,1016.318251,2.516929,-92.000000,-1.797368,89.546544,-90.210349,-0.003671,-0.999962,0.007914
3566,neutron,19511.576325,0.000000,-0.096208,-92.000000,1.832958,90.000000,-90.000000,0.000000,-1.000000,0.000000
3490,proton,19087.189380,1672.832081,-2.630462,-92.000000,1.809529,89.836111,-90.398442,-0.006954,-0.999972,0.002860
3643,gamma,0.345074,1489.270322,-2.017851,-92.000000,-0.766434,87.315436,-74.042011,0.274631,-0.960408,0.046837
3491,neutron,8207.136945,1528.369299,0.441069,-92.000000,1.433560,89.890519,-85.366431,0.080783,-0.996730,0.001911
3492,neutron,19478.761664,0.000000,-1.039962,-92.000000,1.094409,90.264584,-89.860748,0.002430,-0.999986,-0.004618
3568,neutron,19511.576325,2252.667740,-1.228420,-92.000000,1.896478,90.000000,-90.000000,0.000000,-1.000000,0.000000
3721,gamma,1.431895,838.776829,-0.305426,-92.000000,0.869043,103.004044,-60.126708,0.485310,-0.844891,-0.225020
3644,gamma,1.716846,2960.246738,1.776740,-92.000000,1.155278,49.731098,-81.648412,0.110826,-0.754928,0.646376
3493,gamma,0.065672,3028.780964,-2.451532,-92.000000,-1.822950,86.364641,-107.896614,-0.306682,-0.949698,0.063406
3569,neutron,9390.906106,81.466795,0.708161,-92.000000,-0.676312,89.611831,-90.670563,-0.011703,-0.999909,0.006775
3570,neutron,19511.576325,0.231023,-0.277854,-92.000000,0.233251,90.000000,-90.000000,0.000000,-1.000000,0.000000
3722,e+,937.833651,2864.255979,-1.377696,-92.000000,-0.072597,96.625948,-97.687080,-0.132869,-0.984394,-0.115387
3495,neutron,19511.576325,1140.711773,1.478155,-92.000000,-2.193133,90.000000,-90.000000,0.000000,-1.000000,0.000000
3496,neutron,19511.576325,0.476849,1.434277,-92.000000,-1.319482,90.000000,-90.000000,0.000000,-1.000000,0.000000
3571,neutron,1.390126,1839.996186,1.461026,-92.000000,-0.749191,68.963604,-102.992659,-0.209842,-0.909458,0.358961
3572,neutron,19511.016456,0.000000,-0.256326,-92.000000,-1.203604,89.777603,-90.255720,-0.004463,-0.999983,0.003882
3723,neutron,19509.950384,1561.881960,1.074748,-92.000000,0.104876,90.136524,-89.350951,0.011328,-0.999933,-0.002383
3645,mu+,770.036604,4370.713616,-0.098711,-92.000000,-0.918445,111.496122,-93.072752,-0.049875,-0.929105,-0.366438
3724,neutron,19511.520807,0.000000,-0.127767,-92.000000,1.146431,89.860821,-90.058165,-0.001015,-0.999997,0.002429
3725,neutron,19511.387320,0.087347,2.900412,-92.000000,-2.419861,90.203523,-89.989415,0.000185,-0.999994,-0.003552
3497,neutron,19.298952,871.680637,-0.188397,-92.000000,-2.581484,134.154705,-62.647863,0.329643,-0.637249,-0.696598
3573,pi-,7141.409102,882.551375,1.320629,-92.000000,-0.715913,87.685567,-87.294170,0.047170,-0.998070,0.040383
3574,neutron,19511.576325,0.000000,2.676372,-92.000000,1.339543,90.000000,-90.000000,0.000000,-1.000000,0.000000
3575,neutron,19511.576325,0.013189,-0.633237,-92.000000,0.763625,90.000000,-90.000000,0.000000,-1.000000,0.000000
3576,neutron,19511.456416,0.205322,-0.176790,-92.000000,2.548844,89.858572,-89.910029,0.001570,-0.999996,0.002468
3726,neutron,19511.576325,1875.005014,-0.586568,-92.000000,-1.922823,90.000000,-90.000000,0.000000,-1.000000,0.000000
3646,neutron,2.857858,1131.152545,2.208812,-92.000000,-0.685761,74.780013,-85.593331,0.074140,-0.962072,0.262526
3577,neutron,19511.576325,1982.606391,0.115137,-92.000000,-0.147143,90.000000,-90.000000,0.000000,-1.000000,0.000000
3727,neutron,0.233004,888.374158,-1.479621,-92.000000,1.005457,110.903606,-72.427015,0.282049,-0.890587,-0.356797
3728,neutron,19511.576325,0.000000,1.222351,-92.000000,1.885408,90.000000,-90.000000,0.000000,-1.000000,0.000000
3498,gamma,0.153275,2001.652202,-2.826339,-92.000000,-0.873409,83.654358,-141.042163,-0.772845,-0.624896,0.110526
3499,gamma,0.177805,1546.556977,-0.605215,-92.000000,1.842614,50.943509,-55.503863,0.439786,-0.639984,0.630086
3800,neutron,19511.576325,0.053992,-1.238609,-92.000000,-1.685952,90.000000,-90.000000,0.000000,-1.000000,0.000000
3579,neutron,19511.576325,160.777272,-0.729250,-92.000000,-2.687480,90.000000,-90.000000,0.000000,-1.000000,0.000000
3647,neutron,0.000097,1744.518382,-1.117869,-92.000000,-0.984200,95.630631,-106.873964,-0.288867,-0.952328,-0.098115
3648,neutron,19511.576325,169.270876,2.582406,-92.000000,-1.857754,90.000000,-90.000000,0.000000,-1.000000,0.000000
3729,gamma,11.935603,1718.298308,1.132631,-92.000000,-2.390079,85.047966,-114.734024,-0.416845,-0.904870,0.086322
3801,neutron,19511.576325,1398.785067,2.510368,-92.000000,0.741042,90.000000,-90.000000,0.000000,-1.000000,0.000000
3730,pi+,2399.475650,1293.599327,2.064319,-92.000000,2.698399,71.319427,-99.868684,-0.162362,-0.933302,0.320292
3731,neutron,19511.274239,0.000000,1.659472,-92.000000,2.524820,89.705160,-90.192042,-0.003352,-0.999981,0.005146
3802,neutron,43.504013,1667.036397,0.745470,-92.000000,-1.610810,118.982549,-68.707069,0.317660,-0.815052,-0.484543
3803,neutron,19511.551065,20.710207,2.979000,-92.000000,2.816652,90.076930,-89.999257,0.000013,-0.999999,-0.001343
3804,neutron,19511.576325,56.559401,-2.854749,-92.000000,1.624321,90.000000,-90.000000,0.000000,-1.000000,0.000000
3805,neutron,19511.120175,0.000000,1.235284,-92.000000,-1.414723,89.599341,-90.199441,-0.003481,-0.999969,0.006993
3580,neutron,4.711872,39.021414,1.194842,-92.000000,-2.086921,122.164854,-126.523973,-0.503814,-0.680270,-0.532357
3650,neutron,19510.903576,0.000000,-1.437913,-92.000000,0.601374,90.388190,-89.916635,0.001455,-0.999976,-0.006775
3732,gamma,0.210401,1451.604064,1.270322,-92.000000,0.515330,72.126637,-56.621693,0.523612,-0.794754,0.306914
3733,neutron,19511.576325,115.315142,-0.741409,-92.000000,0.542982,90.000000,-90.000000,0.000000,-1.000000,0.000000
3734,neutron,19511.576325,0.000000,-1.923892,-92.000000,0.948926,90.000000,-90.000000,0.000000,-1.000000,0.000000
3735,neutron,2.792684,503.356624,1.443172,-92.000000,0.245428,115.916425,-113.147654,-0.353569,-0.827024,-0.437060
3736,neutron,19511.576325,0.000000,0.410853,-92.000000,1.218769,90.000000,-90.000000,0.000000,-1.000000,0.000000
3651,proton,7612.253550,90.533065,-0.801847,-92.000000,-0.501374,87.843973,-88.375483,0.028329,-0.998890,0.037621
3806,proton,1138.214742,3828.298473,0.661273,-92.000000,-0.684668,91.060342,-86.339696,0.063830,-0.997789,-0.018505
3807,neutron,19511.576325,0.000000,0.579607,-92.000000,-0.534995,90.000000,-90.000000,0.000000,-1.000000,0.000000
3581,gamma,3.018799,2611.761485,2.624571,-92.000000,0.731700,104.852443,-81.648668,0.140390,-0.956340,-0.256331
3582,neutron,19511.576325,0.008261,2.497155,-92.000000,1.196822,90.000000,-90.000000,0.000000,-1.000000,0.000000
3652,mu-,134.522583,106.344189,-1.028836,-92.000000,1.534522,91.565770,-76.757125,0.228994,-0.973044,-0.027324
3737,pi+,1910.978333,1085.300936,-0.598682,-92.000000,1.672240,87.880907,-88.578710,0.024787,-0.999009,0.036977
3583,gamma,0.510999,648.954225,-0.168126,-92.000000,-0.074823,123.080635,-116.753108,-0.377180,-0.748209,-0.545819
3808,gamma,1.741354,442.030700,0.471369,-92.000000,0.274956,98.333776,-76.802370,0.225900,-0.963308,-0.144940
3809,neutron,19511.576325,461.741529,1.417068,-92.000000,-0.946016,90.000000,-90.000000,0.000000,-1.000000,0.000000
3738,gamma,0.096588,2168.629306,-0.239748,-92.000000,-0.616503,123.304801,-63.045759,0.378833,-0.744972,-0.549093
3584,proton,12592.494682,92.825799,-0.988204,-92.000000,1.371224,89.925779,-91.724690,-0.030097,-0.999546,0.001295
3585,neutron,19511.485897,0.000000,0.258879,-92.000000,2.463843,89.917681,-90.211755,-0.003696,-0.999992,0.001437
3586,neutron,19511.114997,0.000000,-2.276092,-92.000000,0.747703,90.423071,-90.100444,-0.001753,-0.999971,-0.007384
3810,neutron,19511.576325,342.641650,1.932059,-92.000000,0.319896,90.000000,-90.000000,0.000000,-1.000000,0.000000
3587,neutron,19511.576325,418.617233,-1.483563,-92.000000,-1.894727,90.000000,-90.000000,0.000000,-1.000000,0.000000
3739,neutron,10634.185850,923.261045,-1.962457,-92.000000,1.909104,93.075970,-90.865246,-0.015079,-0.998445,-0.053660
3653,neutron,4703.675238,4372.826000,-1.020107,-92.000000,1.758955,93.974823,-89.130238,0.015143,-0.997480,-0.069318
3588,e+,41.500517,505.107232,0.421893,-92.000000,-1.401779,80.319834,-90.469862,-0.008084,-0.985729,0.168148
3589,neutron,19511.563693,0.000000,-1.067729,-92.000000,-0.438350,90.006475,-89.928340,0.001251,-0.999999,-0.000113
3740,gamma,346.032321,2796.121644,-1.286920,-92.000000,0.690076,103.240643,-127.489584,-0.592438,-0.772371,-0.229041
3811,neutron,5077.821737,2764.434021,0.451928,-92.000000,-1.126545,89.270802,-94.443878,-0.077476,-0.996913,0.012727
3590,neutron,19511.576325,3110.473432,-0.462832,-92.000000,-0.564428,90.000000,-90.000000,0.000000,-1.000000,0.000000
3591,neutron,19511.576325,26.105134,-0.763712,-92.000000,1.436576,90.000000,-90.000000,0.000000,-1.000000,0.000000
3655,neutron,19510.003348,3676.103183,1.089971,-92.000000,1.365140,90.205284,-90.571371,-0.009972,-0.999944,-0.003583
3656,neutron,19511.576325,0.000000,-1.512286,-92.000000,-1.910911,90.000000,-90.000000,0.000000,-1.000000,0.000000
3741,gamma,0.279496,2486.779893,2.797810,-92.000000,0.630058,82.079520,-61.004856,0.480111,-0.866317,0.137799
3812,neutron,9429.836989,2824.204906,0.095983,-92.000000,-1.417663,90.402815,-92.603376,-0.045421,-0.998943,-0.007030
3592,neutron,19511.411278,2008.808631,2.397357,-92.000000,0.570042,90.095597,-90.241879,-0.004222,-0.999990,-0.001668
3813,neutron,19511.576325,20.974670,2.070146,-92.000000,1.580426,90.000000,-90.000000,0.000000,-1.000000,0.000000
3742,neutron,9440.094446,1163.024834,-1.720562,-92.000000,0.054924,90.613970,-91.564799,-0.027306,-0.999570,-0.010716
3657,pi+,1075.277232,2205.236634,-1.160161,-92.000000,-1.320072,69.667592,-85.453043,0.074337,-0.934741,0.347466
3658,neutron,19510.655995,0.010221,-2.267383,-92.000000,1.262422,90.187873,-90.599873,-0.010470,-0.999940,-0.003279
3743,neutron,1.590243,2378.066656,1.322262,-92.000000,1.928696,103.609388,-100.333574,-0.174342,-0.956158,-0.235301
3744,gamma,0.250636,313.366194,-1.083723,-92.000000,0.327918,116.538028,-127.851705,-0.548968,-0.706408,-0.446792
3745,neutron,19511.576325,0.000000,-0.576533,-92.000000,-2.273868,90.000000,-90.000000,0.000000,-1.000000,0.000000
3814,gamma,0.442907,4179.961458,1.003489,-92.000000,1.336287,96.764092,-109.916343,-0.338277,-0.933647,-0.117782
3659,e+,810.233701,648.836704,2.997374,-92.000000,-1.799644,91.264958,-88.262499,0.030313,-0.999297,-0.022076
3660,neutron,19511.576325,0.000000,-2.736330,-92.000000,0.872345,90.000000,-90.000000,0.000000,-1.000000,0.000000
3593,neutron,5.716452,2529.356486,2.844729,-92.000000,-0.939696,89.654462,-52.567896,0.607810,-0.794060,0.006031
3594,neutron,19511.203202,0.000000,-1.725181,-92.000000,1.619615,90.194139,-90.339465,-0.005925,-0.999977,-0.003388
3746,gamma,0.510999,2353.831536,1.698187,-92.000000,2.123449,66.192108,-45.382744,0.642599,-0.651242,0.403671
3661,mu-,1805.057147,94.372706,0.391672,-92.000000,-1.117898,89.483962,-91.858039,-0.032422,-0.999434,0.009006
3596,neutron,19511.576325,990.173176,-0.286021,-92.000000,0.036874,90.000000,-90.000000,0.000000,-1.000000,0.000000
3597,neutron,19437.068649,0.000000,0.432499,-92.000000,0.002167,89.404195,-89.374483,0.010917,-0.999886,0.010399
3598,neutron,19510.718589,71.045850,1.909269,-92.000000,-2.742968,89.959478,-89.408464,0.010324,-0.999946,0.000707
3663,neutron,19511.576325,223.267258,-0.623436,-92.000000,-2.395864,90.000000,-90.000000,0.000000,-1.000000,0.000000
3664,neutron,19511.576325,0.000000,1.395661,-92.000000,1.015031,90.000000,-90.000000,0.000000,-1.000000,0.000000
3665,neutron,85.676447,0.980493,-1.561024,-92.000000,1.799418,69.248923,-96.784844,-0.110477,-0.928580,0.354309
3666,gamma,6.671163,6.590361,1.564572,-92.000000,0.105129,113.359775,-47.176011,0.624032,-0.673327,-0.396503
3817,neutron,19511.217766,0.000000,-0.431894,-92.000000,-1.392283,90.282526,-90.064782,-0.001131,-0.999987,-0.004931
3900,neutron,19511.576325,0.000000,-0.981981,-92.000000,2.994073,90.000000,-90.000000,0.000000,-1.000000,0.000000
3818,neutron,19511.576325,1545.867757,0.576175,-92.000000,-2.960589,90.000000,-90.000000,0.000000,-1.000000,0.000000
3819,neutron,19511.576325,1005.868412,-1.329876,-92.000000,1.861014,90.000000,-90.000000,0.000000,-1.000000,0.000000
3747,neutron,10.730193,2043.994435,1.371745,-92.000000,2.372522,61.187436,-83.346370,0.101523,-0.870300,0.481946
3667,neutron,6.566271,2597.070776,2.122134,-92.000000,-1.103399,137.386747,-90.080307,-0.000949,-0.677046,-0.735941
3820,kaon0L,337.649428,801.569299,2.735372,-92.000000,-1.337510,94.364658,-89.227043,0.013451,-0.997009,-0.076104
3821,neutron,0.588165,1093.093739,-1.736072,-92.000000,-0.264785,78.534204,-91.411513,-0.024141,-0.979746,0.198783
3901,anti_nu_mu,248.215369,0.000000,-2.133461,-92.000000,2.639343,90.202999,-91.992565,-0.034770,-0.999389,-0.003543
3822,neutron,19511.576325,650.930998,2.413540,-92.000000,-1.537840,90.000000,-90.000000,0.000000,-1.000000,0.000000
3823,neutron,19511.139220,0.000000,-0.248777,-92.000000,-1.633431,89.741838,-89.848275,0.002648,-0.999986,0.004506
3824,neutron,19511.576325,0.000000,-2.212913,-92.000000,-2.831830,90.000000,-90.000000,0.000000,-1.000000,0.000000
3668,pi+,640.198494,4338.345600,-1.978795,-92.000000,2.399531,71.853184,-96.225061,-0.103041,-0.944658,0.311453
3902,pi-,5112.855182,1692.757671,0.150478,-92.000000,1.466216,96.001622,-96.587463,-0.114091,-0.987953,-0.104557
3669,pi+,1010.374538,984.025735,2.069589,-92.000000,-1.327440,93.923047,-78.344201,0.201558,-0.977084,-0.068417
3670,neutron,19511.576325,0.000000,0.077760,-92.000000,0.996514,90.000000,-90.000000,0.000000,-1.000000,0.000000
3826,neutron,19511.576325,0.000000,-2.590970,-92.000000,-1.889575,90.000000,-90.000000,0.000000,-1.000000,0.000000
3903,neutron,141.763897,2502.734682,-0.110388,-92.000000,0.967714,61.310451,-107.292519,-0.260758,-0.837582,0.480063
3748,neutron,11411.184481,1799.631063,-1.809733,-92.000000,-1.493079,91.275549,-90.649038,-0.011325,-0.999688,-0.022261
3749,neutron,19509.310054,384.733878,-1.204795,-92.000000,0.681111,89.170261,-89.789799,0.003668,-0.999888,0.014481
3671,e-,1.786907,2446.320740,-2.670375,-92.000000,-2.515067,113.109881,-112.246552,-0.348212,-0.851290,-0.392496
3904,gamma,0.811344,1.476444,0.449960,-92.000000,2.710349,82.947934,-37.746292,0.784747,-0.607535,0.122771
3905,neutron,19511.433246,827.811277,-2.255109,-92.000000,0.406538,89.828604,-90.064416,-0.001124,-0.999995,0.002991
3827,pi-,145.217919,481.740638,-0.805040,-92.000000,1.881917,82.060424,-45.679926,0.691969,-0.708590,0.138129
3906,neutron,19511.576325,201.599636,2.611617,-92.000000,-1.273948,90.000000,-90.000000,0.000000,-1.000000,0.000000
3828,neutron,19511.576325,289.000143,-1.814090,-92.000000,-0.118658,90.000000,-90.000000,0.000000,-1.000000,0.000000
3907,neutron,19511.576325,455.594971,-0.612701,-92.000000,-1.918585,90.000000,-90.000000,0.000000,-1.000000,0.000000
3672,neutron,0.782071,2274.703782,1.951940,-92.000000,-1.957189,81.105719,-71.792916,0.308695,-0.938511,0.154612
3673,neutron,19511.576325,989.382496,0.181947,-92.000000,2.547557,90.000000,-90.000000,0.000000,-1.000000,0.000000
3750,gamma,2.810773,3671.398702,2.517681,-92.000000,-1.249240,115.748458,-53.774729,0.532285,-0.726602,-0.434421
3829,gamma,0.076050,1898.831209,2.705729,-92.000000,2.174889,69.183956,-82.658869,0.119436,-0.927064,0.355369
3674,neutron,37.379084,1250.446291,0.243027,-92.000000,-1.722671,124.928000,-118.044432,-0.385468,-0.723605,-0.572547
3675,neutron,19511.576325,0.000000,-2.164197,-92.000000,0.819208,90.000000,-90.000000,0.000000,-1.000000,0.000000
3676,neutron,19511.183884,0.000000,-2.358277,-92.000000,2.571156,89.787423,-90.187927,-0.003280,-0.999988,0.003710
3677,neutron,19511.576325,0.000000,-0.969548,-92.000000,2.415438,90.000000,-90.000000,0.000000,-1.000000,0.000000
3830,pi-,3843.804533,572.429884,-1.501162,-92.000000,2.789300,92.326161,-97.723347,-0.134279,-0.990112,-0.040588
3908,nu_mu,79.964726,290.109043,-1.184036,-92.000000,-0.847762,100.740992,-108.607344,-0.313490,-0.931123,-0.186370
3678,neutron,19511.576325,398.533002,-2.125654,-92.000000,-1.242727,90.000000,-90.000000,0.000000,-1.000000,0.000000
3751,neutron,103.656832,1856.996070,-0.882606,-92.000000,-0.099811,75.909171,-93.267666,-0.055286,-0.968334,0.243460
3909,neutron,0.090545,1362.118613,-2.734313,-92.000000,0.562778,71.612438,-118.835940,-0.457679,-0.831279,0.315443
3910,pi-,751.172705,116.477914,2.993692,-92.000000,-1.544582,113.255693,-83.035159,0.111408,-0.911972,-0.394835
3831,proton,11662.291730,553.093062,1.163919,-92.000000,1.943847,87.766429,-89.076869,0.016099,-0.999111,0.038973
3752,gamma,0.290269,1442.895199,1.557364,-92.000000,-2.878885,101.173556,-94.237496,-0.072490,-0.978363,-0.193782
3679,gamma,0.160290,2758.446420,-1.559409,-92.000000,0.396195,76.134390,-107.358100,-0.289649,-0.926646,0.239645
3753,neutron,19511.309427,2514.959182,-0.436805,-92.000000,-2.640869,90.249724,-90.013315,-0.000232,-0.999990,-0.004358
3754,neutron,19511.576325,0.000000,2.833759,-92.000000,1.297504,90.000000,-90.000000,0.000000,-1.000000,0.000000
3755,neutron,19391.808066,0.000000,1.189773,-92.000000,1.620908,90.479295,-89.825745,0.003041,-0.999960,-0.008365
3832,pi+,6398.045546,807.070630,0.976658,-92.000000,-1.364199,89.657181,-89.140586,0.014999,-0.999870,0.005983
3756,neutron,2.340840,1487.032617,-1.351388,-92.000000,-1.879295,97.117629,-109.938088,-0.338377,-0.932817,-0.123907
3757,neutron,19511.576325,0.346099,2.071097,-92.000000,0.785186,90.000000,-90.000000,0.000000,-1.000000,0.000000
3833,neutron,19511.503035,1164.365358,0.266372,-92.000000,1.611207,89.864650,-89.890267,0.001915,-0.999995,0.002362
3680,gamma,0.510999,341.818999,0.080064,-92.000000,-1.913830,100.929352,-40.057264,0.751519,-0.631880,-0.189598
3834,gamma,0.075514,517.306642,2.515987,-92.000000,-1.152418,108.136101,-52.848798,0.573918,-0.757447,-0.311275
3912,neutron,1.685413,2262.158951,2.118075,-92.000000,-1.859443,77.530643,-89.953446,0.000793,-0.976411,0.215917
3913,neutron,19511.576325,0.960464,2.319410,-92.000000,0.658631,90.000000,-90.000000,0.000000,-1.000000,0.000000
3758,neutron,19511.576325,3232.268553,1.236249,-92.000000,-2.435217,90.000000,-90.000000,0.000000,-1.000000,0.000000
3914,neutron,10845.317480,2234.133078,2.651064,-92.000000,-2.298014,88.527250,-88.691634,0.022826,-0.999409,0.025702
3681,gamma,5.076690,2582.330616,0.054856,-92.000000,1.083453,86.272997,-51.407588,0.622457,-0.779950,0.065003
3835,pi+,1049.800480,2020.864696,-0.678211,-92.000000,-1.825552,81.300676,-88.835021,0.020097,-0.988291,0.151249
3915,gamma,0.155633,1316.007075,2.701896,-92.000000,0.782602,63.973437,-90.373918,-0.005864,-0.898572,0.438788
3683,neutron,19511.576325,0.065672,1.845127,-92.000000,1.367381,90.000000,-90.000000,0.000000,-1.000000,0.000000
3684,neutron,19511.576325,482.278896,1.619458,-92.000000,2.337484,90.000000,-90.000000,0.000000,-1.000000,0.000000
3836,pi-,2146.805220,2023.722323,0.002704,-92.000000,1.226689,79.950631,-100.650040,-0.181974,-0.967696,0.174497
3916,gamma,1.470785,2078.391421,1.270182,-92.000000,0.827019,73.275413,-82.796227,0.120094,-0.950139,0.287772
3685,pi+,2418.966701,1820.839649,-0.997833,-92.000000,2.007613,85.668618,-91.310233,-0.022801,-0.996883,0.075525
3686,gamma,159.126513,0.000000,1.381599,-92.000000,-1.442136,106.959309,-82.876378,0.118618,-0.949129,-0.291692
3760,neutron,19511.576325,0.000000,-2.618382,-92.000000,-0.085048,90.000000,-90.000000,0.000000,-1.000000,0.000000
3761,neutron,19511.495894,0.000000,-1.183349,-92.000000,-2.265355,89.855202,-90.109535,-0.001912,-0.999995,0.002527
3838,gamma,1.293245,3921.908626,1.837887,-92.000000,-1.949863,136.726015,-83.536963,0.077160,-0.681131,-0.728084
3687,gamma,0.426447,687.672494,1.319916,-92.000000,-0.213985,60.603361,-51.597818,0.541196,-0.682767,0.490853
3762,neutron,209.716951,1692.790617,2.965651,-92.000000,-1.579999,117.803386,-35.075457,0.723915,-0.508313,-0.466439
3763,neutron,19511.426827,0.000000,0.807725,-92.000000,-1.396705,90.180929,-90.047901,-0.000836,-0.999995,-0.003158
3917,e+,14.423191,4473.097970,0.982540,-92.000000,-1.613940,89.584947,-111.056829,-0.359284,-0.933200,0.007244
3918,neutron,19511.576325,0.000000,-1.762594,-92.000000,2.470199,90.000000,-90.000000,0.000000,-1.000000,0.000000
3764,gamma,6942.962067,671.022034,2.747338,-92.000000,2.756524,90.962419,-84.471638,0.096325,-0.995208,-0.016797
3919,gamma,325.636531,1309.168898,-0.709330,-92.000000,-2.662156,116.017763,-69.724593,0.311415,-0.842975,-0.438650
3765,neutron,12626.953942,408.160162,-0.252452,-92.000000,-2.630045,87.456268,-93.107827,-0.054162,-0.997545,0.044382
3766,neutron,19511.576325,0.000000,2.789683,-92.000000,-0.054317,90.000000,-90.000000,0.000000,-1.000000,0.000000
3920,neutron,19511.576325,2097.817813,0.470485,-92.000000,0.801638,90.000000,-90.000000,0.000000,-1.000000,0.000000
3839,e+,487.598902,1065.040703,2.442657,-92.000000,2.952081,86.145441,-91.396901,-0.024323,-0.997441,0.067224
3767,neutron,4146.154195,1215.192607,0.552252,-92.000000,2.419211,87.383770,-86.748361,0.056662,-0.997349,0.045646
3690,neutron,8.433773,1388.934534,-2.994871,-92.000000,-0.593626,107.563220,-129.903442,-0.611592,-0.731367,-0.301758
3921,gamma,0.371507,208.872064,-0.227402,-92.000000,2.639636,104.158058,-79.659214,0.174050,-0.953876,-0.244598
3768,neutron,19511.293159,3872.558795,-1.899564,-92.000000,1.322923,89.746897,-89.952143,0.000835,-0.999990,0.004417
3691,neutron,1.774629,85.422442,2.668975,-92.000000,-0.963617,96.093066,-77.280255,0.218939,-0.969948,-0.106144
3692,gamma,0.427471,103.138634,-0.703785,-92.000000,0.250691,50.722039,-121.461218,-0.404011,-0.660289,0.633083
3840,e-,23.638640,23.638640,2.921333,-92.000000,2.220346,88.774320,-106.540245,-0.284624,-0.958401,0.021391
3922,neutron,19511.576325,532.084221,-2.434406,-92.000000,-2.574563,90.000000,-90.000000,0.000000,-1.000000,0.000000
3841,neutron,1.015778,401.727983,1.748149,-92.000000,-1.492022,95.743581,-53.618537,0.590181,-0.801044,-0.100077
3923,neutron,382.636265,821.406284,-1.965243,-92.000000,-1.660299,123.605059,-139.982202,-0.637851,-0.535558,-0.553465
3693,neutron,19511.576325,2397.166294,0.416193,-92.000000,-1.974891,90.000000,-90.000000,0.000000,-1.000000,0.000000
3924,gamma,1.311454,1922.959670,2.167065,-92.000000,-2.444907,123.653543,-71.418401,0.265250,-0.789011,-0.554170
3925,neutron,19511.576325,0.000000,-1.411454,-92.000000,-1.804204,90.000000,-90.000000,0.000000,-1.000000,0.000000
3694,neutron,19511.102362,1242.601855,-2.452522,-92.000000,0.144986,89.756121,-89.772881,0.003964,-0.999983,0.004256
3843,neutron,18.527725,1032.377187,-0.706198,-92.000000,1.339391,106.124348,-92.776166,-0.046529,-0.959534,-0.277723
3770,gamma,0.258360,2455.164620,-1.056533,-92.000000,1.758879,91.683877,-74.534434,0.266544,-0.963375,-0.029385
3927,neutron,19511.308198,0.000000,-1.098670,-92.000000,0.115882,90.164842,-89.963075,0.000644,-0.999996,-0.002877
3771,neutron,19510.646549,800.365729,-0.547031,-92.000000,0.879013,90.165874,-90.436301,-0.007615,-0.999967,-0.002895
3772,neutron,19511.576325,0.000000,-0.495024,-92.000000,1.200059,90.000000,-90.000000,0.000000,-1.000000,0.000000
3928,neutron,19511.576325,1973.123029,-1.421231,-92.000000,-0.594633,90.000000,-90.000000,0.000000,-1.000000,0.000000
3696,neutron,19511.576325,201.776506,-1.758692,-92.000000,-1.098666,90.000000,-90.000000,0.000000,-1.000000,0.000000
3697,neutron,19511.576325,0.000000,-1.136577,-92.000000,0.049680,90.000000,-90.000000,0.000000,-1.000000,0.000000
3774,neutron,19511.375143,572.900292,-1.561096,-92.000000,1.731116,90.204166,-90.073871,-0.001289,-0.999993,-0.003563
3844,gamma,0.096540,3336.076556,-1.168477,-92.000000,-1.719315,140.086303,-75.292814,0.162897,-0.620610,-0.767012
3929,pi-,3518.148132,3181.745560,1.499306,-92.000000,0.899182,90.049950,-92.172276,-0.037904,-0.999281,-0.000872
3845,gamma,0.312423,544.120771,-2.793694,-92.000000,2.366620,82.649226,-130.330507,-0.641877,-0.756059,0.127944
3698,neutron,14208.472096,0.000000,2.653258,-92.000000,2.171749,88.809558,-87.849145,0.037523,-0.999080,0.020776
3699,proton,14679.535509,90.372829,1.311648,-92.000000,2.201698,88.913553,-91.167007,-0.020363,-0.999613,0.018961
3775,anti_nu_mu,49.756262,3011.573379,-2.288042,-92.000000,-0.495001,58.784674,-123.791707,-0.475655,-0.710748,0.518256
4001,neutron,19511.525917,25.793434,-0.272206,-92.000000,-0.604289,89.948006,-89.904563,0.001666,-0.999998,0.000907
3847,neutron,19511.576325,2214.465669,1.375542,-92.000000,-1.409563,90.000000,-90.000000,0.000000,-1.000000,0.000000
3930,neutron,197.327378,4246.330074,1.872128,-92.000000,0.778291,96.227661,-47.868797,0.666872,-0.737234,-0.108479
3931,neutron,19511.576325,0.050071,2.310035,-92.000000,2.054135,90.000000,-90.000000,0.000000,-1.000000,0.000000
4002,proton,2513.327194,3202.120222,-2.448436,-92.000000,2.713419,88.318145,-92.386400,-0.041621,-0.998702,0.029350
3848,pi+,2810.865990,120.179568,-1.690330,-92.000000,-1.023758,89.928294,-93.469049,-0.060509,-0.998167,0.001252
3932,neutron,16565.954027,232.569952,1.428568,-92.000000,2.913241,89.363104,-89.244120,0.013191,-0.999851,0.011116
3776,neutron,19510.717688,3780.873719,-0.340278,-92.000000,-1.214708,90.146973,-89.576207,0.007396,-0.999969,-0.002565
3933,neutron,19510.044720,826.889010,-0.776657,-92.000000,-0.911823,90.452448,-90.358728,-0.006261,-0.999949,-0.007897
4003,gamma,1.901300,629.894848,-2.505599,-92.000000,1.097956,98.837296,-148.453616,-0.842100,-0.516978,-0.153629
4004,neutron,19511.576325,0.000000,2.362838,-92.000000,2.247570,90.000000,-90.000000,0.000000,-1.000000,0.000000
3778,proton,17409.642960,80.052243,-1.645494,-92.000000,-1.779861,89.573165,-91.530890,-0.026715,-0.999615,0.007450
3849,neutron,2.222641,919.464987,1.440852,-92.000000,-0.928065,66.367168,-52.516192,0.557501,-0.726975,0.400874
3934,neutron,19511.576325,2176.772259,-2.719993,-92.000000,-0.833699,90.000000,-90.000000,0.000000,-1.000000,0.000000
3935,neutron,19332.026182,162.275623,-0.226771,-92.000000,-0.097138,91.590882,-89.694824,0.005324,-0.999600,-0.027763
3779,neutron,19511.576325,2811.803713,1.986029,-92.000000,1.193776,90.000000,-90.000000,0.000000,-1.000000,0.000000
4005,neutron,89.377841,2099.172504,-2.229964,-92.000000,-2.657987,112.970472,-96.964537,-0.111640,-0.913913,-0.390257
4006,gamma,0.160012,750.762385,0.026762,-92.000000,-0.825865,109.621574,-133.252988,-0.645431,-0.686042,-0.335806
3850,neutron,2.185236,1244.746217,0.036544,-92.000000,2.946554,88.177707,-49.880395,0.644059,-0.764314,0.031800
3936,gamma,1.130100,2195.476121,1.716005,-92.000000,2.044623,90.362354,-42.920218,0.732288,-0.680966,-0.006324
4007,pi+,102.191135,2143.265256,-0.945723,-92.000000,0.686260,114.741771,-123.968467,-0.507446,-0.753214,-0.418529
4008,neutron,40.717309,151.294157,1.165720,-92.000000,1.146056,116.799471,-67.826688,0.336872,-0.826580,-0.450869
3851,gamma,0.367698,2938.375125,-1.127621,-92.000000,1.492832,68.664887,-69.532832,0.325707,-0.872667,0.363822
3780,gamma,0.606928,3583.926283,1.075837,-92.000000,2.893555,51.623236,-85.319626,0.063968,-0.781331,0.620830
4009,pi-,987.523788,2325.046000,2.145140,-92.000000,-1.928951,98.280475,-66.817658,0.389555,-0.909673,-0.144019
4010,pi+,5599.052160,215.632713,2.304361,-92.000000,-2.957110,89.464444,-97.049784,-0.122726,-0.992397,0.009347
3852,neutron,19511.138831,1722.302432,2.566687,-92.000000,1.216793,90.124508,-89.727519,0.004756,-0.999986,-0.002173
3937,neutron,10.529526,3409.069051,2.843464,-92.000000,-0.275282,107.007721,-60.098495,0.476708,-0.828971,-0.292501
3938,neutron,19511.397684,0.000000,-0.029624,-92.000000,1.932250,89.918740,-90.187765,-0.003277,-0.999994,0.001418
3781,neutron,19511.576325,2922.721560,-1.071297,-92.000000,2.593177,90.000000,-90.000000,0.000000,-1.000000,0.000000
3782,neutron,19511.576325,0.000000,2.908704,-92.000000,1.356583,90.000000,-90.000000,0.000000,-1.000000,0.000000
3854,gamma,0.404356,1316.976025,0.682237,-92.000000,2.922057,89.542035,-113.644541,-0.401048,-0.916022,0.007993
3783,neutron,3.023784,3339.352324,-2.686186,-92.000000,-1.989795,93.818380,-87.719452,0.039704,-0.996990,-0.066594
3784,neutron,19511.576325,1078.212394,2.872805,-92.000000,-1.413956,90.000000,-90.000000,0.000000,-1.000000,0.000000
3855,neutron,17.432576,2163.076308,0.564139,-92.000000,-0.229009,99.943971,-52.812296,0.595348,-0.784692,-0.172685
3785,gamma,422.085840,387.291549,-0.263662,-92.000000,2.286603,98.328524,-65.738714,0.406565,-0.902066,-0.144849
3856,pi-,11054.557703,1217.163898,-0.391255,-92.000000,-1.763629,90.019956,-89.391907,0.010613,-0.999944,-0.000348
3940,gamma,0.399804,0.399804,1.356419,-92.000000,-2.690372,75.236014,-123.730318,-0.536951,-0.804202,0.254838
3941,neutron,19511.576325,1168.823015,-2.187382,-92.000000,-0.119191,90.000000,-90.000000,0.000000,-1.000000,0.000000
3786,gamma,0.461487,2887.714926,-2.948902,-92.000000,-2.968986,88.774243,-125.594038,-0.581905,-0.812975,0.021392
3942,gamma,92.352657,646.272648,2.266396,-92.000000,-0.021353,91.382609,-90.926014,-0.016157,-0.999578,-0.024129
4011,gamma,4.697907,1192.299698,2.747633,-92.000000,-0.016348,71.253464,-52.536106,0.575993,-0.751629,0.321382
3859,neutron,19511.196952,563.011704,1.201440,-92.000000,2.221994,90.221630,-90.282505,-0.004931,-0.999980,-0.003868
3860,proton,18598.386489,167.867912,1.817187,-92.000000,-2.479959,89.678524,-89.789943,0.003666,-0.999978,0.005611
3861,neutron,0.000084,209.347135,-0.574661,-92.000000,2.863375,73.687955,-99.824246,-0.163758,-0.945672,0.280868
3862,neutron,19511.576325,0.000000,2.407163,-92.000000,-0.223098,90.000000,-90.000000,0.000000,-1.000000,0.000000
4012,pi-,569.764603,1814.255946,2.250937,-92.000000,0.897997,75.238889,-98.619161,-0.144920,-0.956076,0.254789
3787,neutron,19109.100514,0.465874,-2.754871,-92.000000,-1.217846,90.387848,-89.990123,0.000172,-0.999977,-0.006769
3863,neutron,19511.576325,1035.749265,0.771425,-92.000000,-2.173585,90.000000,-90.000000,0.000000,-1.000000,0.000000
4013,gamma,1.732228,1046.331311,-2.827841,-92.000000,-2.999169,90.855840,-100.498961,-0.182197,-0.983149,-0.014937
4014,neutron,19511.576325,0.095239,-0.659608,-92.000000,0.689586,90.000000,-90.000000,0.000000,-1.000000,0.000000
4015,proton,5555.701583,1948.324308,-2.720716,-92.000000,-0.627110,90.174103,-92.827405,-0.049327,-0.998778,-0.003039
3944,neutron,19511.393973,2012.158343,-2.389897,-92.000000,2.479725,90.167195,-90.121549,-0.002121,-0.999993,-0.002918
3788,neutron,0.382777,2594.755762,1.110739,-92.000000,1.069170,62.860503,-49.649779,0.576172,-0.678193,0.456158
3945,neutron,0.000022,934.776936,1.201245,-92.000000,-1.078993,72.951952,-87.592704,0.040157,-0.955216,0.293174
3946,neutron,19511.576325,0.000000,1.387803,-92.000000,-2.779614,90.000000,-90.000000,0.000000,-1.000000,0.000000
3864,neutron,684.146506,3732.750623,-0.209443,-92.000000,-2.484486,101.630627,-89.618303,0.006525,-0.979446,-0.201602
3865,proton,403.485100,162.722518,2.538090,-92.000000,2.271108,101.564774,-64.445583,0.422611,-0.883861,-0.200476
3866,neutron,19511.576325,0.000000,2.839463,-92.000000,-2.871743,90.000000,-90.000000,0.000000,-1.000000,0.000000
3867,neutron,19511.576325,0.000000,1.588384,-92.000000,-1.265113,90.000000,-90.000000,0.000000,-1.000000,0.000000
3868,neutron,19511.576325,0.000000,-0.394049,-92.000000,-2.149178,90.000000,-90.000000,0.000000,-1.000000,0.000000
3869,pi+,322.596576,521.103641,0.796693,-92.000000,1.093637,64.453280,-89.038554,0.015139,-0.902107,0.431247
4016,pi-,888.394151,2739.466999,-2.469384,-92.000000,-2.223769,85.132730,-88.745874,0.021808,-0.996155,0.084848
4017,neutron,19118.566602,30.098171,2.795361,-92.000000,-0.246856,90.669752,-89.294174,0.012318,-0.999856,-0.011689
3789,gamma,0.379969,3501.118522,0.025900,-92.000000,-0.704181,114.171569,-122.614181,-0.491723,-0.768467,-0.409470
3790,neutron,7.857989,125.508706,-1.606897,-92.000000,1.597754,81.621453,-130.829134,-0.646827,-0.748587,0.145713
4018,neutron,19511.576325,1159.365749,-2.887495,-92.000000,1.983776,90.000000,-90.000000,0.000000,-1.000000,0.000000
3947,pi-,353.830796,3387.383198,-0.152747,-92.000000,0.043678,89.726682,-96.792497,-0.118273,-0.992970,0.004770
3948,neutron,19511.562684,0.000000,2.327721,-92.000000,1.351864,89.940758,-90.032934,-0.000575,-0.999999,0.001034
3949,neutron,19510.176957,0.147404,2.974513,-92.000000,-2.135534,89.900827,-89.667645,0.005801,-0.999982,0.001731
4019,neutron,79.463380,1613.689542,-0.273151,-92.000000,1.431742,94.110361,-60.739545,0.487523,-0.870163,-0.071678
3870,gamma,4.167927,472.909011,1.385479,-92.000000,1.419418,45.614053,-63.992737,0.313361,-0.642278,0.699488
3871,gamma,0.743740,0.788491,-0.086544,-92.000000,-0.114387,64.787477,-129.092453,-0.570501,-0.702191,0.425977
3872,neutron,19483.682325,0.000000,-2.534752,-92.000000,-0.161703,90.190783,-89.910657,0.001559,-0.999993,-0.003330
3950,gamma,0.601719,578.707110,-1.677394,-92.000000,-1.064379,59.666646,-108.545308,-0.274513,-0.818283,0.505030
3951,neutron,19511.576325,0.000000,0.479751,-92.000000,2.598202,90.000000,-90.000000,0.000000,-1.000000,0.000000
4020,neutron,2.781397,2763.506038,1.448471,-92.000000,-0.555554,125.782956,-92.473652,-0.035013,-0.810482,-0.584716
3873,gamma,4.434045,862.157142,2.050044,-92.000000,-1.693103,131.005562,-59.921507,0.378218,-0.653025,-0.656132
3874,neutron,19511.576325,1898.758591,2.422807,-92.000000,-2.379527,90.000000,-90.000000,0.000000,-1.000000,0.000000
4021,neutron,63.151669,1294.953420,-0.032795,-92.000000,-2.507310,139.832418,-49.932396,0.415197,-0.493629,-0.764161
3952,neutron,4.599030,1907.348458,-1.228276,-92.000000,1.610475,115.070774,-87.133181,0.045302,-0.904651,-0.423737
4022,gamma,3.596381,2290.884346,-1.655310,-92.000000,0.176932,86.696236,-67.916821,0.375327,-0.925099,0.057630
3793,gamma,0.088744,2673.448730,0.378743,-92.000000,0.471513,122.519072,-127.265413,-0.510572,-0.671062,-0.537580
4023,neutron,19511.576325,485.238782,-2.353049,-92.000000,-0.786660,90.000000,-90.000000,0.000000,-1.000000,0.000000
3953,pi-,757.295485,2629.334149,2.172897,-92.000000,-2.189141,95.536180,-93.693095,-0.064112,-0.993269,-0.096474
3875,neutron,0.685212,3268.701794,-0.789233,-92.000000,0.037637,73.298331,-111.750612,-0.354935,-0.889623,0.287388
3794,neutron,0.415638,997.376847,0.075312,-92.000000,0.468478,84.962038,-53.192580,0.596813,-0.797561,0.087816
3795,neutron,13025.415906,862.270925,-1.216081,-92.000000,-2.243180,91.582894,-90.080312,-0.001401,-0.999617,-0.027623
4024,neutron,19473.758716,1439.615205,-0.494103,-92.000000,0.376080,89.521772,-90.422792,-0.007379,-0.999938,0.008347
4025,neutron,6342.462482,1030.079400,-2.008733,-92.000000,-0.064078,96.994660,-94.245301,-0.073476,-0.989834,-0.121777
3954,gamma,0.085814,2794.976518,-2.823625,-92.000000,0.356480,80.423704,-112.203287,-0.372628,-0.912947,0.166361
3877,gamma,8.458664,1982.689379,0.371473,-92.000000,0.718474,73.527279,-44.246101,0.686947,-0.669103,0.283559
3796,nu_e,45.626891,1198.464207,-1.059709,-92.000000,1.489083,100.936643,-82.579406,0.126806,-0.973614,-0.189723
4026,neutron,5.955872,3497.062856,2.221964,-92.000000,1.650571,72.179585,-55.660052,0.537037,-0.786088,0.306035
3955,gamma,0.069182,3121.496747,0.497967,-92.000000,2.354256,47.699913,-85.506443,0.057948,-0.737357,0.673014
3956,gamma,0.175735,450.967068,2.909664,-92.000000,-0.071663,74.464311,-57.745952,0.514176,-0.814792,0.267839
3797,neutron,31.676590,2073.040012,0.875705,-92.000000,2.003897,74.314267,-84.571655,0.091078,-0.958441,0.270361
3878,neutron,0.025236,3132.703644,2.924008,-92.000000,1.404016,58.334273,-79.495293,0.155174,-0.836860,0.524963
3879,neutron,19115.260003,1381.753039,-0.037330,-92.000000,-0.703915,89.770825,-89.773289,0.003957,-0.999984,0.004000
3957,pi+,1683.787216,3498.050569,-0.141846,-92.000000,-1.293540,86.447391,-103.382361,-0.231004,-0.970978,0.061965
3958,neutron,19511.496880,586.162122,-0.310615,-92.000000,1.289381,89.843957,-89.909388,0.001581,-0.999995,0.002723
3959,neutron,19511.576325,0.254875,0.786291,-92.000000,1.992670,90.000000,-90.000000,0.000000,-1.000000,0.000000
3960,proton,18114.936421,335.406965,-0.226754,-92.000000,0.126874,88.612534,-89.985412,0.000255,-0.999707,0.024213
3961,neutron,19511.576325,320.078317,-1.836189,-92.000000,1.859375,90.000000,-90.000000,0.000000,-1.000000,0.000000
3799,neutron,19511.493338,0.000000,-0.142360,-92.000000,2.624021,89.815911,-89.988903,0.000194,-0.999995,0.003213
4028,neutron,19511.576325,1225.812325,-1.736721,-92.000000,-1.493646,90.000000,-90.000000,0.000000,-1.000000,0.000000
3880,neutron,3765.651498,2815.360535,-1.550314,-92.000000,1.157972,90.642729,-92.633085,-0.045937,-0.998881,-0.011218
3881,neutron,19511.576325,1609.586586,-2.322861,-92.000000,-2.503993,90.000000,-90.000000,0.000000,-1.000000,0.000000
3962,neutron,0.235098,3072.232996,2.335595,-92.000000,2.194359,47.909181,-77.772162,0.157173,-0.725248,0.670308
4100,gamma,237.332105,2812.196324,-0.511782,-92.000000,0.121390,86.911914,-84.273664,0.099632,-0.993565,0.053871
4029,proton,17.262470,2676.549854,0.648318,-92.000000,-0.420489,107.543245,-102.001978,-0.198274,-0.932647,-0.301426
3963,neutron,19511.576325,1581.928703,0.440320,-92.000000,-2.249795,90.000000,-90.000000,0.000000,-1.000000,0.000000
3882,pi+,1854.124754,2588.117015,1.616118,-92.000000,-0.784584,94.590797,-107.255384,-0.295680,-0.951928,-0.080039
4101,proton,5146.941416,3812.369575,-1.155886,-92.000000,-0.389703,80.674135,-84.659075,0.091851,-0.982499,0.162049
3964,gamma,0.260944,2107.582351,2.033760,-92.000000,-1.740435,80.660352,-38.997039,0.766876,-0.620938,0.162287
3965,neutron,19511.433837,0.000000,-0.096501,-92.000000,-1.295901,90.014789,-90.241205,-0.004210,-0.999991,-0.000258
3966,neutron,19511.576325,0.000000,-0.687628,-92.000000,1.244733,90.000000,-90.000000,0.000000,-1.000000,0.000000
4102,neutron,8831.118603,1696.594219,-1.429257,-92.000000,0.364457,89.751130,-94.548275,-0.079298,-0.996841,0.004344
3884,mu+,865.342198,100.764783,-1.527413,-92.000000,-0.105096,89.812280,-87.838646,0.037714,-0.999283,0.003276
3885,neutron,19511.576325,0.000000,0.369400,-92.000000,-1.141331,90.000000,-90.000000,0.000000,-1.000000,0.000000
4030,neutron,5441.026603,4573.705426,0.831235,-92.000000,2.245206,89.752462,-92.199930,-0.038386,-0.999254,0.004320
4031,neutron,26.797500,165.393988,-0.823179,-92.000000,2.273447,101.889815,-114.781167,-0.410161,-0.888437,-0.206030
4032,gamma,0.056978,85.370904,2.753505,-92.000000,-2.130299,122.257181,-87.753604,0.033147,-0.845011,-0.533721
4103,proton,30.995377,1558.991565,-2.031580,-92.000000,0.032709,71.726200,-144.637181,-0.774377,-0.549565,0.313558
4033,gamma,0.235356,141.711418,-1.363608,-92.000000,-0.657774,70.678392,-76.482277,0.220581,-0.917534,0.330870
4034,neutron,16477.758556,143.108706,-2.814256,-92.000000,1.936809,90.037520,-89.648515,0.006135,-0.999981,-0.000655
4104,neutron,0.000031,434.319317,-1.426746,-92.000000,-2.873009,106.298934,-121.322121,-0.498956,-0.819926,-0.280649
3968,neutron,19510.658566,164.702680,0.778261,-92.000000,0.745120,90.261583,-90.382925,-0.006683,-0.999967,-0.004565
3969,neutron,19509.690759,0.000000,2.510213,-92.000000,-1.580342,90.572474,-89.497578,0.008768,-0.999912,-0.009991
3886,neutron,56.645869,1856.145300,-1.921521,-92.000000,-1.468094,122.659370,-89.971408,0.000420,-0.841894,-0.539643
3887,neutron,19511.576325,0.000000,-2.676252,-92.000000,2.766894,90.000000,-90.000000,0.000000,-1.000000,0.000000
3888,neutron,16524.479946,152.737082,-0.932853,-92.000000,-2.285453,92.475876,-85.289905,0.082037,-0.995693,-0.043199
3889,neutron,19511.373850,386.901881,0.937221,-92.000000,0.892109,89.717145,-90.054568,-0.000952,-0.999987,0.004937
4105,pi-,3710.933303,2568.165888,0.173055,-92.000000,-1.832921,90.290567,-95.193881,-0.090525,-0.995881,-0.005071
3970,neutron,684.839408,888.420818,0.666251,-92.000000,0.965013,117.869744,-90.079375,-0.001225,-0.884012,-0.467463
4106,neutron,19511.576325,137.423346,-2.228189,-92.000000,2.146022,90.000000,-90.000000,0.000000,-1.000000,0.000000
4035,gamma,1.516044,2004.460208,1.436582,-92.000000,-2.315372,102.198348,-112.735051,-0.377745,-0.901478,-0.211297
3890,gamma,4.303680,499.944669,0.843249,-92.000000,0.163612,83.148930,-122.101735,-0.527630,-0.841057,0.119289
4036,neutron,19511.576325,1384.849048,-1.762478,-92.000000,1.460971,90.000000,-90.000000,0.000000,-1.000000,0.000000
4037,neutron,19511.576325,0.043547,-1.939014,-92.000000,-1.147139,90.000000,-90.000000,0.000000,-1.000000,0.000000
3971,pi-,1951.897910,1378.121856,2.512668,-92.000000,-1.654737,84.941367,-73.945835,0.275469,-0.957258,0.088175
4107,neutron,19511.576325,1969.004118,-0.073838,-92.000000,-0.159020,90.000000,-90.000000,0.000000,-1.000000,0.000000
4108,neutron,19511.576325,2708.108381,-2.745862,-92.000000,-2.774751,90.000000,-90.000000,0.000000,-1.000000,0.000000
4109,neutron,19511.576325,0.000000,-0.222247,-92.000000,1.931257,90.000000,-90.000000,0.000000,-1.000000,0.000000
4110,neutron,19511.576325,0.028984,-1.719987,-92.000000,-1.010372,90.000000,-90.000000,0.000000,-1.000000,0.000000
3892,pi+,1217.938526,3273.543151,1.125908,-92.000000,-0.986907,89.017277,-89.634663,0.006375,-0.999833,0.017151
3893,neutron,19510.640176,0.000000,-0.984528,-92.000000,-2.616422,89.769570,-90.407760,-0.007117,-0.999967,0.004022
3894,gamma,5.061932,106.714037,0.575638,-92.000000,-2.899599,111.953267,-51.261164,0.580396,-0.723447,-0.373850
4038,gamma,0.582825,580.460515,-2.901172,-92.000000,-2.556434,105.918623,-94.109914,-0.068922,-0.959179,-0.274272
3895,neutron,18059.366041,560.292718,0.707772,-92.000000,2.349656,88.826199,-89.392606,0.010599,-0.999734,0.020485
3896,gamma,0.092378,810.287987,0.107929,-92.000000,-1.937635,93.610687,-93.538996,-0.061605,-0.996112,-0.062977
4039,neutron,19511.477822,1124.408270,2.642891,-92.000000,0.542657,90.028196,-90.198938,-0.003472,-0.999994,-0.000492
3973,neutron,19511.576325,0.085503,2.683183,-92.000000,-1.563915,90.000000,-90.000000,0.000000,-1.000000,0.000000
4111,pi+,2698.453270,3943.502958,2.944144,-92.000000,2.024315,92.688307,-80.035556,0.172847,-0.983831,-0.046903
4040,neutron,19110.386487,1101.061642,0.469859,-92.000000,-2.657277,90.569283,-91.137666,-0.019854,-0.999754,-0.009936
4041,neutron,19511.576325,312.883213,0.317562,-92.000000,-2.150556,90.000000,-90.000000,0.000000,-1.000000,0.000000
3974,gamma,0.403340,875.220557,0.829060,-92.000000,2.057048,95.912012,-51.223136,0.622958,-0.775444,-0.103001
4112,neutron,19511.576325,3081.099561,0.797162,-92.000000,-0.438067,90.000000,-90.000000,0.000000,-1.000000,0.000000
4113,neutron,19511.576325,0.914563,-1.612550,-92.000000,2.064100,90.000000,-90.000000,0.000000,-1.000000,0.000000
4114,neutron,19511.576325,0.000000,-1.591669,-92.000000,-0.603866,90.000000,-90.000000,0.000000,-1.000000,0.000000
3897,gamma,0.199275,2806.856991,0.308822,-92.000000,-0.637003,92.630768,-53.069861,0.600208,-0.798526,-0.045899
4115,neutron,19511.054022,862.049194,-2.658250,-92.000000,-2.115019,89.745310,-90.239835,-0.004186,-0.999981,0.004445
3898,neutron,2.043124,1793.700663,-1.009758,-92.000000,-1.193758,129.451217,-123.589211,-0.427189,-0.643234,-0.635421
3975,neutron,19511.525165,3433.633434,1.542267,-92.000000,-0.738893,90.111579,-89.867710,0.002309,-0.999995,-0.001947
3976,neutron,19511.576325,0.133280,-0.819967,-92.000000,-1.967359,90.000000,-90.000000,0.000000,-1.000000,0.000000
4042,proton,4866.048650,3494.172952,0.335557,-92.000000,-2.329159,93.874738,-86.009282,0.069436,-0.995295,-0.067575
4116,gamma,2.516632,3373.610446,-0.329135,-92.000000,2.366935,78.128752,-77.245856,0.216046,-0.954466,0.205713
4117,neutron,19511.576325,1833.729944,1.068779,-92.000000,2.832204,90.000000,-90.000000,0.000000,-1.000000,0.000000
4118,neutron,19511.576325,0.000000,2.826541,-92.000000,1.945412,90.000000,-90.000000,0.000000,-1.000000,0.000000
3899,gamma,0.744820,3.401535,-2.257892,-92.000000,1.847989,121.920297,-85.998868,0.059225,-0.846716,-0.528739
3977,kaon+,2376.722284,1987.233115,-1.904637,-92.000000,-0.012272,87.371886,-87.696467,0.040151,-0.998141,0.045853
3978,neutron,19511.576325,0.000000,-1.019815,-92.000000,-2.769493,90.000000,-90.000000,0.000000,-1.000000,0.000000
3979,neutron,18991.638422,225.839881,1.965303,-92.000000,-2.432658,88.817784,-90.446990,-0.007800,-0.999757,0.020632
4043,gamma,0.912421,2368.784666,-1.055470,-92.000000,-2.165356,96.716356,-111.475844,-0.363596,-0.924186,-0.116954
3980,neutron,19511.449881,1275.386394,0.130299,-92.000000,1.043753,89.802411,-89.812958,0.003264,-0.999989,0.003449
3981,neutron,19511.576325,0.000000,0.652781,-92.000000,2.489059,90.000000,-90.000000,0.000000,-1.000000,0.000000
4119,proton,490.745782,2531.489520,2.179301,-92.000000,-1.322474,84.655788,-66.719325,0.393518,-0.914587,0.093139
4044,pi+,53.229189,1994.157116,-2.800660,-92.000000,-0.612543,71.221307,-103.474034,-0.220602,-0.920710,0.321914
4045,neutron,5.567184,1273.062460,-2.423535,-92.000000,0.875236,109.651415,-121.085009,-0.486237,-0.806522,-0.336297
4046,neutron,19510.700815,0.000000,-1.826852,-92.000000,2.450537,89.530331,-90.396916,-0.006927,-0.999942,0.008197
4047,neutron,19511.511179,0.000000,-2.644690,-92.000000,0.318281,90.158912,-90.038037,-0.000664,-0.999996,-0.002774
4048,neutron,19511.576325,0.351638,-1.979178,-92.000000,-1.236286,90.000000,-90.000000,0.000000,-1.000000,0.000000
4049,neutron,19511.430659,0.854145,1.847206,-92.000000,-1.251938,89.987957,-90.244041,-0.004259,-0.999991,0.000210
4120,gamma,1769.840848,2098.616842,1.189523,-92.000000,2.164275,94.442915,-93.390100,-0.058956,-0.995250,-0.077466
4050,neutron,19511.570264,922.796124,-1.885405,-92.000000,-2.800078,90.030138,-89.960302,0.000693,-1.000000,-0.000526
4051,neutron,19511.576325,0.410753,-2.691345,-92.000000,-1.016565,90.000000,-90.000000,0.000000,-1.000000,0.000000
4052,neutron,19511.576325,0.027112,1.069146,-92.000000,-0.829604,90.000000,-90.000000,0.000000,-1.000000,0.000000
4053,neutron,19466.100960,0.000000,-1.924816,-92.000000,1.370391,89.831138,-90.063358,-0.001106,-0.999995,0.002947
4054,neutron,19511.127847,0.000000,0.257638,-92.000000,2.850107,89.741510,-89.841305,0.002770,-0.999986,0.004511
3982,gamma,0.084091,2018.929659,0.653067,-92.000000,-1.710044,77.610597,-45.939900,0.679218,-0.701876,0.214555
4055,neutron,4288.278885,1860.613162,-0.527369,-92.000000,1.533310,85.291481,-86.847604,0.054806,-0.995117,0.082087
4201,neutron,16.343669,5510.603134,1.329265,-92.000000,0.040531,94.477439,-66.755887,0.393445,-0.916028,-0.078067
4121,neutron,19511.576325,2025.467135,0.791800,-92.000000,-1.113382,90.000000,-90.000000,0.000000,-1.000000,0.000000
3983,neutron,3.619963,1668.532138,1.177085,-92.000000,1.794981,43.647918,-87.013455,0.035962,-0.689287,0.723595
4122,neutron,19511.576325,1384.368394,1.768162,-92.000000,-0.014639,90.000000,-90.000000,0.000000,-1.000000,0.000000
4056,gamma,3.155882,2051.458722,-0.179558,-92.000000,-1.182922,131.006727,-117.315762,-0.346296,-0.670484,-0.656148
3984,proton,5685.038101,658.598139,1.029274,-92.000000,-1.150006,96.008061,-87.035556,0.051432,-0.993176,-0.104668
4123,neutron,279.903009,2144.221375,-1.391892,-92.000000,-0.960156,95.851268,-103.312756,-0.229067,-0.968058,-0.101946
4124,neutron,19511.576325,584.727683,-1.437469,-92.000000,-1.863533,90.000000,-90.000000,0.000000,-1.000000,0.000000
4203,neutron,19511.576325,0.266305,0.872212,-92.000000,-0.354916,90.000000,-90.000000,0.000000,-1.000000,0.000000
4125,proton,100.975892,1699.239127,-2.643701,-92.000000,0.118135,115.465034,-103.855987,-0.216216,-0.876576,-0.429960
4126,gamma,0.447564,287.992802,0.562846,-92.000000,-0.544725,137.570406,-110.304642,-0.234123,-0.632759,-0.738107
4127,neutron,19511.576325,0.000000,0.942130,-92.000000,-0.150040,90.000000,-90.000000,0.000000,-1.000000,0.000000
4128,neutron,19510.940279,1015.511366,-1.084379,-92.000000,1.777485,89.830194,-89.558797,0.007700,-0.999966,0.002964
4057,gamma,0.288584,3437.004820,0.181939,-92.000000,-1.263318,127.586629,-76.275684,0.188005,-0.769807,-0.609960
3985,pi-,1350.789848,2854.447775,0.600168,-92.000000,2.038840,105.129167,-90.017618,-0.000297,-0.965340,-0.260996
4058,gamma,0.417337,806.273856,-1.056922,-92.000000,0.180867,82.141925,-79.093335,0.187433,-0.972716,0.136720
4059,neutron,5225.467400,1657.770089,-1.162772,-92.000000,0.109264,87.990950,-88.724936,0.022239,-0.999138,0.035057
4129,proton,18595.292740,1796.827334,0.340827,-92.000000,-1.570909,91.403533,-90.318548,-0.005558,-0.999685,-0.024494
4205,mu+,554.015980,1003.501984,1.068997,-92.000000,-1.715162,91.747874,-89.657555,0.005974,-0.999517,-0.030501
4206,proton,19387.818562,91.449311,-2.132845,-92.000000,-2.696743,90.235657,-89.315858,0.011940,-0.999920,-0.004113
4207,neutron,19511.576325,0.000000,-2.947890,-92.000000,1.967898,90.000000,-90.000000,0.000000,-1.000000,0.000000
4130,neutron,19511.576325,1235.187369,2.992830,-92.000000,1.366698,90.000000,-90.000000,0.000000,-1.000000,0.000000
4060,neutron,0.141066,923.987722,2.591413,-92.000000,1.164498,60.863582,-83.782064,0.094605,-0.868324,0.486891
3986,gamma,0.083405,631.016413,0.090931,-92.000000,-1.682484,112.776489,-45.446592,0.646867,-0.657030,-0.387137
4131,neutron,360.988937,1204.963646,-1.554468,-92.000000,0.025264,116.531923,-74.188265,0.243782,-0.860833,-0.446696
4208,gamma,0.060181,2316.535418,1.043228,-92.000000,1.849403,90.910339,-49.263621,0.652497,-0.757625,-0.015888
3987,pi-,4042.422254,347.346685,1.560559,-92.000000,0.359805,93.218928,-92.508755,-0.043703,-0.997465,-0.056151
4063,neutron,19511.396841,0.000000,-1.876859,-92.000000,0.946842,89.838579,-90.217956,-0.003804,-0.999989,0.002817
4064,neutron,19511.576325,57.441837,2.254517,-92.000000,-2.348698,90.000000,-90.000000,0.000000,-1.000000,0.000000
4065,neutron,19511.459608,0.000000,-2.584578,-92.000000,2.007686,90.037600,-89.838957,0.002811,-0.999996,-0.000656
4209,neutron,9268.250854,2552.471186,-2.020638,-92.000000,0.082315,91.214471,-87.742034,0.039390,-0.998999,-0.021195
3989,e+,21.121131,1139.577251,0.643454,-92.000000,-0.478997,79.450796,-92.158887,-0.037034,-0.982400,0.183080
4066,neutron,19510.725697,1328.834819,0.931067,-92.000000,0.923043,90.433511,-89.893262,0.001863,-0.999970,-0.007566
4132,neutron,480.228053,4866.882195,-2.686689,-92.000000,1.589106,62.832775,-111.165614,-0.321231,-0.829661,0.456589
4210,neutron,19511.576325,2249.698048,-1.957053,-92.000000,-1.323776,90.000000,-90.000000,0.000000,-1.000000,0.000000
4211,neutron,19510.342582,0.000000,-0.173126,-92.000000,-0.916556,89.701146,-89.595290,0.007063,-0.999961,0.005216
4212,neutron,19511.576325,0.000000,-1.111090,-92.000000,2.921167,90.000000,-90.000000,0.000000,-1.000000,0.000000
4213,neutron,19511.446840,0.000000,-1.944916,-92.000000,1.421848,90.101508,-90.202183,-0.003529,-0.999992,-0.001772
4214,neutron,98.791809,1706.506712,-0.660136,-92.000000,-0.415255,97.234556,-102.829017,-0.220275,-0.967275,-0.125932
4133,proton,137.443250,2213.489975,1.906466,-92.000000,-0.165240,76.197363,-86.496898,0.059338,-0.969309,0.238578
3990,proton,2742.592633,2577.526393,0.809776,-92.000000,0.776223,93.011780,-97.895331,-0.137174,-0.989153,-0.052541
3991,neutron,19510.989309,0.000000,-1.431404,-92.000000,-0.333305,89.709968,-89.604429,0.006904,-0.999963,0.005062
3992,neutron,19511.576325,0.000000,-2.264516,-92.000000,-2.985393,90.000000,-90.000000,0.000000,-1.000000,0.000000
4067,proton,150.907055,151.080930,-2.920137,-92.000000,2.111983,100.454428,-88.831342,0.020057,-0.983195,-0.181453
4068,neutron,19511.576325,581.556227,-2.754682,-92.000000,-1.104131,90.000000,-90.000000,0.000000,-1.000000,0.000000
4215,gamma,5.853938,2717.235041,2.572799,-92.000000,1.347079,96.617046,-94.930047,-0.085367,-0.989664,-0.115233
3993,neutron,17918.866810,0.274386,0.274152,-92.000000,-1.657169,89.901720,-90.221774,-0.003871,-0.999991,0.001715
4134,gamma,0.130447,565.232998,2.682273,-92.000000,1.426028,81.446107,-107.541825,-0.298049,-0.942891,0.148740
4135,neutron,19073.426597,0.206537,-1.975564,-92.000000,0.169870,90.034877,-90.276185,-0.004820,-0.999988,-0.000609
4216,pi-,365.196841,145.910708,2.917681,-92.000000,1.912121,82.059497,-95.924056,-0.102221,-0.985123,0.138145
4217,neutron,19511.516359,0.000000,-2.198256,-92.000000,1.701288,89.974436,-89.845328,0.002700,-0.999996,0.000446
4069,gamma,2.312103,123.280037,-0.164147,-92.000000,2.542523,60.677062,-115.947087,-0.381480,-0.783987,0.489732
3995,neutron,19511.056772,0.000000,0.154564,-92.000000,-2.225723,90.017630,-90.348471,-0.006082,-0.999981,-0.000308
4136,e-,68.235957,2509.126043,-0.107421,-92.000000,1.457286,98.084705,-82.855261,0.123140,-0.982374,-0.140637
4218,neutron,0.000002,2614.972816,0.021433,-92.000000,-2.191409,77.898020,-78.288925,0.198466,-0.957422,0.209652
4219,neutron,19510.816332,0.000000,2.554908,-92.000000,-0.145499,89.838103,-89.465881,0.009322,-0.999953,0.002826
4220,neutron,19511.576325,0.000000,-2.103031,-92.000000,-0.521562,90.000000,-90.000000,0.000000,-1.000000,0.000000
4070,proton,341.394345,2149.827040,-0.090457,-92.000000,2.993279,75.465542,-71.379492,0.309080,-0.917326,0.250962
4137,kaon+,7418.178864,2138.464670,0.178921,-92.000000,0.964014,85.327229,-91.678254,-0.029190,-0.996249,0.081465
4138,neutron,19511.576325,0.000000,1.327431,-92.000000,-1.131620,90.000000,-90.000000,0.000000,-1.000000,0.000000
4071,neutron,19511.430844,1066.784259,-1.404934,-92.000000,-0.924392,90.159958,-90.153005,-0.002670,-0.999993,-0.002792
4072,neutron,19510.585225,711.320264,-0.531191,-92.000000,1.481694,90.596289,-90.190252,-0.003320,-0.999940,-0.010407
4139,neutron,42.196958,2394.975359,0.417156,-92.000000,2.674970,75.534425,-74.556641,0.257844,-0.933337,0.249798
4073,gamma,0.283791,126.695692,-0.148349,-92.000000,1.101265,86.058456,-76.878377,0.226482,-0.971587,0.068739
4222,neutron,19030.217136,0.000000,-2.320273,-92.000000,2.026544,90.379591,-89.813896,0.003248,-0.999973,-0.006625
3997,neutron,0.007094,2775.439686,2.028837,-92.000000,2.263376,57.857377,-99.376828,-0.137955,-0.835413,0.532029
4074,gamma,0.142048,1474.898072,2.687175,-92.000000,2.814386,82.534117,-96.239138,-0.107757,-0.985650,0.129936
4223,proton,71.857619,3433.407967,-1.232035,-92.000000,2.420810,69.689973,-65.269185,0.392346,-0.851814,0.347100
3998,gamma,0.097363,1.998768,-0.978847,-92.000000,0.149981,128.988838,-59.697084,0.392188,-0.671070,-0.629169
3999,neutron,19319.809351,37.448336,-0.822179,-92.000000,1.061191,89.963516,-88.850074,0.020069,-0.999798,0.000637
4300,neutron,19511.500969,0.000000,0.168974,-92.000000,0.159380,90.036118,-89.881030,0.002076,-0.999998,-0.000630
4301,neutron,19511.576325,0.060005,-1.056174,-92.000000,0.843219,90.000000,-90.000000,0.000000,-1.000000,0.000000
4302,neutron,19510.995325,0.000000,-1.388518,-92.000000,2.463489,89.661287,-90.066795,-0.001166,-0.999982,0.005912
4076,neutron,19510.943070,0.025125,-1.667539,-92.000000,-1.909209,89.524134,-89.818072,0.003175,-0.999960,0.008305
4077,gamma,0.083763,1166.650926,-1.845760,-92.000000,1.241542,98.631440,-78.008994,0.205405,-0.967102,-0.150078
4078,neutron,19511.576325,0.000000,-2.549733,-92.000000,-0.152167,90.000000,-90.000000,0.000000,-1.000000,0.000000
4303,gamma,0.078348,0.017256,-0.358631,-92.000000,1.860442,111.885622,-103.980416,-0.224179,-0.900443,-0.372755
4304,neutron,19511.576325,433.922588,1.526171,-92.000000,0.264161,90.000000,-90.000000,0.000000,-1.000000,0.000000
4225,gamma,6846.413996,3038.797857,2.844508,-92.000000,-0.946651,88.748221,-89.200324,0.013953,-0.999664,0.021846
4226,neutron,19511.576325,0.082966,-2.887454,-92.000000,-2.330073,90.000000,-90.000000,0.000000,-1.000000,0.000000
4142,neutron,19511.576325,0.000000,1.629832,-92.000000,-0.502824,90.000000,-90.000000,0.000000,-1.000000,0.000000
4305,proton,988.876580,463.938502,1.332298,-92.000000,-0.774117,93.987220,-84.896484,0.088740,-0.993625,-0.069534
4143,neutron,19511.576325,2134.080633,-0.731739,-92.000000,2.136726,90.000000,-90.000000,0.000000,-1.000000,0.000000
4306,neutron,19458.410681,1795.888807,1.411028,-92.000000,-2.978271,90.281389,-90.988440,-0.017250,-0.999839,-0.004911
4079,neutron,20.108304,4751.064831,-0.208344,-92.000000,-2.315968,105.796681,-111.812513,-0.357538,-0.893342,-0.272225
4144,neutron,19511.576325,763.924357,-1.733121,-92.000000,0.074150,90.000000,-90.000000,0.000000,-1.000000,0.000000
4227,gamma,0.699516,1972.284651,0.920698,-92.000000,-1.432669,74.277217,-110.792159,-0.341697,-0.899895,0.270983
4307,gamma,0.890944,1721.160239,2.898914,-92.000000,2.846575,50.280293,-67.117368,0.299091,-0.708648,0.639032
4145,neutron,20.903988,2380.092997,-0.591777,-92.000000,-1.414384,80.606748,-134.296935,-0.689013,-0.706133,0.163210
4228,e+,150.344763,2537.792677,2.663786,-92.000000,1.557433,87.972955,-86.156257,0.066994,-0.997126,0.035371
4308,neutron,871.787096,2638.781629,0.590708,-92.000000,2.067981,94.250665,-103.234449,-0.228306,-0.970764,-0.074120
4309,neutron,19511.339390,0.000000,-2.272063,-92.000000,-1.900329,90.199663,-89.691165,0.005390,-0.999979,-0.003485
4081,pi+,1023.805650,3158.744363,-1.465714,-92.000000,0.643324,94.647167,-87.061948,0.051088,-0.995402,-0.081019
4082,neutron,19511.576325,604.912106,-2.652062,-92.000000,-1.129379,90.000000,-90.000000,0.000000,-1.000000,0.000000
4147,neutron,20.918266,1695.066738,-1.200534,-92.000000,1.692337,104.993697,-103.334894,-0.222790,-0.939911,-0.258713
4148,neutron,19511.576325,0.000000,-2.702459,-92.000000,-2.294976,90.000000,-90.000000,0.000000,-1.000000,0.000000
4310,gamma,256.140265,2777.848583,1.879278,-92.000000,-0.456935,83.954050,-68.184602,0.369550,-0.923222,0.105326
4230,pi+,1237.291700,2530.128139,-0.826825,-92.000000,1.030697,81.158664,-83.804612,0.106637,-0.982347,0.153699
4149,neutron,5.727866,3859.915223,0.196177,-92.000000,0.430839,63.620808,-76.344919,0.211495,-0.870551,0.444310
4150,proton,19321.701517,92.917114,-0.373479,-92.000000,-0.072345,90.051597,-89.919420,0.001406,-0.999999,-0.000901
4084,neutron,19511.576325,415.604553,0.901887,-92.000000,-1.219691,90.000000,-90.000000,0.000000,-1.000000,0.000000
4085,neutron,19373.854251,265.782280,0.162388,-92.000000,0.923823,90.813334,-90.448614,-0.007829,-0.999869,-0.014195
4086,neutron,19511.576325,0.000000,-1.279996,-92.000000,1.686338,90.000000,-90.000000,0.000000,-1.000000,0.000000
4087,neutron,19511.576325,0.000000,2.636601,-92.000000,-0.719340,90.000000,-90.000000,0.000000,-1.000000,0.000000
4088,neutron,19511.415558,1016.588147,-2.706114,-92.000000,-1.140513,90.168142,-89.903052,0.001692,-0.999994,-0.002935
4151,neutron,19511.576325,3887.550542,1.847468,-92.000000,-2.509949,90.000000,-90.000000,0.000000,-1.000000,0.000000
4089,neutron,19511.576325,1236.907484,-1.964631,-92.000000,-2.495209,90.000000,-90.000000,0.000000,-1.000000,0.000000
4311,neutron,1124.586081,2576.291951,-2.561940,-92.000000,1.813136,76.624012,-103.926314,-0.234145,-0.944276,0.231340
4312,neutron,19048.429693,0.150574,-1.537303,-92.000000,-0.826725,90.726775,-92.412590,-0.042092,-0.999033,-0.012684
4313,neutron,19511.448060,0.000000,1.421045,-92.000000,2.684568,90.012633,-89.827098,0.003018,-0.999995,-0.000220
4314,neutron,19511.283299,0.000000,0.985775,-92.000000,-2.221835,89.749408,-90.076586,-0.001337,-0.999990,0.004374
4231,gamma,943.838825,1270.087271,1.402252,-92.000000,0.088635,83.756233,-95.693356,-0.098616,-0.989165,0.108759
4315,pi-,906.536775,84.858978,-0.041479,-92.000000,2.869904,88.426144,-104.318958,-0.247226,-0.968568,0.027466
4232,neutron,19511.576325,1593.638904,1.570198,-92.000000,-1.333515,90.000000,-90.000000,0.000000,-1.000000,0.000000
4233,neutron,19511.307904,0.050166,2.977412,-92.000000,2.934485,89.872046,-89.693992,0.005341,-0.999983,0.002233
4316,neutron,0.331202,491.365412,-2.063333,-92.000000,2.974442,61.842847,-90.058934,-0.000907,-0.881656,0.471892
4090,neutron,1.552544,3946.744516,2.121563,-92.000000,-1.315958,107.121237,-88.326767,0.027905,-0.955276,-0.294395
4152,neutron,5.902579,5027.343244,1.680592,-92.000000,1.376200,90.911218,-87.388810,0.045552,-0.998835,-0.015903
4235,neutron,19511.576325,0.000000,0.346193,-92.000000,-0.449453,90.000000,-90.000000,0.000000,-1.000000,0.000000
4317,gamma,7.213867,3117.786391,1.459643,-92.000000,0.891516,110.429825,-107.588317,-0.283169,-0.893293,-0.349060
4318,neutron,19511.223917,0.000000,0.626455,-92.000000,-2.714466,90.320501,-90.133780,-0.002335,-0.999982,-0.005594
4091,neutron,2.537672,1374.641523,1.385200,-92.000000,-1.452204,94.832524,-77.471431,0.216155,-0.972718,-0.084243
4153,neutron,19508.881890,3949.257499,-0.823974,-92.000000,0.466338,88.971352,-90.218372,-0.003811,-0.999832,0.017952
4154,neutron,19371.637075,35.381705,-0.276468,-92.000000,1.821879,90.929427,-88.808130,0.020798,-0.999652,-0.016221
4155,neutron,19511.478875,0.000000,-0.838049,-92.000000,-1.629482,89.994986,-89.848973,0.002636,-0.999997,0.000088
4156,neutron,19511.576325,0.000000,0.379588,-92.000000,1.192511,90.000000,-90.000000,0.000000,-1.000000,0.000000
4237,neutron,10999.192243,0.000000,-1.884047,-92.000000,-2.823172,91.426477,-86.821874,0.055423,-0.998153,-0.024894
4238,neutron,19511.576325,0.000000,-2.561374,-92.000000,2.180040,90.000000,-90.000000,0.000000,-1.000000,0.000000
4319,neutron,221.649590,2484.807878,1.974190,-92.000000,1.571142,92.591031,-43.701491,0.722210,-0.690195,-0.045207
4092,neutron,0.597111,2582.656102,1.534770,-92.000000,-1.093494,80.690565,-47.321970,0.668950,-0.725492,0.161766
4239,gamma,0.387483,9.671878,1.427956,-92.089173,3.000000,95.413763,-83.487174,0.112920,-0.989115,-0.094347
4093,neutron,19511.301261,1073.991921,-1.618697,-92.000000,0.531520,89.852684,-90.206763,-0.003609,-0.999990,0.002571
4321,neutron,0.050235,1555.693207,-0.166455,-92.000000,-1.469827,89.562301,-116.950107,-0.453201,-0.891376,0.007639
4094,proton,17398.029622,230.368494,-0.583288,-92.000000,-0.534921,90.141302,-91.687539,-0.029449,-0.999563,-0.002466
4322,pi+,197.536028,824.608546,1.258168,-92.000000,1.680379,88.620382,-108.706186,-0.320622,-0.946901,0.024077
4323,neutron,19511.059212,0.441343,-0.786042,-92.000000,-1.054739,90.293369,-90.321990,-0.005620,-0.999971,-0.005120
4240,neutron,57.480368,631.705850,1.730903,-92.000000,-0.866816,62.695837,-75.581947,0.221253,-0.860598,0.458714
4324,proton,7361.423629,1829.272351,-0.833379,-92.000000,-2.386564,87.830891,-92.349623,-0.040968,-0.998443,0.037849
4095,neutron,19511.576325,1453.474164,-2.444835,-92.000000,-1.907289,90.000000,-90.000000,0.000000,-1.000000,0.000000
4096,neutron,19511.576325,0.000000,1.207128,-92.000000,-0.716719,90.000000,-90.000000,0.000000,-1.000000,0.000000
4325,proton,19122.117225,211.611450,2.374764,-92.000000,-2.665992,89.801643,-89.192268,0.014097,-0.999895,0.003462
4326,neutron,35.313770,2190.456959,-0.565926,-92.000000,-0.769178,101.168747,-111.599507,-0.361145,-0.912171,-0.193699
4097,gamma,154.647268,1004.266170,0.930522,-92.000000,0.406047,68.505313,-49.182093,0.608196,-0.704157,0.366415
4158,gamma,0.834615,102.076047,1.881053,-92.000000,1.616712,41.421299,-81.229792,0.100874,-0.653855,0.749865
4242,pi+,220.637588,1939.387604,0.668006,-92.000000,0.618485,69.952534,-42.861444,0.688588,-0.639012,0.342799
4159,neutron,19511.576325,304.249751,-2.331407,-92.000000,2.743110,90.000000,-90.000000,0.000000,-1.000000,0.000000
4160,neutron,19511.576325,0.000000,2.788300,-92.000000,-1.048389,90.000000,-90.000000,0.000000,-1.000000,0.000000
4161,neutron,14392.227200,102.031353,1.197280,-92.000000,-1.391677,90.245889,-89.198905,0.013981,-0.999893,-0.004292
4098,gamma,0.306158,1283.652196,2.023335,-92.000000,-0.518040,122.177943,-90.977015,-0.014432,-0.846275,-0.532550
4162,neutron,419.682308,2800.848588,-0.122468,-92.000000,1.078943,68.206060,-73.762653,0.259631,-0.891488,0.371270
4243,proton,1782.242708,1889.678309,2.378488,-92.000000,-1.745344,82.185822,-67.987791,0.371324,-0.918495,0.135961
4099,neutron,19407.744580,848.753681,0.005933,-92.000000,-2.583562,90.678424,-91.056847,-0.018443,-0.999760,-0.011840
4327,gamma,0.219142,2259.015666,2.039394,-92.000000,-0.375965,69.913218,-32.217889,0.794566,-0.500711,0.343443
4328,neutron,19510.662063,0.000000,0.557195,-92.000000,1.859223,90.363673,-89.637280,0.006330,-0.999960,-0.006347
4244,gamma,802.859879,2307.936463,-0.264242,-92.000000,-1.745571,89.206104,-80.577481,0.163698,-0.986413,0.013856
4245,neutron,19511.576325,77.406367,-0.129669,-92.000000,-2.539835,90.000000,-90.000000,0.000000,-1.000000,0.000000
4400,anti_nu_mu,519.948394,0.000000,-0.812498,-92.000000,-2.694560,92.318165,-91.273075,-0.022199,-0.998935,-0.040449
4331,neutron,19511.576325,0.000000,-0.179459,-92.000000,1.167378,90.000000,-90.000000,0.000000,-1.000000,0.000000
4401,mu-,254.712478,440.973994,-1.167748,-92.000000,1.721725,104.865645,-96.972542,-0.117331,-0.959382,-0.256553
4163,neutron,118.453220,2903.034768,0.390218,-92.000000,-2.433856,102.276826,-53.414429,0.582393,-0.784605,-0.212635
4246,pi+,3830.782232,2707.939641,-0.750403,-92.000000,2.748392,83.962263,-88.233346,0.030658,-0.993980,0.105183
4402,neutron,19511.576325,1601.531707,-1.467108,-92.000000,-0.139292,90.000000,-90.000000,0.000000,-1.000000,0.000000
4248,neutron,19511.576325,0.000000,0.083474,-92.000000,1.915876,90.000000,-90.000000,0.000000,-1.000000,0.000000
4333,neutron,0.656487,2610.676983,2.739697,-92.000000,0.074198,76.468129,-75.972465,0.235659,-0.943247,0.233986
4249,gamma,6.288255,3111.068310,-2.695372,-92.000000,-1.140506,80.731394,-83.596204,0.110079,-0.980786,0.161063
4334,neutron,1.219984,2164.121052,-0.764907,-92.000000,2.046052,64.269673,-113.125023,-0.353798,-0.828464,0.434136
4335,neutron,19511.576325,0.000000,-0.620299,-92.000000,0.807962,90.000000,-90.000000,0.000000,-1.000000,0.000000
4250,gamma,0.241894,197.236138,-1.654628,-92.000000,-1.653924,77.409309,-121.755185,-0.513635,-0.829857,0.217985
4251,neutron,19511.576325,63.719347,2.537442,-92.000000,-2.237041,90.000000,-90.000000,0.000000,-1.000000,0.000000
4167,pi+,738.401453,1229.799299,1.507125,-92.000000,-0.786107,64.387142,-94.917921,-0.077304,-0.898416,0.432288
4168,neutron,19511.576325,0.000000,-2.965768,-92.000000,-2.228574,90.000000,-90.000000,0.000000,-1.000000,0.000000
4336,neutron,864.725339,2542.724938,0.919509,-92.000000,0.571356,103.681847,-41.831774,0.723963,-0.648021,-0.236530
4337,neutron,19511.576325,416.478492,-0.352052,-92.000000,-1.442223,90.000000,-90.000000,0.000000,-1.000000,0.000000
4169,neutron,12906.492111,0.012604,1.743959,-92.000000,0.053064,90.052347,-87.966102,0.035491,-0.999370,-0.000914
4170,neutron,19511.576325,341.768348,2.205849,-92.000000,1.560309,90.000000,-90.000000,0.000000,-1.000000,0.000000
4252,gamma,0.105271,560.562037,-2.316066,-92.000000,2.266075,89.116338,-124.215699,-0.562243,-0.826828,0.015422
4338,neutron,19511.576325,2487.679780,-1.367086,-92.000000,-2.938597,90.000000,-90.000000,0.000000,-1.000000,0.000000
4405,anti_nu_mu,37.184628,3163.561621,-1.943377,-92.000000,-1.159169,102.546320,-142.157823,-0.770846,-0.598839,-0.217229
4171,neutron,0.975254,2514.635854,-1.581916,-92.000000,2.270423,89.606073,-78.982998,0.191096,-0.981547,0.006875
4406,gamma,220.752643,573.167914,2.788867,-92.000000,-2.555409,81.433860,-92.775284,-0.047879,-0.987685,0.148951
4253,neutron,19511.507198,3042.773945,2.570534,-92.000000,2.347229,89.835210,-89.965711,0.000598,-0.999996,0.002876
4254,gamma,0.250111,115.049380,-2.008458,-92.000000,2.097966,62.475894,-75.655821,0.219705,-0.859170,0.462122
4255,neutron,19511.576325,0.000000,0.214058,-92.000000,0.188413,90.000000,-90.000000,0.000000,-1.000000,0.000000
4256,neutron,31.291894,0.512845,-1.868119,-92.000000,-2.774314,139.964435,-120.652908,-0.327959,-0.553381,-0.765645
4257,neutron,19511.441000,0.000000,0.354250,-92.000000,2.284385,89.852983,-89.834214,0.002894,-0.999993,0.002566
4340,neutron,1384.120742,2084.085034,2.571256,-92.000000,-0.831216,90.455100,-85.152621,0.084499,-0.996392,-0.007943
4407,proton,6708.887973,88.650998,-0.788242,-92.000000,-1.068826,94.831348,-87.907561,0.036382,-0.995783,-0.084223
4408,neutron,19511.576325,0.000000,-1.045214,-92.000000,-0.135664,90.000000,-90.000000,0.000000,-1.000000,0.000000
4173,neutron,19511.576325,2242.681207,0.924758,-92.000000,-0.614246,90.000000,-90.000000,0.000000,-1.000000,0.000000
4341,neutron,19510.578674,1846.688265,-2.646097,-92.000000,1.943842,90.450065,-90.045901,-0.000801,-0.999969,-0.007855
4342,neutron,19511.526644,0.000000,2.898049,-92.000000,1.546557,89.899615,-89.891657,0.001891,-0.999997,0.001752
4409,gamma,5.824591,1566.343264,2.804981,-92.000000,-2.147163,85.901475,-47.608523,0.672468,-0.736667,0.071472
4410,neutron,19511.576325,259.217493,-1.843647,-92.000000,1.986674,90.000000,-90.000000,0.000000,-1.000000,0.000000
4258,gamma,4.192937,2181.192600,-0.090663,-92.000000,-0.300077,76.797301,-98.654767,-0.146503,-0.962482,0.228397
4411,neutron,19511.576325,42.107401,0.143519,-92.000000,-2.206583,90.000000,-90.000000,0.000000,-1.000000,0.000000
4412,proton,17349.808484,82.617255,-1.252660,-92.000000,1.871640,88.854598,-90.157573,-0.002750,-0.999796,0.019990
4259,e-,0.969929,2350.907362,1.035880,-92.000000,-0.134746,79.772957,-124.820791,-0.561939,-0.807899,0.177549
4175,proton,8705.298376,371.920822,2.601363,-92.000000,1.804538,88.433173,-88.868264,0.019744,-0.999431,0.027343
4344,neutron,19448.542654,0.211496,0.335908,-92.000000,-2.532895,90.865102,-89.926439,0.001284,-0.999885,-0.015098
4413,gamma,0.948937,1682.440831,2.442054,-92.000000,2.929115,42.651220,-72.932953,0.198850,-0.647696,0.735492
4260,neutron,19480.503581,932.230462,0.947385,-92.000000,1.622463,89.406059,-90.690086,-0.012043,-0.999874,0.010366
4261,neutron,19511.043438,240.235150,-1.994020,-92.000000,0.508268,90.352299,-89.972563,0.000479,-0.999981,-0.006149
4345,neutron,548.604414,2392.545354,0.213860,-92.000000,0.570792,60.044898,-100.864325,-0.163306,-0.850888,0.499321
4176,gamma,0.073850,1165.432977,0.245687,-92.000000,-2.526805,94.449949,-73.002793,0.291444,-0.953436,-0.077588
4177,neutron,19511.576325,0.000000,1.399819,-92.000000,-2.176214,90.000000,-90.000000,0.000000,-1.000000,0.000000
4414,neutron,9546.577768,2627.607072,-0.474979,-92.000000,-1.099912,91.391077,-89.272246,0.012698,-0.999625,-0.024276
4178,neutron,19511.576325,1169.407730,2.653235,-92.000000,-2.090499,90.000000,-90.000000,0.000000,-1.000000,0.000000
4179,neutron,19511.576325,0.000000,1.296648,-92.000000,-0.243326,90.000000,-90.000000,0.000000,-1.000000,0.000000
4262,gamma,0.276229,888.325590,1.663307,-92.000000,1.212485,93.140453,-34.298741,0.824870,-0.562662,-0.054784
4180,gamma,2755.392168,621.168166,-0.207775,-92.000000,0.798558,89.950027,-92.402237,-0.041915,-0.999121,0.000872
4181,neutron,19389.312039,452.653059,-2.892926,-92.000000,-2.114217,90.281141,-90.752218,-0.013128,-0.999902,-0.004907
4182,neutron,19511.115054,0.088123,2.226782,-92.000000,-2.125869,90.431607,-89.947364,0.000919,-0.999971,-0.007533
4183,neutron,19510.592350,776.374970,-2.163881,-92.000000,-1.096676,89.809363,-89.559283,0.007692,-0.999965,0.003327
4416,mu+,246.214588,865.049421,0.665878,-92.000000,1.168074,66.936648,-114.747984,-0.385168,-0.835571,0.391749
4417,neutron,19511.273118,0.000000,-0.376664,-92.000000,-1.889003,89.841381,-89.673211,0.005703,-0.999980,0.002768
4264,neutron,19511.576325,0.000000,-0.854387,-92.000000,2.172813,90.000000,-90.000000,0.000000,-1.000000,0.000000
4265,neutron,19510.678719,0.000000,-2.918519,-92.000000,2.364280,90.391815,-89.702078,0.005200,-0.999963,-0.006838
4347,neutron,19511.576325,0.000000,-0.457466,-92.000000,-1.698679,90.000000,-90.000000,0.000000,-1.000000,0.000000
4418,nu_mu,108.359755,2020.274738,2.682274,-92.000000,0.654571,96.642002,-80.693330,0.160633,-0.980213,-0.115665
4419,neutron,11586.692834,0.000000,-0.847369,-92.000000,0.239924,89.957437,-90.444524,-0.007758,-0.999970,0.000743
4348,proton,1555.569790,3353.170752,-0.640044,-92.000000,0.759686,97.030025,-99.586345,-0.165282,-0.978623,-0.122389
4420,neutron,19511.576325,976.086617,2.472724,-92.000000,1.343457,90.000000,-90.000000,0.000000,-1.000000,0.000000
4184,neutron,112.112214,3659.696616,-2.917752,-92.000000,-0.531924,105.286554,-143.674376,-0.777159,-0.571415,-0.263647
4421,pi+,1269.085806,714.125660,2.747324,-92.000000,0.382347,97.185195,-93.201694,-0.055412,-0.990598,-0.125077
4267,mu-,2660.503840,101.649929,0.683339,-92.000000,2.189878,84.567003,-89.427942,0.009939,-0.995458,0.094682
4268,gamma,0.141501,17.881738,1.572184,-92.000000,-1.429577,72.663678,-73.964671,0.263681,-0.917431,0.297980
4269,neutron,19511.576325,25.096748,0.253072,-92.000000,2.197548,90.000000,-90.000000,0.000000,-1.000000,0.000000
4185,anti_nu_mu,48.020915,806.152770,-2.831461,-92.000000,-1.152773,71.104481,-129.265356,-0.598806,-0.732501,0.323843
4422,gamma,1.963152,2142.506571,-2.513261,-92.000000,-2.566492,100.149634,-109.707804,-0.331946,-0.926692,-0.176220
4271,neutron,19511.576325,0.000000,0.991792,-92.000000,0.587342,90.000000,-90.000000,0.000000,-1.000000,0.000000
4186,gamma,2.975252,1560.382527,1.186269,-92.000000,1.995351,59.236392,-108.575794,-0.273733,-0.814519,0.511497
4349,gamma,1105.259204,1697.249867,-2.799051,-92.000000,-2.946494,93.783344,-90.167310,-0.002914,-0.997816,-0.065984
4272,gamma,0.379447,1466.457189,0.685874,-92.000000,-1.417342,66.681223,-92.044522,-0.032762,-0.917732,0.395846
4273,neutron,19511.110578,0.000000,2.521093,-92.000000,-1.064951,90.543627,-89.996115,0.000068,-0.999955,-0.009488
4274,gamma,0.636752,136.415234,-2.550698,-92.000000,-0.235242,67.396130,-70.812051,0.303421,-0.871897,0.384358
4275,neutron,19511.576325,0.029918,2.853898,-92.000000,-1.058762,90.000000,-90.000000,0.000000,-1.000000,0.000000
4276,neutron,19511.576325,0.057967,-1.892280,-92.000000,-2.438211,90.000000,-90.000000,0.000000,-1.000000,0.000000
4350,neutron,16.563468,1730.573702,0.444299,-92.000000,-1.944362,80.372471,-87.727754,0.039089,-0.985141,0.167242
4351,neutron,19511.576325,107.613703,0.252680,-92.000000,-2.886314,90.000000,-90.000000,0.000000,-1.000000,0.000000
4187,gamma,0.510999,4044.150064,1.781185,-92.000000,-0.978204,113.238454,-92.773075,-0.044455,-0.917795,-0.394559
4423,pi+,3562.405311,250.905094,1.869443,-92.000000,-0.516910,91.722232,-88.078972,0.033507,-0.998987,-0.030054
4188,gamma,0.510999,3317.667398,0.305903,-92.000000,-1.026284,67.769816,-48.683764,0.611142,-0.695251,0.378328
4352,neutron,1.480654,3269.314401,0.146606,-92.000000,-0.080316,84.375835,-73.804781,0.277568,-0.955694,0.098003
4353,neutron,19511.576325,0.000000,1.564773,-92.000000,0.464969,90.000000,-90.000000,0.000000,-1.000000,0.000000
4189,gamma,0.203733,247.044537,0.951939,-92.000000,1.317673,66.701859,-60.578547,0.451175,-0.800005,0.395516
4190,neutron,19511.257088,179.658374,-1.093158,-92.000000,0.419496,89.707665,-89.786972,0.003718,-0.999980,0.005102
4354,gamma,0.873463,791.211672,2.325558,-92.000000,2.887264,86.045978,-86.680221,0.057771,-0.995946,0.068956
4355,neutron,897.694251,397.576147,-1.318281,-92.000000,-0.887652,95.351967,-78.411339,0.200008,-0.975344,-0.093274
4278,neutron,100.850014,1691.587735,-1.321140,-92.000000,-0.909622,100.649184,-91.750490,-0.030021,-0.982318,-0.184795
4424,neutron,8.882051,1980.616174,1.503779,-92.000000,-2.067733,79.392260,-74.800692,0.257697,-0.948528,0.184084
4279,proton,18176.327191,109.520907,1.391564,-92.000000,2.641377,89.302751,-88.828138,0.020450,-0.999717,0.012169
4191,gamma,0.081591,51.302053,1.822373,-92.000000,-2.070033,66.766789,-123.029396,-0.500868,-0.770403,0.394475
4192,neutron,19511.576325,0.000000,-1.825354,-92.000000,-2.919693,90.000000,-90.000000,0.000000,-1.000000,0.000000
4425,neutron,96.391846,1063.948825,-0.116732,-92.000000,0.249061,55.351673,-56.086377,0.458995,-0.682706,0.568538
4193,kaon0L,5070.966405,965.752176,2.981086,-92.000000,-2.986647,92.925481,-79.966005,0.174005,-0.983421,-0.051037
4280,neutron,211.713789,1033.247378,-1.990870,-92.000000,1.844075,75.439078,-84.433328,0.093888,-0.963316,0.251409
4356,gamma,0.197609,2645.631995,1.535801,-92.000000,-2.443308,100.978213,-91.846042,-0.031624,-0.981190,-0.190436
4194,gamma,1.316455,1647.378934,-0.363911,-92.000000,1.835334,66.821033,-61.214725,0.442659,-0.805685,0.393604
4426,e-,0.577136,1899.079560,1.205116,-92.000000,2.203276,80.231046,-76.103220,0.236691,-0.956654,0.169676
4427,neutron,19511.503650,0.000000,-1.100823,-92.000000,-0.933667,89.898643,-89.852899,0.002567,-0.999995,0.001769
4428,neutron,144.107480,181.471819,0.921462,-92.000000,-1.301859,66.542317,-68.959294,0.329359,-0.856190,0.398072
4195,neutron,19510.808653,2035.278052,-2.862313,-92.000000,-1.321831,90.060091,-89.327492,0.011737,-0.999931,-0.001049
4357,neutron,0.000085,3056.748595,0.561189,-92.000000,-1.312009,85.481940,-82.998417,0.121518,-0.989459,0.078773
4429,neutron,19510.540059,1464.757535,1.749406,-92.000000,-0.632870,90.456517,-90.185525,-0.003238,-0.999963,-0.007968
4281,proton,111.713283,1741.376234,-2.418023,-92.000000,-0.594552,63.531546,-131.921844,-0.598084,-0.666065,0.445705
4196,pi+,5126.913587,1562.329959,1.266456,-92.000000,0.510609,90.321456,-94.349975,-0.075847,-0.997104,-0.005610
4430,neutron,19511.576325,1639.372634,2.355202,-92.000000,-2.397895,90.000000,-90.000000,0.000000,-1.000000,0.000000
4197,neutron,2.124762,841.035772,-0.370924,-92.000000,-2.235343,84.598014,-120.825530,-0.510150,-0.854918,0.094143
4198,neutron,19511.576325,0.000000,1.944840,-92.000000,2.368887,90.000000,-90.000000,0.000000,-1.000000,0.000000
4358,gamma,0.692249,799.185494,-2.963544,-92.000000,0.324392,132.985868,-97.030684,-0.089539,-0.726021,-0.681818
4283,neutron,19510.924926,1175.754879,2.820754,-92.000000,-1.843335,90.314488,-89.768190,0.004046,-0.999977,-0.005489
4360,neutron,19511.482072,0.430925,1.624496,-92.000000,-2.760320,89.860999,-90.003693,-0.000064,-0.999997,0.002426
4199,gamma,0.510999,1103.406333,1.102202,-92.000000,1.442683,97.188666,-62.095790,0.464316,-0.876785,-0.125137
4500,neutron,19509.966747,0.000000,-1.300793,-92.000000,-1.518216,89.615686,-90.167810,-0.002929,-0.999973,0.006707
4362,proton,19317.494522,121.730137,2.524296,-92.000000,-2.532536,90.335100,-90.162411,-0.002835,-0.999979,-0.005849
4285,neutron,19511.576325,350.349219,-2.751848,-92.000000,-2.728772,90.000000,-90.000000,0.000000,-1.000000,0.000000
4287,neutron,19510.470774,0.000000,0.800530,-92.000000,1.699500,90.662608,-89.561813,0.007647,-0.999904,-0.011564
4363,gamma,4.707910,772.856566,-0.574871,-92.000000,-1.503959,108.603982,-71.543566,0.300041,-0.898999,-0.319025
4364,neutron,19511.490152,0.000000,-0.193037,-92.000000,0.734685,89.979185,-90.186773,-0.003260,-0.999995,0.000363
4501,neutron,10788.465670,0.711624,1.795701,-92.000000,-1.578776,92.369703,-88.088555,0.033326,-0.998589,-0.041347
4365,mu+,4296.208789,84.373326,-0.211367,-92.000000,-1.198873,91.930085,-89.241191,0.013236,-0.999345,-0.033680
4366,neutron,19511.576325,0.000000,1.517892,-92.000000,-2.097064,90.000000,-90.000000,0.000000,-1.000000,0.000000
4502,gamma,0.113082,180.899765,0.011202,-92.000000,-1.301716,91.304146,-124.931481,-0.572448,-0.819625,-0.022760
4433,gamma,0.309860,2430.878634,0.567153,-92.000000,-1.265625,84.395380,-51.028112,0.625932,-0.773738,0.097663
4503,pi+,269.047041,1377.399078,1.851487,-92.000000,0.803879,103.348610,-58.431007,0.509381,-0.828992,-0.230875
4504,neutron,19511.576325,589.366465,2.447189,-92.000000,-0.155920,90.000000,-90.000000,0.000000,-1.000000,0.000000
4505,neutron,19511.466700,785.501071,1.190983,-92.000000,-2.252269,90.158974,-90.020353,-0.000355,-0.999996,-0.002775
4506,neutron,19511.576325,414.360725,1.202434,-92.000000,-1.790617,90.000000,-90.000000,0.000000,-1.000000,0.000000
4367,neutron,61.277952,1886.468148,0.044973,-92.000000,1.146669,112.847286,-57.546096,0.494519,-0.777620,-0.388276
4288,neutron,146.638507,5662.053235,-1.000847,-92.000000,-2.222900,107.069770,-97.738011,-0.128712,-0.947243,-0.293536
4434,gamma,4.929854,2249.139213,1.604300,-92.000000,-2.147528,99.166931,-94.276989,-0.073626,-0.984479,-0.159311
4435,neutron,19511.576325,0.218703,-0.405475,-92.000000,1.097093,90.000000,-90.000000,0.000000,-1.000000,0.000000
4508,neutron,19511.576325,0.213431,-2.008153,-92.000000,1.151781,90.000000,-90.000000,0.000000,-1.000000,0.000000
4509,neutron,19511.576325,0.000000,-1.005165,-92.000000,0.057554,90.000000,-90.000000,0.000000,-1.000000,0.000000
4368,gamma,0.216391,1797.473229,-2.893467,-92.000000,-1.127049,106.909016,-97.336789,-0.122181,-0.948934,-0.290853
4369,neutron,19511.384243,0.146252,0.647007,-92.000000,-0.492170,90.069020,-90.200611,-0.003501,-0.999993,-0.001205
4289,proton,4404.937810,2669.191341,-2.762669,-92.000000,2.547431,94.689147,-92.239245,-0.038941,-0.995892,-0.081750
4290,neutron,19511.576325,0.000000,-2.748441,-92.000000,0.803952,90.000000,-90.000000,0.000000,-1.000000,0.000000
4436,gamma,0.067243,1297.741832,-2.994809,-92.000000,-2.723508,133.356161,-89.932464,0.000857,-0.727100,-0.686531
4437,neutron,19477.005334,0.000000,0.768344,-92.000000,1.529054,89.910764,-89.746789,0.004419,-0.999989,0.001557
4510,neutron,19511.576325,2411.374655,-1.112970,-92.000000,-1.321138,90.000000,-90.000000,0.000000,-1.000000,0.000000
4370,pi+,682.396888,3761.534246,1.744464,-92.000000,-1.406211,114.426420,-86.950036,0.048444,-0.909203,-0.413524
4292,proton,19273.168037,2782.461839,1.794778,-92.000000,2.919344,91.372854,-89.901003,0.001727,-0.999711,-0.023959
4438,neutron,2.120234,1055.136218,-1.710300,-92.000000,-1.559617,81.046220,-70.947870,0.322450,-0.933704,0.155638
4293,neutron,2.550263,601.551611,0.400398,-92.000000,0.456628,94.289359,-128.115155,-0.615515,-0.784568,-0.074794
4439,neutron,19511.576325,715.375930,0.747988,-92.000000,-0.288774,90.000000,-90.000000,0.000000,-1.000000,0.000000
4511,pi-,3455.960640,2315.885200,-1.402725,-92.000000,-0.820053,86.149438,-93.067231,-0.053387,-0.996313,0.067154
4512,neutron,1.200006,98.505341,-1.239126,-92.000000,-1.159098,92.323902,-64.728119,0.426563,-0.903548,-0.040549
4294,gamma,34.326667,1504.903332,2.864086,-92.000000,1.230789,112.633853,-59.040657,0.474810,-0.791488,-0.384841
4295,neutron,19501.209607,0.020004,-0.739761,-92.000000,1.305020,91.027164,-88.827163,0.020465,-0.999630,-0.017926
4372,neutron,0.000078,2336.366626,0.265760,-92.000000,-1.473387,102.174149,-63.369875,0.438149,-0.873815,-0.210884
4296,neutron,26.996659,2108.599900,0.506533,-92.000000,1.841626,70.388056,-56.215595,0.523810,-0.782920,0.335648
4440,gamma,0.259498,3296.192733,-2.357454,-92.000000,1.537498,104.698401,-120.376029,-0.489125,-0.834492,-0.253731
4373,proton,11224.944120,2519.028686,-2.503390,-92.000000,0.444381,89.847117,-89.825596,0.003044,-0.999992,0.002668
4441,neutron,19511.576325,4018.720467,-1.920089,-92.000000,2.042956,90.000000,-90.000000,0.000000,-1.000000,0.000000
4514,neutron,0.000002,1623.590051,2.298217,-92.000000,-0.170077,83.262836,-91.715283,-0.029726,-0.992650,0.117315
4515,neutron,19511.576325,0.594885,-1.515394,-92.000000,0.221672,90.000000,-90.000000,0.000000,-1.000000,0.000000
4374,gamma,0.910196,1488.091289,2.782927,-92.000000,-1.731704,120.109504,-81.701277,0.124859,-0.856010,-0.501654
4375,neutron,19511.576325,0.000000,2.364759,-92.000000,-1.905200,90.000000,-90.000000,0.000000,-1.000000,0.000000
4516,neutron,19511.576325,1.124507,0.785444,-92.000000,-2.340955,90.000000,-90.000000,0.000000,-1.000000,0.000000
4297,gamma,0.305295,1510.715682,1.841385,-92.000000,-2.732065,105.352570,-41.151179,0.726106,-0.634566,-0.264758
4517,gamma,0.284334,862.259655,-2.155140,-92.000000,1.058496,61.524162,-141.492266,-0.687853,-0.547295,0.476788
4518,e+,127.979062,525.210918,-2.691861,-92.000000,-1.086788,98.207610,-91.505281,-0.026000,-0.989416,-0.142760
4299,proton,700.992400,2090.826676,-2.092239,-92.000000,1.957626,103.060772,-81.405831,0.145569,-0.963193,-0.225984
4376,gamma,2.146068,4514.542407,0.537648,-92.000000,-0.192144,76.334536,-88.769741,0.020863,-0.971468,0.236252
4519,neutron,19511.154427,686.320170,-1.355985,-92.000000,0.808615,90.012916,-90.314154,-0.005483,-0.999985,-0.000225
4377,gamma,4.216714,1382.736839,1.576838,-92.000000,-2.336522,139.596155,-55.457496,0.367524,-0.533902,-0.761495
4378,proton,17007.196206,360.754187,2.550697,-92.000000,-1.197407,89.740132,-88.784800,0.021207,-0.999765,0.004536
4520,gamma,0.130309,1970.651387,0.565527,-92.000000,0.391123,84.181145,-41.748110,0.742235,-0.662426,0.101384
4443,neutron,1.732716,4212.779376,-0.104234,-92.000000,1.508352,49.797436,-82.137285,0.104483,-0.756587,0.645492
4379,neutron,19511.576325,2715.315242,0.975097,-92.000000,-0.397078,90.000000,-90.000000,0.000000,-1.000000,0.000000
4600,neutron,0.149266,3979.209907,0.955823,-92.000000,1.969325,100.283870,-80.867665,0.156166,-0.971463,-0.178525
4444,proton,15339.330848,383.196768,0.348909,-92.000000,2.659403,90.235270,-91.560819,-0.027238,-0.999621,-0.004106
4445,gamma,0.307811,623.430504,-2.999455,-92.000000,2.948713,75.905261,-112.478772,-0.370830,-0.896203,0.243526
4380,neutron,6256.379613,2263.268418,0.339326,-92.000000,-0.035515,88.879385,-87.428449,0.044858,-0.998802,0.019557
4446,mu+,171.018285,619.816174,-1.886208,-92.000000,-2.748941,91.755488,-142.735485,-0.795475,-0.605211,-0.030634
4447,neutron,19168.816386,0.298599,2.514990,-92.000000,-1.273468,92.361914,-88.422500,0.027506,-0.998772,-0.041212
4521,gamma,0.801370,3991.057581,-1.982122,-92.000000,-0.393037,81.025941,-100.730671,-0.183913,-0.970486,0.155987
4603,neutron,19511.258578,0.000000,2.120684,-92.000000,0.280968,90.144920,-89.659963,0.005935,-0.999979,-0.002529
4382,gamma,0.510999,1351.475967,-0.350774,-92.000000,1.665176,110.809156,-67.263510,0.361282,-0.862130,-0.355256
4383,neutron,19511.576325,437.822359,1.563223,-92.000000,2.281287,90.000000,-90.000000,0.000000,-1.000000,0.000000
4605,neutron,1277.127559,636.913086,2.563135,-92.000000,1.227747,79.047394,-91.351693,-0.023160,-0.981511,0.189997
4522,pi+,1268.918653,3231.690040,-0.914339,-92.000000,0.261574,88.268222,-77.754147,0.212010,-0.976800,0.030221
4606,neutron,19511.576325,547.976629,-1.494522,-92.000000,-0.589173,90.000000,-90.000000,0.000000,-1.000000,0.000000
4607,neutron,19511.576325,0.000000,1.503181,-92.000000,1.817420,90.000000,-90.000000,0.000000,-1.000000,0.000000
4523,neutron,167.360660,0.000000,-2.465552,-92.000000,-1.505879,77.551604,-80.557123,0.160207,-0.963259,0.215560
4524,neutron,19511.576325,0.000000,-2.733371,-92.000000,1.659326,90.000000,-90.000000,0.000000,-1.000000,0.000000
4525,neutron,22.833063,4.331674,-1.331611,-92.000000,1.796166,87.473267,-64.820258,0.425046,-0.904098,0.044086
4526,pi+,7383.148002,761.099899,0.114809,-92.000000,-2.813542,90.145329,-87.342689,0.046362,-0.998921,-0.002536
4449,gamma,0.671041,1863.063288,0.627457,-92.000000,-2.823621,119.955372,-99.757672,-0.146841,-0.853880,-0.499325
4609,neutron,19510.770974,0.000000,0.799251,-92.000000,-1.226003,89.538467,-89.657839,0.005972,-0.999950,0.008055
4610,neutron,19511.576325,0.000000,-0.763424,-92.000000,-2.097068,90.000000,-90.000000,0.000000,-1.000000,0.000000
4611,neutron,19511.576325,363.342516,2.007232,-92.000000,2.538849,90.000000,-90.000000,0.000000,-1.000000,0.000000
4385,neutron,19511.576325,0.000000,-0.013270,-92.000000,0.062416,90.000000,-90.000000,0.000000,-1.000000,0.000000
4527,pi+,252.371678,1664.140760,-0.744149,-92.000000,2.001402,68.754752,-122.592118,-0.502047,-0.785267,0.362361
4528,neutron,24.659927,563.300396,-0.620715,-92.000000,2.416967,44.770258,-79.045438,0.133832,-0.691433,0.709936
4612,gamma,3.210808,1128.891351,2.832371,-92.000000,-0.442723,74.181969,-30.384056,0.829988,-0.486640,0.272583
4613,neutron,19319.829802,0.000000,2.470854,-92.000000,2.671675,90.666668,-88.358905,0.028637,-0.999522,-0.011635
4614,neutron,19511.576325,3.098230,1.198945,-92.000000,1.868137,90.000000,-90.000000,0.000000,-1.000000,0.000000
4450,pi+,2958.471784,2590.733762,1.883266,-92.000000,-1.333699,85.235997,-90.830310,-0.014441,-0.996441,0.083052
4386,gamma,0.107990,1291.311503,-1.327316,-92.000000,-1.753617,79.489357,-134.015929,-0.683199,-0.707080,0.182418
4451,neutron,19511.576325,116.156011,-2.714066,-92.000000,-0.595940,90.000000,-90.000000,0.000000,-1.000000,0.000000
4529,neutron,4.834627,1497.461741,2.800802,-92.000000,-1.479558,65.584658,-78.137727,0.187177,-0.891127,0.413348
4387,neutron,1.697119,2442.749128,-2.036995,-92.000000,-2.736779,91.785486,-74.890272,0.260542,-0.964960,-0.031158
4615,gamma,2.082089,2582.238506,-2.150431,-92.000000,2.246592,88.094156,-129.043743,-0.629565,-0.776236,0.033257
4388,neutron,11.633722,533.939386,0.488906,-92.000000,2.250222,69.269252,-127.673778,-0.571595,-0.740257,0.353977
4452,neutron,0.000867,2678.676498,1.684812,-92.000000,-2.420136,100.338809,-103.430333,-0.228492,-0.956861,-0.179469
4530,neutron,6.412844,899.742769,0.976541,-92.000000,-1.218571,98.723234,-68.336082,0.364891,-0.918615,-0.151662
4531,neutron,19511.576325,0.000000,0.730021,-92.000000,0.504124,90.000000,-90.000000,0.000000,-1.000000,0.000000
4532,neutron,0.000019,393.879049,-2.043535,-92.000000,-2.307896,100.845551,-116.875253,-0.443975,-0.876060,-0.188162
4389,gamma,0.120394,1230.659541,-2.759465,-92.000000,-0.980555,57.141160,-90.106376,-0.001560,-0.840008,0.542571
4454,neutron,19511.576325,0.000000,2.285210,-92.000000,-0.010175,90.000000,-90.000000,0.000000,-1.000000,0.000000
4390,gamma,388.478092,1220.923322,-0.322157,-92.000000,2.408148,84.661029,-57.446445,0.535753,-0.839232,0.093048
4616,gamma,1417.684910,3983.691234,1.068594,-92.000000,-1.881458,98.671599,-90.667238,-0.011512,-0.988502,-0.150771
4617,neutron,19511.576325,0.000000,2.606542,-92.000000,1.993954,90.000000,-90.000000,0.000000,-1.000000,0.000000
4618,gamma,2.990360,2.990360,1.029174,-92.000000,1.296643,47.569497,-44.740578,0.524271,-0.519544,0.674695
4534,neutron,19511.576325,0.000000,-0.474712,-92.000000,-2.322850,90.000000,-90.000000,0.000000,-1.000000,0.000000
4391,neutron,19511.576325,2090.511557,1.182147,-92.000000,-1.020608,90.000000,-90.000000,0.000000,-1.000000,0.000000
4455,proton,5958.299297,2646.570490,-0.769706,-92.000000,-1.120821,85.777693,-89.561437,0.007634,-0.997257,0.073626
4456,neutron,19511.576325,184.462918,2.206838,-92.000000,-1.376487,90.000000,-90.000000,0.000000,-1.000000,0.000000
4457,neutron,19511.576325,1247.494131,-0.441343,-92.000000,0.944827,90.000000,-90.000000,0.000000,-1.000000,0.000000
4535,neutron,6152.317116,788.321119,-2.913814,-92.000000,1.585498,91.959947,-97.389188,-0.128533,-0.991115,-0.034201
4619,pi+,1484.716839,1479.498981,2.694038,-92.000000,0.963846,83.967729,-91.150958,-0.019975,-0.994262,0.105089
4536,neutron,30.055346,550.361850,-1.091494,-92.000000,-0.800616,127.459916,-130.635212,-0.516941,-0.602376,-0.608206
4537,proton,15397.182666,422.900723,-0.686231,-92.000000,2.765593,91.365813,-90.952345,-0.016616,-0.999578,-0.023836
4620,proton,8908.268378,1958.359198,-0.620871,-92.000000,-1.577740,90.356202,-89.388835,0.010666,-0.999924,-0.006217
4621,neutron,19511.411109,0.000000,-2.159173,-92.000000,1.326574,90.022548,-89.740760,0.004525,-0.999990,-0.000394
4392,neutron,0.483969,1186.511786,0.507068,-92.000000,-0.804918,70.674878,-123.575130,-0.521870,-0.786218,0.330928
4393,neutron,19511.576325,0.000000,1.986259,-92.000000,1.929137,90.000000,-90.000000,0.000000,-1.000000,0.000000
4458,neutron,73.435811,4259.024679,2.848160,-92.000000,1.319776,63.986330,-57.322638,0.485209,-0.756449,0.438586
4622,neutron,6398.954239,2096.087751,-1.021337,-92.000000,1.890889,91.440241,-85.519087,0.078102,-0.996628,-0.025134
4623,neutron,19511.576325,0.000000,2.579453,-92.000000,-2.702360,90.000000,-90.000000,0.000000,-1.000000,0.000000
4394,pi-,1476.393146,2398.655367,-1.963476,-92.000000,-0.808997,86.457344,-85.868631,0.071906,-0.995496,0.061792
4459,gamma,0.517494,2404.619089,-2.227955,-92.000000,-0.946220,119.883141,-131.850374,-0.578481,-0.645852,-0.498233
4538,nu_e,40.035272,4188.246293,-2.179895,-92.000000,-0.681586,72.828978,-145.841332,-0.790603,-0.536460,0.295225
4624,pi+,1094.220419,1101.364262,2.400497,-92.000000,2.845443,89.589471,-84.250595,0.100175,-0.994944,0.007165
4625,neutron,19511.554032,107.000378,-1.414555,-92.000000,2.697574,90.021469,-90.069012,-0.001204,-0.999999,-0.000375
4626,neutron,19511.576325,0.000000,1.688307,-92.000000,-2.128006,90.000000,-90.000000,0.000000,-1.000000,0.000000
4460,proton,9078.128887,1921.284854,-1.625684,-92.000000,0.063510,86.935856,-90.579540,-0.010100,-0.998519,0.053454
4539,proton,477.028526,2045.229436,0.318608,-92.000000,2.744493,83.898515,-70.665176,0.329212,-0.938255,0.106290
4540,neutron,19511.576325,0.000000,2.486919,-92.000000,-0.588668,90.000000,-90.000000,0.000000,-1.000000,0.000000
4541,neutron,19511.576325,0.000000,1.282884,-92.000000,0.365242,90.000000,-90.000000,0.000000,-1.000000,0.000000
4395,pi-,1378.750821,1879.275782,-1.626490,-92.000000,-0.924946,102.778109,-89.220727,0.013264,-0.975144,-0.221176
4461,gamma,0.854293,771.053529,-0.620750,-92.000000,0.949508,81.737711,-153.211038,-0.883407,-0.446028,0.143705
4627,neutron,0.000602,2677.177165,2.975456,-92.000000,-2.764692,104.540461,-79.240637,0.180705,-0.950954,-0.251064
4396,gamma,0.113525,301.611652,-1.653155,-92.000000,-2.425386,92.577362,-113.674259,-0.401130,-0.914917,-0.044968
4462,gamma,3.193341,650.323340,1.146545,-92.000000,2.068323,59.650474,-102.982740,-0.193870,-0.840900,0.505274
4628,neutron,19511.576325,548.646309,-0.933571,-92.000000,-0.945906,90.000000,-90.000000,0.000000,-1.000000,0.000000
4629,neutron,19511.576325,0.000000,0.278504,-92.000000,-1.014871,90.000000,-90.000000,0.000000,-1.000000,0.000000
4463,neutron,0.022507,1587.428984,-0.199521,-92.000000,1.520832,70.019952,-134.077212,-0.653758,-0.675164,0.341693
4543,gamma,0.993465,2123.079979,-0.167286,-92.000000,-2.981878,94.927356,-56.251381,0.553497,-0.828410,-0.085893
4544,neutron,19511.576325,0.000000,1.880280,-92.000000,-0.771590,90.000000,-90.000000,0.000000,-1.000000,0.000000
4464,neutron,19511.576325,733.207318,-2.186819,-92.000000,1.634538,90.000000,-90.000000,0.000000,-1.000000,0.000000
4397,pi+,1821.593838,3216.907089,2.569680,-92.000000,-1.242441,91.346782,-97.612483,-0.132436,-0.990913,-0.023504
4398,neutron,18284.283178,0.000000,1.427765,-92.000000,0.177530,89.157343,-89.065438,0.016309,-0.999759,0.014707
4630,gamma,0.050782,425.252880,1.751487,-92.200000,-2.777557,64.770137,68.986699,0.324377,0.844446,0.426251
4465,gamma,123.387369,2176.257215,-0.550470,-92.000000,2.563265,70.625534,-64.493657,0.406226,-0.851427,0.331741
4545,neutron,58.856512,2424.885675,1.564061,-92.000000,0.351395,94.861667,-104.152965,-0.243632,-0.966158,-0.084750
4466,neutron,19511.576325,152.644169,-0.699147,-92.000000,0.887294,90.000000,-90.000000,0.000000,-1.000000,0.000000
4631,deuteron,160.224775,798.519123,2.978318,-92.000000,0.565075,103.800296,-88.596073,0.023793,-0.970842,-0.238538
4700,neutron,19510.758952,0.000000,1.835097,-92.000000,1.171205,89.932017,-89.567669,0.007546,-0.999971,0.001187
4467,neutron,19229.130563,3143.323797,2.447407,-92.000000,-1.433859,89.238207,-88.979459,0.017809,-0.999753,0.013295
4546,neutron,1.185112,2892.153995,0.978840,-92.000000,0.297070,88.105688,-42.876732,0.732419,-0.680051,0.033056
4547,neutron,6.075228,0.749393,1.261748,-92.000000,-2.298202,119.571369,-95.933549,-0.089910,-0.865082,-0.493507
4701,neutron,19511.576325,1002.676153,2.575646,-92.000000,-1.253138,90.000000,-90.000000,0.000000,-1.000000,0.000000
4632,neutron,138.641828,2661.474908,-1.457482,-92.000000,1.785243,41.400770,-94.433422,-0.051121,-0.659343,0.750102
4468,pi-,3031.936950,3493.647101,2.399646,-92.000000,0.660223,95.317505,-88.450164,0.026930,-0.995332,-0.092675
4633,gamma,0.112974,2786.506885,-2.323098,-92.000000,-0.980230,94.352381,-96.686232,-0.116096,-0.990334,-0.075890
4469,nu_mu,92.292171,0.000000,0.483823,-92.000000,-2.987455,93.148079,-87.176989,0.049177,-0.997279,-0.054917
4548,gamma,0.092741,3791.591207,-0.525180,-92.000000,0.791425,62.211004,-85.278845,0.072814,-0.881669,0.466217
4549,pi-,5970.287928,2118.947669,-1.903529,-92.000000,0.877701,86.834445,-92.138210,-0.037253,-0.997779,0.055221
4550,neutron,2.885887,745.450271,-1.802614,-92.000000,1.451062,59.105035,-67.365701,0.330242,-0.792018,0.513466
4635,proton,133.865572,447.629653,-1.453928,-92.000000,1.759176,61.667770,-67.406302,0.338171,-0.812657,0.474583
4470,pi+,627.763931,957.277086,2.449309,-92.000000,-1.083537,81.559746,-58.237213,0.520702,-0.841026,0.146778
4703,neutron,19511.260009,0.000000,-2.313351,-92.000000,-2.611032,89.640342,-90.017002,-0.000297,-0.999980,0.006277
4704,neutron,0.020955,1.608631,0.006851,-92.000000,0.773393,105.133204,-127.469359,-0.587241,-0.766155,-0.261064
4471,e+,10.353688,1382.224014,0.195854,-92.000000,0.415413,89.763026,-95.909060,-0.102949,-0.994678,0.004136
4705,neutron,19511.576325,2250.523976,-2.226209,-92.000000,1.307419,90.000000,-90.000000,0.000000,-1.000000,0.000000
4706,neutron,19508.573954,0.000000,1.057867,-92.000000,1.541854,90.891949,-89.340314,0.011512,-0.999813,-0.015567
4472,mu-,36.801779,1833.594264,-2.211491,-92.000000,-0.100793,54.952050,-104.607753,-0.206469,-0.792208,0.574262
4551,gamma,27.956618,2991.127779,1.424302,-92.000000,-1.255418,90.782112,-91.498522,-0.026149,-0.999565,-0.013650
4552,neutron,19511.525017,0.124623,0.775136,-92.000000,2.400011,90.064579,-89.911390,0.001547,-0.999998,-0.001127
4473,neutron,19511.576325,1094.538168,-2.336757,-92.000000,-0.833667,90.000000,-90.000000,0.000000,-1.000000,0.000000
4637,neutron,16691.436875,0.000000,-1.120316,-92.000000,1.943617,91.259728,-89.357384,0.011213,-0.999695,-0.021985
4707,gamma,1.348995,1356.714597,0.228149,-92.000000,2.015714,91.258078,-62.519431,0.461337,-0.886954,-0.021956
4474,neutron,11578.183580,0.000000,-2.608996,-92.000000,-0.755038,89.935933,-89.752347,0.004322,-0.999990,0.001118
4638,neutron,19511.576325,1292.908052,0.862922,-92.000000,-1.839824,90.000000,-90.000000,0.000000,-1.000000,0.000000
4553,neutron,19511.576325,2894.004843,2.570966,-92.000000,-2.792954,90.000000,-90.000000,0.000000,-1.000000,0.000000
4554,neutron,19511.323100,0.000000,2.912903,-92.000000,-2.551781,89.814333,-89.736728,0.004595,-0.999984,0.003241
4555,neutron,19511.576325,0.000000,2.762361,-92.000000,-1.945837,90.000000,-90.000000,0.000000,-1.000000,0.000000
4708,neutron,19511.576325,1872.754912,2.900789,-92.000000,-1.273988,90.000000,-90.000000,0.000000,-1.000000,0.000000
4556,gamma,0.137313,1945.731361,0.594738,-92.000000,0.381343,118.588062,-111.371853,-0.319990,-0.817701,-0.478509
4476,neutron,19510.713728,0.000000,2.507070,-92.000000,0.401880,90.448832,-90.026059,-0.000455,-0.999969,-0.007834
4709,kaon0L,1677.299109,2304.674229,2.509119,-92.000000,0.631131,89.491020,-95.545916,-0.096640,-0.995280,0.008883
4557,neutron,47.750870,1131.746208,2.338155,-92.000000,-1.753294,125.491343,-59.159088,0.417406,-0.699070,-0.580580
4639,neutron,501.082211,3878.678619,1.917621,-92.000000,-1.361699,124.365137,-61.845836,0.389488,-0.727790,-0.564465
4640,neutron,19510.934142,0.001622,-2.992510,-92.000000,-1.128925,90.208295,-90.468849,-0.008183,-0.999960,-0.003635
4641,neutron,19511.576325,0.086319,-0.693941,-92.000000,2.841480,90.000000,-90.000000,0.000000,-1.000000,0.000000
4642,proton,19030.284796,88.504367,0.901939,-92.000000,2.255691,90.375202,-90.361289,-0.006306,-0.999959,-0.006548
4643,neutron,19511.521424,0.000000,2.308460,-92.000000,-1.042698,89.988563,-89.850433,0.002610,-0.999997,0.000200
4710,neutron,19511.398401,573.397434,-0.491291,-92.000000,-2.742214,90.115585,-90.168318,-0.002938,-0.999994,-0.002017
4558,e-,1.905159,1520.727927,0.281942,-92.000000,2.590202,34.908929,-32.011802,0.485253,-0.303359,0.820063
4559,He3,41.819646,586.454113,-1.050550,-92.000000,0.727028,86.585109,-168.709177,-0.978905,-0.195441,0.059566
4560,neutron,19511.562114,0.000000,-0.347775,-92.000000,2.858137,89.940485,-89.930881,0.001206,-0.999999,0.001039
4561,neutron,19511.500953,0.063394,1.214882,-92.000000,0.020314,90.115380,-89.934058,0.001151,-0.999997,-0.002014
4562,gamma,2014.678496,890.230811,-2.773864,-92.000000,-0.620041,82.274108,-94.019108,-0.069453,-0.988486,0.134434
4645,neutron,19511.576325,493.651186,-1.840575,-92.000000,-0.887349,90.000000,-90.000000,0.000000,-1.000000,0.000000
4477,gamma,0.141800,1231.964110,-2.865127,-92.000000,-1.037329,78.554260,-142.991177,-0.782662,-0.589967,0.198440
4478,neutron,19511.395173,0.000000,-2.464133,-92.000000,0.182188,89.836941,-90.125933,-0.002198,-0.999994,0.002846
4479,neutron,19511.576325,0.000000,1.396016,-92.000000,1.567247,90.000000,-90.000000,0.000000,-1.000000,0.000000
4711,pi-,943.035150,3211.946051,-0.926466,-92.000000,-0.549091,124.969972,-89.059568,0.013450,-0.819342,-0.573147
4481,neutron,19511.402356,0.000000,0.913146,-92.000000,-2.636552,90.154608,-89.870152,0.002266,-0.999994,-0.002698
4563,neutron,19342.870764,1418.405808,-0.636304,-92.000000,-0.090792,90.813735,-90.756067,-0.013194,-0.999812,-0.014202
4564,gamma,3.289334,3.394015,-2.792398,-92.000000,-1.883751,84.623130,-122.730966,-0.538316,-0.837517,0.093706
4646,neutron,19511.127295,1467.400834,1.670136,-92.000000,2.419964,89.720345,-90.164349,-0.002868,-0.999984,0.004881
4712,gamma,1.151419,2068.007528,-2.782337,-92.000000,-1.126558,67.683419,-123.956654,-0.516729,-0.767334,0.379724
4713,neutron,19511.399672,0.000000,1.606709,-92.000000,2.421570,89.796599,-90.004605,-0.000080,-0.999994,0.003550
4715,gamma,0.139667,63.110348,1.674730,-92.000000,-1.570123,118.076690,-88.790133,0.018630,-0.882122,-0.470653
4482,gamma,29.857319,3015.713855,-1.796477,-92.000000,0.564939,81.176018,-113.734164,-0.397730,-0.904588,0.153399
4565,mu-,323.951900,3016.188210,2.930888,-92.000000,-0.071673,86.061907,-63.360222,0.447321,-0.891733,0.068679
4483,neutron,18936.139422,0.047340,-2.813953,-92.000000,-0.611638,89.979813,-92.868194,-0.050039,-0.998747,0.000352
4647,gamma,5.523788,2547.865346,-1.393905,-92.000000,0.586698,80.301866,-80.183086,0.168064,-0.971276,0.168457
4716,neutron,19511.570073,3211.542996,0.785447,-92.000000,-0.098532,89.972246,-89.958759,0.000720,-1.000000,0.000484
4648,neutron,19511.576325,441.086118,1.186885,-92.000000,-1.986864,90.000000,-90.000000,0.000000,-1.000000,0.000000
4649,neutron,19511.576325,0.000000,0.568287,-92.000000,-0.591672,90.000000,-90.000000,0.000000,-1.000000,0.000000
4566,e+,193.743424,1663.908563,1.530490,-92.000000,-1.994980,77.511154,-59.220049,0.499633,-0.838810,0.216250
4717,gamma,0.157913,1844.106994,0.554908,-92.000000,-1.837431,97.122448,-59.909433,0.497499,-0.858557,-0.123990
4650,neutron,19511.575121,3610.279968,2.563985,-92.000000,-1.920264,90.016510,-89.996892,0.000054,-1.000000,-0.000288
4567,proton,1963.615191,1846.373707,0.499215,-92.000000,0.173021,73.949544,-102.861887,-0.213924,-0.936906,0.276484
4651,neutron,19511.576325,0.000000,0.141212,-92.000000,-1.670820,90.000000,-90.000000,0.000000,-1.000000,0.000000
4718,proton,9429.805222,111.830785,-0.699445,-92.000000,-2.038114,91.266270,-91.938447,-0.033818,-0.999184,-0.022099
4719,neutron,19511.576325,531.868454,0.188842,-92.000000,-1.894802,90.000000,-90.000000,0.000000,-1.000000,0.000000
4484,gamma,0.167131,5782.786890,-2.840290,-92.000000,2.385238,77.814644,-118.767422,-0.470413,-0.856831,0.211075
4568,gamma,0.217415,1067.318673,1.139193,-92.000000,1.929887,116.933086,-131.354139,-0.589048,-0.669223,-0.452950
4720,gamma,0.474735,702.863012,-0.752503,-92.000000,-2.128666,142.879861,-126.693731,-0.360607,-0.483902,-0.797372
4485,proton,12308.828340,1383.715309,0.980443,-92.000000,-1.703403,89.598247,-89.246786,0.013145,-0.999889,0.007012
4721,neutron,19.001164,629.314949,1.724603,-92.000000,-2.781998,95.484904,-86.254165,0.065031,-0.993295,-0.095583
4486,neutron,19511.576325,1309.312396,-1.808810,-92.000000,-2.752152,90.000000,-90.000000,0.000000,-1.000000,0.000000
4487,neutron,13919.364444,474.676807,0.148707,-92.000000,-0.421210,90.290389,-88.421943,0.027538,-0.999608,-0.005068
4722,pi+,153.983316,1482.836725,0.410037,-92.000000,0.468521,119.538140,-102.613333,-0.189988,-0.849030,-0.493003
4653,gamma,1.742392,63.104515,-0.607678,-92.000000,-2.304271,84.437214,-92.878123,-0.049975,-0.994035,0.096936
4654,neutron,19511.576325,0.000000,0.934825,-92.000000,0.303037,90.000000,-90.000000,0.000000,-1.000000,0.000000
4488,mu-,2574.619359,92.923270,2.216548,-92.000000,1.325017,89.011270,-89.426197,0.010013,-0.999801,0.017256
4724,neutron,19511.576325,1508.456206,-0.155703,-92.000000,-1.831851,90.000000,-90.000000,0.000000,-1.000000,0.000000
4725,neutron,19391.382011,0.000000,-2.193533,-92.000000,1.523420,91.490119,-90.026403,-0.000461,-0.999662,-0.026005
4570,neutron,0.488236,4041.688738,0.274340,-92.000000,0.921310,104.940058,-103.996272,-0.233683,-0.937511,-0.257808
4571,neutron,19511.576325,1987.479273,-0.421572,-92.000000,2.162687,90.000000,-90.000000,0.000000,-1.000000,0.000000
4489,neutron,764.851857,3358.224329,-0.844481,-92.000000,-1.597158,89.773035,-101.384915,-0.197398,-0.980315,0.003961
4655,neutron,67.941377,4030.762080,-2.794132,-92.000000,-1.160829,125.636586,-128.629705,-0.507374,-0.634901,-0.582642
4490,neutron,19511.199617,1196.319842,1.716402,-92.000000,1.643564,90.174840,-89.970677,0.000512,-0.999995,-0.003052
4491,pi+,349.997273,501.525247,-2.823127,-92.000000,-0.604680,69.822767,-92.004409,-0.032830,-0.938056,0.344925
4492,neutron,19511.576325,200.723061,-0.688216,-92.000000,0.323864,90.000000,-90.000000,0.000000,-1.000000,0.000000
4728,neutron,2.948485,1951.638136,-0.121146,-92.000000,1.006646,101.394351,-73.375182,0.280465,-0.939313,-0.197561
4656,neutron,0.000035,2062.889584,-2.771455,-92.000000,-2.356518,82.493641,-112.740636,-0.383248,-0.914361,0.130636
4572,gamma,1611.756115,3427.077929,0.613744,-92.000000,1.579186,73.669969,-86.959964,0.050894,-0.958308,0.281170
4573,neutron,19511.576325,0.000000,0.785967,-92.000000,-1.634203,90.000000,-90.000000,0.000000,-1.000000,0.000000
4493,neutron,22.924803,2112.013532,-1.818351,-92.000000,2.538939,80.892181,-124.887334,-0.564753,-0.809936,0.158293
4657,gamma,2.959000,2133.466292,-0.746226,-92.000000,-1.835764,108.629767,-87.351345,0.043790,-0.946590,-0.319452
4658,neutron,19511.576325,0.000000,-0.057881,-92.000000,-2.949489,90.000000,-90.000000,0.000000,-1.000000,0.000000
4729,pi+,1439.948976,3067.287311,2.051587,-92.000000,-2.393052,94.627148,-90.834544,-0.014518,-0.996635,-0.080671
4574,neutron,19511.393445,0.000000,-1.261518,-92.000000,-0.845953,89.735028,-90.068868,-0.001202,-0.999989,0.004625
4494,neutron,19511.576325,1598.654036,1.344059,-92.000000,-0.983665,90.000000,-90.000000,0.000000,-1.000000,0.000000
4659,neutron,19511.576325,2749.264991,2.220170,-92.000000,0.980454,90.000000,-90.000000,0.000000,-1.000000,0.000000
4730,neutron,0.364072,380.125659,-1.958894,-92.000000,-1.270812,136.541674,-60.309455,0.340691,-0.597524,-0.725875
4731,neutron,19511.576325,172.691688,2.771390,-92.000000,0.672411,90.000000,-90.000000,0.000000,-1.000000,0.000000
4660,neutron,2.138460,1865.285355,1.199502,-92.000000,-0.367828,65.759594,-82.805847,0.114190,-0.904652,0.410566
4575,pi-,804.193502,3833.319645,-0.646917,-92.000000,-1.513557,116.827985,-101.890914,-0.183871,-0.873217,-0.451313
4576,neutron,19511.083370,422.006581,1.751542,-92.000000,-0.365307,90.013825,-90.139500,-0.002435,-0.999997,-0.000241
4495,neutron,0.051747,3576.460478,0.468680,-92.000000,-2.309967,132.014884,-26.823716,0.663027,-0.335263,-0.669324
4733,neutron,19511.576325,1824.996751,-0.625148,-92.000000,2.077630,90.000000,-90.000000,0.000000,-1.000000,0.000000
4496,neutron,19510.446094,1427.321146,-1.182617,-92.000000,0.933190,89.593767,-89.684052,0.005514,-0.999960,0.007090
4661,gamma,0.286145,84.266456,1.023964,-92.000000,-2.147240,75.182801,-109.176589,-0.317558,-0.913103,0.255736
4497,proton,45.327308,712.480058,1.265690,-92.000000,-2.971995,107.525893,-66.014784,0.387632,-0.871240,-0.301137
4577,proton,310.010869,996.481640,2.766953,-92.000000,1.622137,87.049489,-71.653937,0.314338,-0.947914,0.051473
4578,proton,19232.386526,132.205156,-0.596118,-92.000000,-1.150933,90.799029,-89.370027,0.010994,-0.999842,-0.013945
4734,neutron,19511.407804,2533.236764,-1.058605,-92.000000,-0.469216,90.166119,-89.796351,0.003554,-0.999989,-0.002899
4735,neutron,19511.576325,0.000000,1.935254,-92.000000,-2.121257,90.000000,-90.000000,0.000000,-1.000000,0.000000
4579,e+,665.586521,2583.908975,1.998066,-92.000000,-0.120431,89.042013,-83.795837,0.108056,-0.994004,0.016719
4580,neutron,19511.568301,0.000000,-2.967406,-92.000000,-1.399256,90.006523,-89.943026,0.000994,-0.999999,-0.000114
4736,gamma,0.180738,1361.335139,0.337434,-92.171293,3.000000,112.817977,15.512865,0.888163,0.246524,-0.387805
4662,neutron,809.858057,4884.666538,1.042454,-92.000000,-0.176804,93.645079,-95.037799,-0.087635,-0.994122,-0.063576
4498,neutron,11.500208,3952.557286,-0.099879,-92.000000,-1.247094,116.292902,-76.771218,0.205164,-0.872751,-0.442960
4737,neutron,19511.270230,2423.524856,-0.680177,-92.000000,-0.967746,90.122518,-89.840077,0.002791,-0.999994,-0.002138
4663,gamma,3.790585,744.854404,-2.321506,-92.000000,1.021934,117.873256,-82.389141,0.117079,-0.876196,-0.467517
4664,neutron,19511.290667,0.000000,-1.802687,-92.000000,1.933037,90.000159,-89.663975,0.005865,-0.999983,-0.000003
4738,pi+,697.982983,677.301195,1.432998,-92.000000,-2.755451,87.814638,-89.580140,0.007323,-0.999246,0.038133
4582,gamma,0.137525,1399.957949,-1.947319,-92.000000,1.108054,118.363050,-112.780742,-0.340724,-0.811313,-0.475057
4583,neutron,19510.996353,0.000000,0.430798,-92.000000,-1.032030,89.783131,-90.316811,-0.005529,-0.999978,0.003785
4584,neutron,19511.576325,1432.096734,-1.995684,-92.000000,1.021165,90.000000,-90.000000,0.000000,-1.000000,0.000000
4499,neutron,10421.437044,1136.408080,2.851260,-92.000000,-1.121862,90.502058,-90.690235,-0.012046,-0.999889,-0.008762
4665,gamma,4.850583,1003.421749,1.271792,-92.000000,0.096905,64.538226,-86.650072,0.052758,-0.901330,0.429909
4739,proton,7334.705278,3697.671260,0.337720,-92.000000,1.156873,91.156909,-91.967306,-0.034322,-0.999207,-0.020190
4666,neutron,19511.576325,2144.488879,-2.977339,-92.000000,2.234037,90.000000,-90.000000,0.000000,-1.000000,0.000000
4800,neutron,84.430810,2845.667751,-2.404682,-92.000000,-2.395765,95.960737,-129.603453,-0.634024,-0.766309,-0.103847
4585,pi+,483.920834,4086.913902,-2.837774,-92.000000,-0.905530,98.044981,-102.245424,-0.210012,-0.967630,-0.139950
4586,neutron,19511.576325,0.000000,-0.287091,-92.000000,-2.947709,90.000000,-90.000000,0.000000,-1.000000,0.000000
4587,neutron,19511.576325,0.221183,-0.573645,-92.000000,-1.182168,90.000000,-90.000000,0.000000,-1.000000,0.000000
4801,neutron,19511.576325,1460.741375,0.436043,-92.000000,2.540022,90.000000,-90.000000,0.000000,-1.000000,0.000000
4667,proton,1022.868461,809.796882,-1.416421,-92.000000,-1.808243,112.366866,-99.888794,-0.158816,-0.911027,-0.380536
4741,nu_mu,189.930039,0.000000,-1.927984,-92.000000,0.983738,87.259503,-91.498645,-0.026123,-0.998515,0.047812
4589,neutron,19511.576325,0.000000,-1.936357,-92.000000,0.138994,90.000000,-90.000000,0.000000,-1.000000,0.000000
4590,proton,5232.220150,870.904086,-0.628566,-92.000000,-2.930711,88.768527,-92.906111,-0.050688,-0.998483,0.021492
4802,neutron,2.073856,3277.060975,0.636743,-92.000000,-0.417640,78.978423,-86.709176,0.056345,-0.979937,0.191179
4803,neutron,18764.423070,0.149108,-1.729867,-92.000000,-2.522501,88.408428,-88.859208,0.019902,-0.999416,0.027775
4804,neutron,19511.353591,0.000000,0.142111,-92.000000,2.847419,89.809614,-89.873731,0.002204,-0.999992,0.003323
4742,gamma,0.071689,1166.642921,-0.219612,-92.000000,-2.956580,146.371051,-105.409170,-0.147154,-0.533904,-0.832642
4805,pi-,254.176489,258.110105,2.354539,-92.000000,2.960616,76.261900,-95.831327,-0.098694,-0.966365,0.237484
4806,neutron,19510.817505,0.327806,1.944927,-92.000000,2.120283,90.410714,-90.095522,-0.001667,-0.999973,-0.007168
4807,neutron,19511.576325,14.291113,-0.575485,-92.000000,-2.376398,90.000000,-90.000000,0.000000,-1.000000,0.000000
4743,neutron,19511.275384,399.448622,-1.868698,-92.000000,2.435152,90.115608,-89.760937,0.004172,-0.999989,-0.002018
4668,gamma,0.194039,2692.803727,-1.274101,-92.000000,2.935757,78.401549,-96.072548,-0.103628,-0.974084,0.201051
4669,neutron,19511.576325,0.000000,1.950594,-92.000000,1.503225,90.000000,-90.000000,0.000000,-1.000000,0.000000
4591,gamma,5.540804,1637.226965,-2.629071,-92.000000,0.245877,76.223553,-137.738115,-0.718788,-0.653173,0.238134
4744,gamma,0.090552,393.546114,1.950005,-92.000000,0.597538,94.249097,-95.425346,-0.094289,-0.992784,-0.074093
4592,neutron,19511.576325,0.000000,1.584815,-92.000000,2.191830,90.000000,-90.000000,0.000000,-1.000000,0.000000
4593,neutron,19511.576325,0.000000,1.286624,-92.000000,1.238361,90.000000,-90.000000,0.000000,-1.000000,0.000000
4745,gamma,1.734771,3278.283501,-0.748272,-92.000000,-1.792200,134.724974,-94.452442,-0.055157,-0.708349,-0.703704
4594,gamma,4.674885,1995.705030,-0.804563,-92.000000,1.643613,73.720952,-117.733605,-0.446704,-0.849634,0.280316
4595,neutron,19511.493895,0.000000,0.672849,-92.000000,-0.264405,89.818167,-89.973157,0.000468,-0.999995,0.003174
4808,e+,1073.237869,1033.797714,2.870291,-92.000000,0.162705,91.351377,-87.026611,0.051858,-0.998376,-0.023584
4809,neutron,19511.576325,0.201459,-0.905384,-92.000000,1.674417,90.000000,-90.000000,0.000000,-1.000000,0.000000
4810,neutron,19171.639931,0.000000,-1.115614,-92.000000,-1.082492,88.874510,-89.876423,0.002156,-0.999805,0.019642
4811,neutron,19511.354327,0.000000,-1.147727,-92.000000,0.947399,90.177048,-90.143779,-0.002509,-0.999992,-0.003090
4746,neutron,0.000014,0.526377,-2.154022,-92.000000,-0.589150,58.501814,-64.028612,0.373397,-0.766549,0.522472
4747,neutron,19511.576325,0.000000,-0.349200,-92.000000,2.434498,90.000000,-90.000000,0.000000,-1.000000,0.000000
4596,neutron,6.897171,2375.335592,-0.893481,-92.000000,0.657291,101.747065,-94.041606,-0.069005,-0.976621,-0.203592
4812,gamma,0.220008,3925.100010,-1.394165,-92.000000,2.890828,37.903996,-110.447814,-0.214622,-0.575631,0.789041
4670,gamma,0.491131,1942.912612,-1.919580,-92.000000,0.931373,70.728021,-121.951838,-0.499551,-0.800946,0.330053
4597,neutron,15601.248874,434.556726,-2.621191,-92.000000,2.596130,89.020801,-90.031525,-0.000550,-0.999854,0.017089
4748,neutron,600.584464,4677.817026,-2.066236,-92.000000,0.533158,115.179416,-115.828721,-0.394284,-0.814573,-0.425454
4598,pi+,2687.711147,1570.728135,-2.147469,-92.000000,2.408330,94.853860,-88.512180,0.025871,-0.996078,-0.084615
4599,neutron,19511.076292,0.000000,0.010658,-92.000000,-1.942072,90.395849,-89.780351,0.003834,-0.999969,-0.006909
4900,neutron,19511.576325,0.000000,0.169128,-92.000000,-2.421792,90.000000,-90.000000,0.000000,-1.000000,0.000000
4672,mu-,196.839638,92.260186,1.649579,-92.000000,-1.048243,80.798018,-91.063091,-0.018315,-0.986961,0.159915
4749,neutron,19511.576325,1702.804392,-2.634000,-92.000000,-0.962027,90.000000,-90.000000,0.000000,-1.000000,0.000000
4901,neutron,19511.447888,774.719322,0.199079,-92.000000,-1.298260,89.957805,-89.774480,0.003936,-0.999992,0.000736
4902,neutron,19511.576325,0.000000,-1.359829,-92.000000,-2.401252,90.000000,-90.000000,0.000000,-1.000000,0.000000
4903,pi-,9321.251837,1377.493489,-2.596823,-92.000000,2.602379,90.711965,-91.638897,-0.028598,-0.999514,-0.012426
4673,neutron,0.642644,2810.147869,1.564775,-92.000000,-0.065215,114.643390,-115.897537,-0.396983,-0.817644,-0.416969
4750,neutron,0.000732,3116.017603,-0.258994,-92.000000,1.809131,78.923124,-109.655199,-0.330093,-0.924190,0.192126
4814,proton,16620.362525,104.686933,-1.886255,-92.000000,-0.578502,89.226387,-89.389851,0.010648,-0.999852,0.013502
4751,proton,710.958399,191.031555,-2.248433,-92.000000,1.286052,89.304363,-92.927801,-0.051074,-0.998621,0.012141
4815,neutron,19442.055556,1668.657899,2.857161,-92.000000,-1.877578,90.568573,-90.461358,-0.008052,-0.999918,-0.009923
4674,neutron,1859.868002,1998.628965,0.883794,-92.000000,2.881388,90.368337,-98.193648,-0.142516,-0.989772,-0.006429
4675,neutron,19511.365148,0.000000,0.163374,-92.000000,2.674235,90.131327,-90.326559,-0.005699,-0.999981,-0.002292
4752,neutron,19511.576325,1311.187579,1.373884,-92.000000,2.780670,90.000000,-90.000000,0.000000,-1.000000,0.000000
4816,neutron,2901.787669,1423.334794,-1.587924,-92.000000,0.435680,90.339931,-91.790448,-0.031244,-0.999494,-0.005933
4817,neutron,19177.698489,0.251791,-2.462050,-92.000000,1.876590,91.715527,-91.167331,-0.020363,-0.999344,-0.029937
4818,gamma,9.785669,0.000000,0.525837,-92.000000,-1.187654,122.779767,-80.375018,0.140574,-0.828923,-0.541411
4819,neutron,19511.576325,0.167914,0.757460,-92.000000,-1.802397,90.000000,-90.000000,0.000000,-1.000000,0.000000
4820,neutron,19511.576325,823.629094,-0.709273,-92.000000,-0.304989,90.000000,-90.000000,0.000000,-1.000000,0.000000
4676,neutron,19511.576325,2299.208276,-1.082143,-92.000000,-0.571466,90.000000,-90.000000,0.000000,-1.000000,0.000000
4677,neutron,19345.979854,0.000000,2.863635,-92.000000,-2.594286,91.405302,-91.726985,-0.030128,-0.999245,-0.024525
4678,gamma,1.566875,1253.546596,0.092181,-92.000000,-0.770860,92.962874,-52.940035,0.601845,-0.796938,-0.051689
4680,neutron,19511.576325,0.000000,-1.882607,-92.000000,-1.736467,90.000000,-90.000000,0.000000,-1.000000,0.000000
4681,neutron,19511.576325,20.959093,2.233295,-92.000000,-1.793617,90.000000,-90.000000,0.000000,-1.000000,0.000000
4682,neutron,19511.478387,0.000000,1.231550,-92.000000,-1.177050,89.869676,-90.055735,-0.000973,-0.999997,0.002275
4683,neutron,19510.590311,0.000000,0.232766,-92.000000,-1.183591,90.415090,-90.636383,-0.011106,-0.999912,-0.007245
4753,neutron,8090.506251,2051.017206,-1.066105,-92.000000,2.250150,91.363586,-92.213257,-0.038608,-0.998971,-0.023797
4905,neutron,800.593749,3763.187245,1.596515,-92.000000,-1.475680,92.723522,-106.966602,-0.291485,-0.955395,-0.047517
4821,gamma,0.072806,2975.867697,-1.495390,-92.000000,2.552419,87.717669,-102.574433,-0.217535,-0.975240,0.039824
4822,neutron,19511.576325,0.000000,-2.943506,-92.000000,1.377750,90.000000,-90.000000,0.000000,-1.000000,0.000000
4823,neutron,19511.576325,0.000000,0.215458,-92.000000,-0.274100,90.000000,-90.000000,0.000000,-1.000000,0.000000
4755,neutron,19511.576325,0.000000,-2.770895,-92.000000,-1.501042,90.000000,-90.000000,0.000000,-1.000000,0.000000
4906,gamma,0.385293,478.397369,1.873093,-92.000000,-1.333569,53.087897,-111.046269,-0.287139,-0.746220,0.600589
4684,gamma,405.752960,1034.471923,1.211478,-92.000000,-0.791840,91.272197,-110.764908,-0.354447,-0.934813,-0.022202
4824,pi-,2947.997596,1451.582434,2.557266,-92.000000,1.468968,91.055074,-87.196065,0.048910,-0.998633,-0.018413
4907,neutron,0.011809,1140.286957,-0.499024,-92.000000,2.150493,100.744748,-104.091021,-0.239194,-0.952905,-0.186434
4908,neutron,19510.546043,156.222684,-2.059281,-92.000000,-2.453282,90.463014,-89.419015,0.010140,-0.999916,-0.008081
4909,neutron,19511.576325,529.851113,-1.360754,-92.000000,-2.200603,90.000000,-90.000000,0.000000,-1.000000,0.000000
4825,gamma,2.799645,2669.052366,0.558805,-92.000000,0.304346,115.673288,-55.846582,0.505988,-0.745842,-0.433239
4686,pi+,1309.845246,1972.049685,-0.162562,-92.000000,0.631506,85.707517,-75.907389,0.242807,-0.967183,0.074848
4687,neutron,19511.576325,210.155516,2.448059,-92.000000,-2.431421,90.000000,-90.000000,0.000000,-1.000000,0.000000
4756,neutron,15.955480,2812.975691,2.215348,-92.000000,-2.926431,118.399112,-63.382726,0.394111,-0.786429,-0.475611
4757,neutron,19511.488779,0.000000,0.976543,-92.000000,2.854076,90.005584,-90.143116,-0.002498,-0.999997,-0.000097
4758,neutron,19511.343679,503.278129,2.206117,-92.000000,0.807407,89.784493,-90.035797,-0.000625,-0.999993,0.003761
4688,pi-,1383.600522,2900.273561,0.390437,-92.000000,1.059532,103.575630,-96.615092,-0.111980,-0.965589,-0.234729
4910,gamma,2.282001,3260.206804,-2.635948,-92.000000,-1.194266,99.815255,-116.073744,-0.433094,-0.885081,-0.170472
4827,neutron,82.967224,977.749350,-1.084638,-92.000000,2.278516,80.922707,-65.243411,0.413520,-0.896722,0.157767
4911,neutron,5446.005178,2951.886429,2.595373,-92.000000,0.329846,86.972935,-89.700267,0.005224,-0.998591,0.052808
4828,neutron,19447.185035,3439.043239,-1.397414,-92.000000,1.502221,90.592185,-90.065531,-0.001144,-0.999946,-0.010335
4829,neutron,19511.576325,0.000000,2.644078,-92.000000,1.940359,90.000000,-90.000000,0.000000,-1.000000,0.000000
4760,neutron,1.858359,3124.574395,-0.524204,-92.000000,1.647442,67.864445,-122.020087,-0.491137,-0.785371,0.376799
4830,neutron,19509.986995,161.805977,1.780471,-92.000000,-1.195302,89.790557,-89.468783,0.009271,-0.999950,0.003655
4912,neutron,19511.576325,2470.931219,2.404541,-92.000000,-0.778859,90.000000,-90.000000,0.000000,-1.000000,0.000000
4689,e+,270.448147,3189.707759,-1.783548,-92.000000,-2.162047,87.174971,-82.554669,0.129423,-0.990364,0.049286
4831,gamma,0.297226,1988.478595,-1.184004,-92.000000,1.626016,74.642676,-99.054448,-0.151754,-0.952277,0.264838
4761,mu-,527.295631,86.046783,-1.239873,-92.000000,1.335544,89.058674,-88.783949,0.021220,-0.999640,0.016429
4762,neutron,19511.576325,1881.140467,0.129759,-92.000000,-0.762653,90.000000,-90.000000,0.000000,-1.000000,0.000000
4832,gamma,1.282854,2815.734166,-2.066753,-92.000000,2.495740,85.661575,-95.789162,-0.100579,-0.992049,0.075647
4691,neutron,19013.297561,0.318634,-1.080395,-92.000000,0.610666,88.123869,-91.302598,-0.022720,-0.999206,0.032739
4692,neutron,19511.348912,0.116510,1.452231,-92.000000,-0.717538,90.000918,-90.230838,-0.004029,-0.999992,-0.000016
4764,neutron,19511.576325,0.000000,2.563437,-92.000000,-0.728217,90.000000,-90.000000,0.000000,-1.000000,0.000000
4693,gamma,4156.279395,303.961059,-0.003583,-92.000000,-1.075248,89.774053,-90.745874,-0.013017,-0.999907,0.003944
4913,neutron,0.101866,4414.077356,-0.689859,-92.000000,-1.272338,119.853929,-133.695243,-0.599148,-0.627077,-0.497791
4833,neutron,391.798626,3821.057203,-0.360940,-92.000000,-1.664823,119.108938,-95.367016,-0.081721,-0.869866,-0.486472
4765,gamma,0.179506,2908.299687,2.849677,-92.000000,-1.096445,130.460584,-48.340808,0.505737,-0.568442,-0.648925
4914,neutron,19511.576325,2346.633453,-1.588354,-92.000000,-1.012139,90.000000,-90.000000,0.000000,-1.000000,0.000000
4834,neutron,1.501169,1773.348980,-0.710536,-92.000000,-2.949660,103.501172,-100.485686,-0.176961,-0.956127,-0.233465
4767,neutron,0.000001,1942.108108,2.109701,-92.000000,1.115068,100.877308,-89.950055,0.000856,-0.982033,-0.188707
4768,neutron,19511.576325,0.063282,-2.169450,-92.000000,1.657295,90.000000,-90.000000,0.000000,-1.000000,0.000000
4695,neutron,0.852989,5204.349373,0.287966,-92.000000,-0.472669,67.645228,-112.058186,-0.347324,-0.857151,0.380340
4835,neutron,5697.389641,0.000000,2.278253,-92.000000,1.138416,88.862058,-88.836047,0.020309,-0.999596,0.019860
4769,neutron,19511.576325,3203.747382,-0.394960,-92.000000,2.734983,90.000000,-90.000000,0.000000,-1.000000,0.000000
4770,neutron,19510.641664,303.446221,-1.396803,-92.000000,-1.665637,90.249590,-90.359789,-0.006279,-0.999971,-0.004356
4915,neutron,101.208700,1367.157940,0.993048,-92.000000,1.353885,80.001288,-127.167405,-0.594970,-0.784771,0.173626
4836,neutron,0.000014,1122.507278,0.185370,-92.000000,-1.957901,100.631431,-57.737811,0.524631,-0.831099,-0.184491
4916,e+,34.994720,686.358120,-1.351543,-92.000000,-1.165887,82.332048,-59.935474,0.496495,-0.857723,0.133432
4917,neutron,19511.576325,0.000000,1.181077,-92.000000,-1.639676,90.000000,-90.000000,0.000000,-1.000000,0.000000
4771,mu+,3636.023798,91.182365,0.767120,-92.000000,0.958485,88.050827,-91.462631,-0.025510,-0.999096,0.034013
4918,pi-,1533.499299,1239.833327,-1.780627,-92.000000,-0.798982,82.650109,-119.282163,-0.485092,-0.865055,0.127928
4772,gamma,3.931461,542.394543,-1.422316,-92.000000,0.720912,119.358463,-91.712385,-0.026045,-0.871180,-0.490272
4838,gamma,0.097825,880.654154,-0.985878,-92.000000,-0.205011,84.568167,-77.950950,0.207812,-0.973578,0.094661
4773,neutron,0.691293,1604.000430,-2.000544,-92.000000,0.675750,52.893092,-119.971509,-0.398412,-0.690863,0.603304
4698,neutron,19511.576325,2466.482475,-0.199145,-92.000000,1.284737,90.000000,-90.000000,0.000000,-1.000000,0.000000
4774,neutron,19511.576325,984.105304,-1.168559,-92.000000,-1.282814,90.000000,-90.000000,0.000000,-1.000000,0.000000
4699,gamma,0.541267,1336.529160,2.054894,-92.000000,2.786303,73.068060,-96.181743,-0.103015,-0.951089,0.291236
5000,neutron,19511.576325,0.000000,-1.044268,-92.000000,2.794327,90.000000,-90.000000,0.000000,-1.000000,0.000000
4919,gamma,0.114253,4487.510270,2.413782,-92.000000,0.936683,56.579226,-61.757133,0.394964,-0.735283,0.550783
4839,gamma,0.081918,2179.948840,-1.829344,-92.000000,1.295793,108.675847,-110.759619,-0.335785,-0.885840,-0.320214
4775,neutron,19511.576325,2785.647946,2.419958,-92.000000,2.059181,90.000000,-90.000000,0.000000,-1.000000,0.000000
4776,neutron,19511.389702,0.000000,1.788324,-92.000000,2.498537,90.137939,-89.842831,0.002743,-0.999993,-0.002407
5001,gamma,0.274407,2362.543844,-0.325994,-92.000000,1.036512,82.623902,-63.979121,0.435068,-0.891198,0.128382
4840,neutron,85.614264,365.246095,2.062850,-92.000000,-0.338407,112.470276,-79.571409,0.167267,-0.908813,-0.382204
5003,neutron,8669.393943,237.198738,-1.662518,-92.000000,2.860124,89.665404,-84.999729,0.087159,-0.996177,0.005840
5004,neutron,16166.920847,295.488250,-2.400909,-92.000000,2.167170,86.286167,-88.815007,0.020637,-0.997687,0.064773
5006,neutron,19511.576325,870.257359,1.558169,-92.000000,-1.899806,90.000000,-90.000000,0.000000,-1.000000,0.000000
5007,neutron,19511.576325,0.000000,1.827778,-92.000000,0.229702,90.000000,-90.000000,0.000000,-1.000000,0.000000
4777,gamma,0.303390,2450.945182,-2.778909,-92.000000,-0.984817,121.109573,-115.455694,-0.367998,-0.773061,-0.516676
4921,proton,16581.213947,767.765226,2.654770,-92.000000,-2.495081,90.847156,-92.246786,-0.039199,-0.999122,-0.014785
4841,neutron,41.873883,1251.729661,-1.610039,-92.000000,0.346489,87.536271,-83.329054,0.116060,-0.992312,0.042987
4842,gamma,0.308806,2.664940,2.426172,-92.000000,2.079131,57.920736,-77.507186,0.183289,-0.827252,0.531092
4843,neutron,19511.576325,0.000000,1.960606,-92.000000,1.939832,90.000000,-90.000000,0.000000,-1.000000,0.000000
4844,neutron,19511.576325,0.000000,-0.538475,-92.000000,0.595536,90.000000,-90.000000,0.000000,-1.000000,0.000000
4922,proton,5254.979394,516.930080,-2.779809,-92.000000,1.407137,87.833322,-88.452824,0.026981,-0.998921,0.037807
4778,neutron,19510.449594,2452.324445,1.933058,-92.000000,2.151580,90.141709,-90.132898,-0.002319,-0.999994,-0.002473
4779,neutron,19511.576325,0.000000,1.268477,-92.000000,2.597014,90.000000,-90.000000,0.000000,-1.000000,0.000000
4923,gamma,0.091227,1816.916909,-1.916339,-92.000000,0.760020,115.937308,-122.365788,-0.481401,-0.759569,-0.437387
5008,gamma,3.479170,3915.258955,-1.142574,-92.000000,-0.839357,110.002260,-85.487262,0.073935,-0.936766,-0.342057
4845,gamma,1.715658,2411.672091,-1.179271,-92.000000,-2.827785,126.316139,-73.919740,0.223183,-0.774236,-0.592240
5010,neutron,19510.646040,83.976141,1.681801,-92.000000,0.634946,89.891651,-89.545850,0.007926,-0.999967,0.001891
4846,pi-,3113.336846,2536.129674,0.947562,-92.000000,0.300799,88.972673,-91.320749,-0.023046,-0.999574,0.017929
4847,neutron,19406.219413,400.392576,-0.784763,-92.000000,-2.317424,90.772088,-89.571963,0.007470,-0.999881,-0.013475
4780,gamma,1.004794,4039.173304,-1.350097,-92.000000,-0.075110,100.407941,-88.453102,0.026551,-0.983188,-0.180655
4925,proton,428.636893,4242.461067,-1.532955,-92.000000,-0.886033,99.825468,-124.108240,-0.552533,-0.815835,-0.170648
4926,neutron,19511.576325,0.000000,1.540834,-92.000000,1.937102,90.000000,-90.000000,0.000000,-1.000000,0.000000
5011,proton,14699.188341,2354.619948,2.458277,-92.000000,1.199536,90.896124,-89.009965,0.017276,-0.999728,-0.015640
4928,neutron,19511.576325,0.000000,0.432048,-92.000000,0.469093,90.000000,-90.000000,0.000000,-1.000000,0.000000
4929,neutron,19511.576325,330.102319,-0.086959,-92.000000,-0.618093,90.000000,-90.000000,0.000000,-1.000000,0.000000
4930,neutron,19511.576325,0.000000,-1.555966,-92.000000,-0.341449,90.000000,-90.000000,0.000000,-1.000000,0.000000
4931,neutron,19511.576325,179.079047,-2.961433,-92.000000,0.767990,90.000000,-90.000000,0.000000,-1.000000,0.000000
4781,neutron,4.186671,2524.588709,2.541325,-92.000000,-2.391059,128.612661,-89.021311,0.013346,-0.781269,-0.624052
4933,neutron,19511.576325,0.000000,1.732753,-92.000000,-1.117901,90.000000,-90.000000,0.000000,-1.000000,0.000000
4848,e+,98.940780,603.088435,2.701806,-92.000000,-2.528803,98.652124,-91.242967,-0.021445,-0.988387,-0.150435
4849,neutron,19511.576325,0.000000,2.527944,-92.000000,1.530378,90.000000,-90.000000,0.000000,-1.000000,0.000000
5012,neutron,0.001207,3090.138660,-1.740014,-92.000000,-2.698730,128.697849,-122.578397,-0.420238,-0.657654,-0.625213
4782,neutron,705.868048,2258.364546,0.481885,-92.000000,0.079681,99.841803,-97.507538,-0.128734,-0.976837,-0.170928
4783,neutron,19511.576325,207.608570,-2.640256,-92.000000,-2.135575,90.000000,-90.000000,0.000000,-1.000000,0.000000
4784,neutron,19511.576325,0.000000,0.469785,-92.000000,-2.507348,90.000000,-90.000000,0.000000,-1.000000,0.000000
4934,neutron,27.760401,2046.171183,0.126624,-92.000000,0.111943,54.895454,-113.491413,-0.326106,-0.750299,0.575070
4785,gamma,3.650415,1021.045429,0.826624,-92.000000,1.668360,103.833970,-91.738895,-0.029465,-0.970546,-0.239109
4850,neutron,0.002055,1951.585623,0.168773,-92.000000,1.904782,57.272668,-60.641876,0.412438,-0.733213,0.540642
5013,proton,893.856545,2042.257922,1.910256,-92.000000,1.182979,85.508429,-100.065688,-0.174240,-0.981584,0.078312
4935,neutron,19380.530248,1659.511730,1.063920,-92.000000,-2.476247,90.274232,-89.590698,0.007144,-0.999963,-0.004786
4936,neutron,19511.576325,0.000000,2.544372,-92.000000,1.929884,90.000000,-90.000000,0.000000,-1.000000,0.000000
4786,proton,12159.177216,329.102141,0.397921,-92.000000,0.358144,92.045259,-89.183810,0.014236,-0.999262,-0.035689
4787,neutron,80.322883,383.730497,0.587767,-92.000000,2.288928,64.927049,-83.208487,0.107113,-0.899413,0.423772
4937,gamma,0.093248,2736.335465,-0.183289,-92.000000,2.543497,37.662271,-116.193303,-0.269699,-0.548262,0.791626
4938,neutron,19511.576325,902.706574,2.124042,-92.000000,-2.898711,90.000000,-90.000000,0.000000,-1.000000,0.000000
5014,proton,253.558477,514.319944,-2.316824,-92.000000,-1.615308,90.577991,-84.682741,0.092666,-0.995646,-0.010088
5015,neutron,19511.576325,891.808301,0.578128,-92.000000,2.548005,90.000000,-90.000000,0.000000,-1.000000,0.000000
5016,neutron,19511.576325,0.000000,0.658326,-92.000000,-1.718661,90.000000,-90.000000,0.000000,-1.000000,0.000000
4852,neutron,19511.576325,0.000000,-2.583958,-92.000000,-2.182074,90.000000,-90.000000,0.000000,-1.000000,0.000000
5017,gamma,0.952975,650.755678,2.589060,-92.000000,-2.784373,92.508135,-99.314422,-0.161697,-0.985870,-0.043761
4788,pi+,434.502550,1550.643548,2.660420,-92.000000,-0.278724,72.536116,-66.537121,0.379802,-0.875036,0.300105
4789,neutron,19511.576325,0.000000,-2.841309,-92.000000,0.365805,90.000000,-90.000000,0.000000,-1.000000,0.000000
4790,neutron,19511.576325,0.000000,-0.441408,-92.000000,0.878340,90.000000,-90.000000,0.000000,-1.000000,0.000000
4939,proton,210.285635,1504.373968,1.048847,-92.000000,0.842702,91.422033,-44.399676,0.714257,-0.699444,-0.024817
5018,gamma,0.510999,1137.974721,1.605216,-92.000000,-2.725711,108.649602,-66.042456,0.384738,-0.865862,-0.319780
4791,gamma,0.510999,2881.521608,-0.828020,-92.000000,0.170052,71.298416,-57.156486,0.513711,-0.795796,0.320639
4792,neutron,19511.576325,0.000000,-0.233833,-92.000000,2.116816,90.000000,-90.000000,0.000000,-1.000000,0.000000
5019,proton,8680.927247,1988.693133,1.916768,-92.000000,2.718991,94.551756,-92.020011,-0.035137,-0.996227,-0.079360
4853,gamma,4.015491,122.892774,-1.244953,-92.000000,2.605798,78.094946,-95.754009,-0.098101,-0.973561,0.206291
4940,neutron,2.733908,3462.732643,1.075841,-92.000000,1.791586,81.388483,-46.721098,0.677822,-0.719818,0.149734
4793,gamma,0.342656,1248.344870,-0.880355,-92.000000,0.677382,97.239523,-102.792739,-0.219660,-0.967403,-0.126018
4794,neutron,19511.576325,0.018017,0.731942,-92.000000,1.547153,90.000000,-90.000000,0.000000,-1.000000,0.000000
4854,gamma,137.636455,0.000000,-1.508321,-92.000000,1.282391,50.755379,-51.298159,0.484240,-0.604390,0.632633
5020,pi+,6131.039290,2378.656276,-2.399333,-92.000000,0.302414,94.761695,-90.811380,-0.014112,-0.996449,-0.083012
4795,neutron,19510.918963,2124.394428,0.324378,-92.000000,1.679863,90.385626,-89.927004,0.001274,-0.999977,-0.006730
4855,gamma,0.891219,1200.434298,-0.637662,-92.000000,1.596932,58.737597,-62.186546,0.398845,-0.756046,0.518958
4941,gamma,0.071895,3927.890913,0.237172,-92.000000,-2.001738,96.133482,-45.103094,0.701793,-0.704323,-0.106845
5022,neutron,0.000002,209.724697,2.776551,-92.000000,1.026093,76.639502,-47.240372,0.660549,-0.714337,0.231077
4942,neutron,7.000578,672.630873,1.223662,-92.000000,-0.405355,86.681452,-94.577861,-0.079680,-0.995138,0.057887
5023,neutron,19511.576325,1409.511758,0.325498,-92.000000,0.026686,90.000000,-90.000000,0.000000,-1.000000,0.000000
5024,neutron,19511.287774,0.000000,-1.613946,-92.000000,1.345521,89.740427,-90.015324,-0.000267,-0.999990,0.004530
4797,gamma,4.906804,2127.618521,0.216882,-92.000000,-1.475845,71.909221,-63.089118,0.430230,-0.847630,0.310523
4798,gamma,0.111224,343.660393,2.918914,-92.000000,-0.350994,120.203862,-62.276619,0.402048,-0.765029,-0.503078
4799,neutron,19511.576325,568.551626,-1.723180,-92.000000,-1.752652,90.000000,-90.000000,0.000000,-1.000000,0.000000
5025,neutron,105.863476,1141.757803,0.252935,-92.000000,0.378280,125.806359,-119.753566,-0.402475,-0.704083,-0.585048
5026,neutron,0.090022,0.060160,-3.000000,-92.079953,1.526566,25.636871,6.871107,0.429559,0.051763,0.901554
4856,gamma,2.008367,3912.439262,2.462627,-92.000000,-1.149568,111.646986,-41.636954,0.694661,-0.617551,-0.368887
5100,neutron,121.155612,2418.592303,2.252024,-92.000000,-1.125020,106.649543,-74.598056,0.254454,-0.923667,-0.286517
4943,neutron,12.389986,1746.263283,1.061418,-92.000000,-0.528538,123.410454,-37.556429,0.661749,-0.508814,-0.550633
5101,neutron,19405.833080,3470.577601,-0.325610,-92.000000,2.314240,89.908479,-89.617369,0.006678,-0.999976,0.001597
4944,neutron,0.748023,2255.078240,-1.840734,-92.000000,0.308241,96.037497,-119.657505,-0.492070,-0.864179,-0.105179
5102,neutron,20.222271,319.045525,-0.552069,-92.000000,-0.654682,54.943830,-47.105624,0.557172,-0.599706,0.574379
4857,neutron,13.883196,2579.887708,-0.222848,-92.000000,1.768286,90.018352,-49.011937,0.655902,-0.754846,-0.000320
4945,gamma,0.223748,1668.173741,-1.538642,-92.000000,-0.725241,64.089339,-88.401689,0.025088,-0.899127,0.436969
5103,pi-,2071.449992,192.848141,-1.841184,-92.000000,2.566799,88.512459,-88.371206,0.028414,-0.999259,0.025960
5104,neutron,19511.402710,614.062591,-2.528745,-92.000000,-0.961775,89.807728,-90.184899,-0.003227,-0.999989,0.003356
4946,gamma,0.068066,845.704017,-0.126714,-92.000000,-2.375848,100.380956,-104.926676,-0.253366,-0.950440,-0.180192
4947,neutron,484.326388,96.812951,-1.283801,-92.000000,-1.498688,115.053409,-103.375162,-0.209561,-0.881342,-0.423463
4948,neutron,19511.576325,0.000000,1.418843,-92.000000,2.514485,90.000000,-90.000000,0.000000,-1.000000,0.000000
4949,neutron,19511.576325,0.000000,0.037983,-92.000000,-0.470706,90.000000,-90.000000,0.000000,-1.000000,0.000000
4950,neutron,19511.576325,1762.836157,1.831984,-92.000000,-1.840177,90.000000,-90.000000,0.000000,-1.000000,0.000000
4858,gamma,0.310407,1207.422282,-2.626255,-92.000000,0.238110,49.589071,-95.392535,-0.071557,-0.758045,0.648265
5030,neutron,18775.161597,668.418513,2.700440,-92.000000,1.016389,90.364691,-91.669386,-0.029132,-0.999555,-0.006365
4951,gamma,0.063373,2870.799931,0.038787,-92.000000,-0.742652,100.735137,-75.719078,0.242359,-0.952137,-0.186269
5105,proton,1245.486747,3644.878297,-1.818642,-92.000000,-2.775138,108.540665,-92.312598,-0.038257,-0.947326,-0.317978
5031,gamma,7.413885,722.001695,2.865465,-92.000000,-1.338054,133.396152,-62.665786,0.333650,-0.645489,-0.687039
5032,gamma,0.246200,2.384299,0.528823,-92.000000,0.574237,85.134887,-62.741703,0.456353,-0.885748,0.084810
5033,neutron,19511.576325,625.389896,-0.930104,-92.000000,0.687364,90.000000,-90.000000,0.000000,-1.000000,0.000000
4953,neutron,19511.576325,0.044565,2.140148,-92.000000,-2.042961,90.000000,-90.000000,0.000000,-1.000000,0.000000
4859,gamma,0.342584,3538.502072,-0.622282,-92.000000,-2.337825,95.462668,-82.094194,0.136920,-0.985997,-0.095197
4860,neutron,19511.532447,0.000000,1.952664,-92.000000,0.900898,90.134099,-89.999137,0.000015,-0.999997,-0.002340
5034,gamma,0.335514,2488.947876,-0.650740,-92.000000,0.896890,115.984452,-107.347908,-0.268032,-0.858023,-0.438127
4954,neutron,12604.387630,2946.189670,0.883768,-92.000000,2.020611,91.706501,-89.354355,0.011263,-0.999493,-0.029780
4955,neutron,19511.576325,0.000000,2.748517,-92.000000,-0.950640,90.000000,-90.000000,0.000000,-1.000000,0.000000
4956,neutron,19509.628227,0.070672,-2.186469,-92.000000,0.908340,89.982221,-90.893416,-0.015592,-0.999878,0.000310
4861,gamma,843.973235,686.902345,-2.849198,-92.000000,-1.368516,90.740640,-93.599024,-0.062768,-0.997944,-0.012926
5035,proton,6734.054255,3024.433404,2.476927,-92.000000,1.355561,88.246387,-85.408690,0.080010,-0.996324,0.030602
5036,neutron,19511.576325,0.000000,1.463822,-92.000000,-1.104282,90.000000,-90.000000,0.000000,-1.000000,0.000000
5037,neutron,19511.576325,0.000000,-0.775251,-92.000000,-1.742704,90.000000,-90.000000,0.000000,-1.000000,0.000000
5107,neutron,34.342977,2870.096818,-1.934805,-92.000000,-0.695858,106.013794,-131.644316,-0.638719,-0.718286,-0.275869
4862,neutron,19511.329857,1136.527300,-2.569632,-92.000000,1.763179,90.235036,-89.949899,0.000874,-0.999991,-0.004102
5038,neutron,0.000493,1508.389868,2.230454,-92.000000,0.503872,66.933218,-86.547286,0.055410,-0.918379,0.391804
4957,gamma,0.868077,186.099828,2.442624,-92.000000,-1.511727,74.733813,-56.268470,0.535707,-0.802302,0.263304
5039,gamma,1.041483,1548.795055,-2.144845,-92.000000,-2.852550,110.667312,-85.075710,0.080315,-0.932192,-0.352941
4958,neutron,0.695338,1934.164219,-0.968157,-92.000000,1.405383,87.861969,-82.508220,0.130293,-0.990773,0.037307
5108,gamma,0.510999,1432.867346,1.832927,-92.000000,0.190561,77.868527,-94.359445,-0.074316,-0.974839,0.210156
4864,neutron,19511.560039,0.000000,1.851023,-92.000000,-0.278434,90.022929,-89.942638,0.001001,-0.999999,-0.000400
4865,neutron,19511.576325,0.000000,0.744210,-92.000000,-2.046054,90.000000,-90.000000,0.000000,-1.000000,0.000000
5109,neutron,53.008163,1699.409282,-1.337265,-92.000000,-1.026548,73.803359,-79.805017,0.169974,-0.945148,0.278935
5110,gamma,5.021193,843.149444,0.144825,-92.000000,0.134948,59.349479,-64.524750,0.370030,-0.776648,0.509800
5041,neutron,19511.422677,0.000000,-2.910570,-92.000000,2.959938,90.023278,-90.249861,-0.004361,-0.999990,-0.000406
5042,neutron,19511.529619,0.000000,-0.522715,-92.000000,-1.623375,89.953024,-89.906527,0.001631,-0.999998,0.000820
4866,neutron,2.351569,868.068937,1.159745,-92.000000,1.087629,71.864194,-112.004008,-0.356058,-0.881098,0.311270
4959,e+,372.643445,5059.859426,0.052489,-92.000000,-1.751914,90.986419,-90.416058,-0.007260,-0.999825,-0.017215
4960,gamma,1.548438,1.548438,-0.162131,-92.000000,-2.819855,113.902164,-106.402456,-0.258165,-0.877031,-0.405176
5043,gamma,2.058194,1643.650512,1.415498,-92.000000,-1.829318,70.847512,-106.575498,-0.269488,-0.905394,0.328083
5044,neutron,19511.576325,0.000000,0.856827,-92.000000,1.345714,90.000000,-90.000000,0.000000,-1.000000,0.000000
5045,neutron,19511.576325,0.000000,1.053161,-92.000000,0.555788,90.000000,-90.000000,0.000000,-1.000000,0.000000
4961,neutron,19511.576325,812.002546,0.670832,-92.000000,0.950694,90.000000,-90.000000,0.000000,-1.000000,0.000000
5111,gamma,6.783238,2367.800123,2.973187,-92.000000,-1.561784,88.180574,-86.794494,0.055889,-0.997932,0.031750
5046,gamma,1.316778,1462.583137,2.888972,-92.000000,2.677680,92.948344,-55.447312,0.566413,-0.822515,-0.051436
4867,neutron,26.647117,2023.553111,1.216450,-92.000000,-0.458623,125.876662,-82.320727,0.108276,-0.803014,-0.586042
4868,neutron,19511.576325,0.000000,-0.232476,-92.000000,2.108075,90.000000,-90.000000,0.000000,-1.000000,0.000000
5112,gamma,1.324021,2470.823975,-1.951531,-92.000000,-1.718933,91.095999,-122.895511,-0.543009,-0.839509,-0.019128
4869,neutron,21.811600,2013.801142,1.306821,-92.000000,-2.835323,96.560096,-84.988242,0.086788,-0.989654,-0.114245
5113,neutron,17125.358888,649.942275,-2.304268,-92.000000,-1.401564,89.731910,-90.820606,-0.014322,-0.999886,0.004679
5114,neutron,19508.771509,0.000000,1.454191,-92.000000,-1.206741,89.074562,-89.497587,0.008768,-0.999831,0.016151
4962,gamma,439.994649,669.724802,-0.807678,-92.000000,-0.106942,91.398526,-89.045712,0.016650,-0.999563,-0.024406
4963,neutron,19511.576325,1254.489396,-0.281841,-92.000000,-2.446757,90.000000,-90.000000,0.000000,-1.000000,0.000000
4964,neutron,19511.576325,0.000000,0.780968,-92.000000,-1.295284,90.000000,-90.000000,0.000000,-1.000000,0.000000
4870,pi+,1885.427657,2361.751644,1.958071,-92.000000,0.715602,104.682682,-106.801876,-0.279624,-0.926049,-0.253466
4871,neutron,19511.333130,0.000000,2.905285,-92.000000,1.756390,89.852764,-90.187901,-0.003279,-0.999991,0.002570
4872,neutron,2.978616,820.361589,1.869825,-92.000000,-0.041784,106.856025,-84.555176,0.090810,-0.952718,-0.289968
4965,proton,7944.135397,2233.821525,-2.811397,-92.000000,0.560765,91.369008,-93.106779,-0.054181,-0.998245,-0.023891
4966,neutron,19511.576325,0.000000,-1.621735,-92.000000,1.480001,90.000000,-90.000000,0.000000,-1.000000,0.000000
5115,neutron,0.997435,3828.607557,0.867007,-92.000000,-2.999783,106.674060,-85.569364,0.074004,-0.955090,-0.286927
5049,neutron,93.403447,1203.106716,2.169948,-92.000000,-0.865274,130.599036,-62.825475,0.346766,-0.675472,-0.650761
5050,neutron,19511.576325,880.218033,0.679627,-92.000000,-0.006082,90.000000,-90.000000,0.000000,-1.000000,0.000000
5051,neutron,11.137659,682.444317,1.127265,-92.000000,0.933668,65.635581,-96.802004,-0.107891,-0.904528,0.412539
5052,neutron,19511.486130,0.000000,-2.187015,-92.000000,1.367482,90.112064,-90.113715,-0.001985,-0.999996,-0.001956
4873,e+,557.365351,3451.700127,0.256817,-92.000000,-1.378309,72.415669,-112.955035,-0.371785,-0.877785,0.302109
4874,neutron,19511.576325,0.000000,2.799158,-92.000000,-2.969650,90.000000,-90.000000,0.000000,-1.000000,0.000000
4875,neutron,19511.576325,0.123078,2.729459,-92.000000,0.950050,90.000000,-90.000000,0.000000,-1.000000,0.000000
4876,neutron,19511.462112,0.003254,-0.238981,-92.000000,2.841764,90.258548,-90.004142,-0.000072,-0.999990,-0.004512
4877,neutron,19511.576325,0.422799,-0.607107,-92.000000,1.079694,90.000000,-90.000000,0.000000,-1.000000,0.000000
5116,neutron,6431.655307,3331.364220,-2.173213,-92.000000,-0.732424,90.133402,-89.426634,0.010007,-0.999947,-0.002328
5117,neutron,19511.576325,0.000000,2.731960,-92.000000,0.156626,90.000000,-90.000000,0.000000,-1.000000,0.000000
4878,neutron,19511.576325,1635.201946,-2.240471,-92.000000,-1.792959,90.000000,-90.000000,0.000000,-1.000000,0.000000
4879,neutron,19511.576325,0.000000,0.227766,-92.000000,1.533346,90.000000,-90.000000,0.000000,-1.000000,0.000000
4880,neutron,19511.576325,210.453169,1.877315,-92.000000,2.393977,90.000000,-90.000000,0.000000,-1.000000,0.000000
5053,pi+,240.518374,4660.731295,-1.196665,-92.000000,1.660455,77.851496,-71.944735,0.302993,-0.929466,0.210446
5054,neutron,19508.628195,0.000000,-0.495928,-92.000000,2.352481,89.239484,-90.376854,-0.006577,-0.999890,0.013273
5118,neutron,0.032558,1189.695803,-1.368500,-92.000000,1.476408,92.294887,-120.333764,-0.504631,-0.862406,-0.040043
4968,neutron,19511.576325,0.000000,-1.457295,-92.000000,0.086225,90.000000,-90.000000,0.000000,-1.000000,0.000000
5119,mu-,3846.028177,198.826846,0.035165,-92.000000,-0.437974,90.432197,-92.921385,-0.050964,-0.998672,-0.007543
5055,neutron,11871.828161,0.000000,0.199024,-92.000000,2.996575,87.944899,-90.621697,-0.010843,-0.999298,0.035861
4969,neutron,19511.576325,1549.444579,2.444247,-92.000000,1.875273,90.000000,-90.000000,0.000000,-1.000000,0.000000
4970,neutron,19511.576325,0.000000,-0.456321,-92.000000,0.312356,90.000000,-90.000000,0.000000,-1.000000,0.000000
5056,neutron,19511.454540,1.881585,-1.721185,-92.000000,2.814051,89.856835,-90.089667,-0.001565,-0.999996,0.002499
4881,neutron,81.345591,2087.397240,-1.124889,-92.000000,-1.105124,82.261984,-118.258598,-0.469141,-0.872799,0.134644
5057,gamma,0.100675,1524.953685,1.101902,-92.000000,-1.106652,92.515272,-54.711972,0.577131,-0.815472,-0.043886
5058,neutron,19510.622817,300.001602,0.747015,-92.000000,1.520350,90.412389,-89.768982,0.004032,-0.999966,-0.007197
5120,neutron,881.946749,1427.410796,-2.566039,-92.000000,1.874636,86.639909,-86.276719,0.064826,-0.996174,0.058611
5059,neutron,19511.576325,2509.325979,-0.096705,-92.000000,1.044926,90.000000,-90.000000,0.000000,-1.000000,0.000000
4882,proton,950.300752,3074.734456,-1.547915,-92.000000,0.555462,89.315870,-99.930945,-0.172449,-0.984946,0.011940
5121,neutron,19511.576325,1924.236717,1.931294,-92.000000,2.837323,90.000000,-90.000000,0.000000,-1.000000,0.000000
4971,e+,44.392223,3874.411042,1.609262,-92.000000,0.518774,61.847274,-62.793309,0.403112,-0.784145,0.471823
5061,neutron,19511.576325,864.892086,-1.960460,-92.000000,-0.965011,90.000000,-90.000000,0.000000,-1.000000,0.000000
5062,gamma,323.423536,0.000000,-1.525340,-92.000000,2.585312,89.121430,-91.716946,-0.029958,-0.999434,0.015333
4883,gamma,1.592298,3258.709694,-0.854952,-92.000000,1.246773,48.413717,-98.843776,-0.114992,-0.739065,0.663747
4972,neutron,121.864697,337.998153,2.180403,-92.000000,-0.824743,146.922637,-103.363199,-0.126140,-0.530994,-0.837934
5064,neutron,19511.576325,1604.143331,2.155306,-92.000000,2.983670,90.000000,-90.000000,0.000000,-1.000000,0.000000
4884,neutron,19511.123297,3997.059643,1.838909,-92.000000,0.453242,90.099569,-89.711867,0.005029,-0.999986,-0.001738
5123,neutron,3.571238,4198.424013,1.820614,-92.000000,0.524604,63.394031,-85.034028,0.077398,-0.890751,0.447852
5124,neutron,19511.370514,187.261317,1.020093,-92.000000,2.533744,90.208124,-90.070069,-0.001223,-0.999993,-0.003632
5125,neutron,19511.472540,44.422537,1.236992,-92.000000,1.788454,90.031082,-89.847184,0.002667,-0.999996,-0.000542
4974,neutron,19511.576325,602.807265,-1.127637,-92.000000,2.186286,90.000000,-90.000000,0.000000,-1.000000,0.000000
4975,neutron,19511.576325,0.000000,2.297182,-92.000000,-2.440223,90.000000,-90.000000,0.000000,-1.000000,0.000000
5065,neutron,0.000218,2652.968857,1.001572,-92.000000,1.078600,103.871948,-118.359152,-0.461143,-0.854322,-0.239753
5066,neutron,19511.576325,54.458452,-1.973912,-92.000000,-2.981709,90.000000,-90.000000,0.000000,-1.000000,0.000000
5126,neutron,7.267612,1821.173664,-0.338907,-92.000000,-0.663512,120.296734,-100.855682,-0.162614,-0.847973,-0.504478
5127,neutron,19511.576325,0.000000,-1.875269,-92.000000,0.960260,90.000000,-90.000000,0.000000,-1.000000,0.000000
5128,neutron,19511.576325,0.000000,2.300905,-92.000000,-0.570392,90.000000,-90.000000,0.000000,-1.000000,0.000000
4886,neutron,19511.576325,0.000000,-0.094738,-92.000000,-0.407960,90.000000,-90.000000,0.000000,-1.000000,0.000000
4887,neutron,19511.576325,0.240224,-0.051865,-92.000000,-2.858043,90.000000,-90.000000,0.000000,-1.000000,0.000000
5067,neutron,19511.576325,1927.376079,-1.437749,-92.000000,0.140918,90.000000,-90.000000,0.000000,-1.000000,0.000000
4888,neutron,0.544096,846.923160,1.617564,-92.000000,-0.967706,60.096430,-64.291212,0.376044,-0.781055,0.498542
5129,proton,16489.310514,94.658799,-0.825259,-92.000000,-2.616413,91.632507,-89.645302,0.006188,-0.999575,-0.028489
4976,gamma,0.154924,4513.428883,2.033193,-92.000000,-1.282973,125.767098,-69.773480,0.280527,-0.761363,-0.584492
5068,gamma,4.725263,2899.478867,1.580637,-92.000000,-0.355889,108.213701,-72.074666,0.292357,-0.903788,-0.312562
5069,neutron,19511.573040,0.000000,-2.543782,-92.000000,-2.927091,89.979056,-89.969868,0.000526,-1.000000,0.000366
5070,neutron,19511.565128,464.334211,1.847851,-92.000000,-2.987041,90.057522,-90.035783,-0.000625,-0.999999,-0.001004
5130,neutron,83.980486,3472.029207,0.869504,-92.000000,0.706087,103.668723,-73.970433,0.268313,-0.933899,-0.236308
5131,neutron,19511.576325,0.000000,2.901538,-92.000000,-1.408685,90.000000,-90.000000,0.000000,-1.000000,0.000000
4977,neutron,19511.576325,2720.626584,-0.718735,-92.000000,1.315156,90.000000,-90.000000,0.000000,-1.000000,0.000000
4978,neutron,19511.500996,0.000000,-2.353603,-92.000000,0.593887,89.937312,-90.200425,-0.003498,-0.999993,0.001094
4979,neutron,32.733227,6.679595,-2.000616,-92.000000,1.429020,74.572420,-123.765177,-0.535764,-0.801368,0.266020
4980,neutron,19433.558575,42.434019,-1.093057,-92.000000,-1.994707,90.014057,-89.951477,0.000847,-1.000000,-0.000245
4981,neutron,19511.515979,0.000000,-1.618073,-92.000000,-0.801486,90.117760,-89.895763,0.001819,-0.999996,-0.002055
4982,neutron,19511.113905,2384.497179,2.320149,-92.000000,-1.642170,90.221561,-90.173121,-0.003022,-0.999988,-0.003867
4983,proton,19177.267052,81.663403,1.839653,-92.000000,0.323976,90.581321,-88.376050,0.028338,-0.999547,-0.010146
4889,gamma,0.266533,2135.957167,-0.674508,-92.000000,-2.760505,100.200244,-75.780266,0.241759,-0.954040,-0.177089
5071,neutron,0.000403,1939.878417,2.161321,-92.000000,1.899813,74.904687,-94.797049,-0.080741,-0.962112,0.260426
5072,neutron,19511.229493,0.265357,0.338923,-92.000000,-0.352589,90.269739,-89.907746,0.001610,-0.999988,-0.004708
5073,e-,0.784061,0.377851,-0.453503,-92.000000,1.766035,93.465713,-14.454746,0.966574,-0.249159,-0.060451
5132,gamma,0.088073,3916.824322,0.850140,-92.000000,-2.626225,129.102770,-76.629003,0.179458,-0.754981,-0.630713
4890,neutron,19511.576325,3684.838124,-2.146338,-92.000000,1.335747,90.000000,-90.000000,0.000000,-1.000000,0.000000
5074,gamma,0.041168,452.596490,-1.268259,-92.000000,-1.293205,127.834428,-51.776699,0.488663,-0.620461,-0.613382
5075,neutron,19511.134769,0.000000,-1.487246,-92.000000,1.605591,90.155579,-89.718466,0.004914,-0.999984,-0.002715
5076,neutron,19511.573266,0.000000,1.362347,-92.000000,-2.693203,90.007107,-90.025811,-0.000450,-1.000000,-0.000124
4891,neutron,19511.090502,111.074128,-0.608378,-92.000000,-0.586747,89.970611,-89.685677,0.005486,-0.999985,0.000513
5133,proton,865.880447,645.893991,-1.842011,-92.000000,-2.574586,89.438699,-79.457627,0.182954,-0.983073,0.009796
5134,gamma,710.068419,446.775424,2.931193,-92.000000,1.500722,75.885609,-90.582217,-0.009855,-0.969761,0.243859
5135,neutron,19511.576325,0.161188,2.258606,-92.000000,-2.898643,90.000000,-90.000000,0.000000,-1.000000,0.000000
4984,nu_mu,183.307274,0.000000,-1.547939,-92.000000,-0.513108,88.890552,-90.336616,-0.005874,-0.999795,0.019362
5136,neutron,19511.576325,1612.590763,-0.248129,-92.000000,2.274126,90.000000,-90.000000,0.000000,-1.000000,0.000000
5137,neutron,19511.576325,614.223034,1.839938,-92.000000,-1.836382,90.000000,-90.000000,0.000000,-1.000000,0.000000
4986,neutron,19511.576325,0.000000,1.825914,-92.000000,-2.792709,90.000000,-90.000000,0.000000,-1.000000,0.000000
4987,neutron,19511.576325,0.000000,-1.951431,-92.000000,2.970420,90.000000,-90.000000,0.000000,-1.000000,0.000000
4988,neutron,19511.576325,0.000000,-2.239892,-92.000000,1.115036,90.000000,-90.000000,0.000000,-1.000000,0.000000
5077,neutron,13062.945104,3188.625103,1.671283,-92.000000,-0.382023,89.296924,-89.716593,0.004946,-0.999912,0.012271
5079,neutron,19511.576325,0.117190,1.405525,-92.000000,-1.875715,90.000000,-90.000000,0.000000,-1.000000,0.000000
5080,neutron,19511.393750,0.000000,1.694690,-92.000000,-0.087507,90.200294,-89.997644,0.000041,-0.999994,-0.003496
4989,neutron,1.030988,2630.818351,-1.679303,-92.000000,1.300742,97.310671,-121.858900,-0.523538,-0.842446,-0.127249
4893,gamma,0.160981,3324.193255,1.727409,-92.000000,-2.421739,136.100481,-96.709070,-0.081008,-0.688648,-0.720557
4894,neutron,19511.576325,0.260449,-1.644713,-92.000000,0.146408,90.000000,-90.000000,0.000000,-1.000000,0.000000
5138,gamma,0.122178,3300.980849,-0.304393,-92.000000,1.440208,92.674822,-109.261877,-0.329527,-0.942992,-0.046667
5139,neutron,19511.576325,0.000000,-1.124049,-92.000000,2.779572,90.000000,-90.000000,0.000000,-1.000000,0.000000
5140,neutron,19511.538393,522.414193,-0.047321,-92.000000,0.254720,90.124372,-89.991174,0.000154,-0.999998,-0.002171
5081,gamma,23.910587,869.071725,1.967283,-92.000000,0.943142,95.336194,-92.873534,-0.049914,-0.994414,-0.093000
5082,neutron,19511.576325,0.000000,-0.302000,-92.000000,-0.490062,90.000000,-90.000000,0.000000,-1.000000,0.000000
5141,neutron,19511.576325,2394.385502,-1.268451,-92.000000,-2.363231,90.000000,-90.000000,0.000000,-1.000000,0.000000
4895,gamma,3.881911,2355.796284,2.831433,-92.000000,-2.160117,113.053094,-82.870348,0.114203,-0.913028,-0.391584
5142,neutron,19332.921938,593.581093,2.425778,-92.000000,-0.307006,89.822259,-91.241686,-0.021670,-0.999760,0.003102
5143,neutron,19511.275158,0.360743,0.326006,-92.000000,-1.459086,90.036138,-90.263897,-0.004606,-0.999989,-0.000631
4990,pi+,1256.548745,4131.946340,0.507638,-92.000000,1.339857,73.540243,-110.474202,-0.335451,-0.898438,0.283342
4991,neutron,19511.159620,0.000000,1.859562,-92.000000,0.351203,89.970063,-89.688959,0.005429,-0.999985,0.000523
4992,neutron,19511.576325,0.000000,2.573546,-92.000000,1.759176,90.000000,-90.000000,0.000000,-1.000000,0.000000
5083,neutron,19511.576325,1981.573380,-0.842638,-92.000000,1.441246,90.000000,-90.000000,0.000000,-1.000000,0.000000
5084,neutron,19511.576325,0.000000,1.627280,-92.000000,1.887807,90.000000,-90.000000,0.000000,-1.000000,0.000000
5085,neutron,19511.576325,0.000000,0.872186,-92.000000,0.166298,90.000000,-90.000000,0.000000,-1.000000,0.000000
5086,neutron,19511.502853,308.039582,-0.542124,-92.000000,2.558042,90.110470,-90.133823,-0.002336,-0.999995,-0.001928
4993,nu_e,28.177845,0.000000,0.451425,-92.000000,0.698655,83.501846,-78.352709,0.200589,-0.973117,0.113171
5144,neutron,0.770365,2634.896426,1.837843,-92.000000,-2.285133,126.046808,-58.572393,0.421588,-0.689924,-0.588446
5087,gamma,0.510999,1894.071387,-1.769778,-92.000000,1.083929,100.477099,-109.992692,-0.336200,-0.924069,-0.181843
4994,neutron,2.625818,1992.870209,1.735387,-92.000000,-2.160783,79.486236,-76.146040,0.235428,-0.954609,0.182472
4995,neutron,19511.542733,0.000000,0.730722,-92.000000,-0.794865,89.917726,-89.916341,0.001460,-0.999998,0.001436
5145,gamma,2.466931,1343.808523,0.216934,-92.000000,0.512196,75.326247,-120.778226,-0.495026,-0.831132,0.253315
5146,neutron,19511.576325,0.000000,0.581837,-92.000000,-2.225664,90.000000,-90.000000,0.000000,-1.000000,0.000000
5147,neutron,19511.576325,0.000000,1.462329,-92.000000,-0.804420,90.000000,-90.000000,0.000000,-1.000000,0.000000
4896,pi+,1389.209905,4476.124680,1.288146,-92.000000,2.634401,87.395732,-71.846839,0.311236,-0.949246,0.045437
5149,gamma,3.035883,1092.783407,1.621196,-92.000000,-0.482702,127.368072,-81.599064,0.116113,-0.786225,-0.606933
4996,neutron,19511.576325,3951.163215,2.177387,-92.000000,1.138720,90.000000,-90.000000,0.000000,-1.000000,0.000000
4997,proton,19389.379359,193.862367,-2.447052,-92.000000,-1.348559,89.164909,-89.113255,0.015474,-0.999774,0.014575
4897,proton,454.941447,1330.072668,-1.634288,-92.000000,2.902673,81.804276,-109.482796,-0.330117,-0.933113,0.142555
5150,proton,570.679452,1505.117220,-2.140950,-92.000000,2.644500,90.091287,-110.716978,-0.353752,-0.935338,-0.001593
5151,neutron,18681.870096,26.896843,1.444269,-92.000000,-2.546445,90.289132,-89.932465,0.001179,-0.999987,-0.005046
4898,proton,9225.050820,89.184848,1.244505,-92.000000,1.141686,91.052132,-87.556058,0.042635,-0.998922,-0.018362
4899,neutron,19511.576325,1170.425331,1.546187,-92.000000,1.307584,90.000000,-90.000000,0.000000,-1.000000,0.000000
4998,neutron,0.000295,1793.986033,2.794070,-92.000000,1.222978,109.858525,-60.376671,0.464902,-0.817601,-0.339699
5200,neutron,4332.371746,935.772276,-2.724938,-92.000000,-1.731729,99.594063,-96.922662,-0.118844,-0.978825,-0.166667
5152,neutron,190.430587,2526.531927,2.239324,-92.000000,2.743448,50.733180,-71.742912,0.242545,-0.735234,0.632933
5088,gamma,4.136184,149.266906,2.312455,-92.000000,2.375382,72.124634,-83.529303,0.107255,-0.945664,0.306947
5201,neutron,12371.586645,1032.720232,-0.537619,-92.000000,0.090486,89.175448,-88.486517,0.026409,-0.999548,0.014391
5153,gamma,0.138641,0.138641,-2.774678,-92.000000,2.808287,75.509829,-72.822266,0.285942,-0.925003,0.250214
4999,pi-,604.841536,2230.171647,1.282765,-92.000000,2.927386,92.420281,-87.919978,0.036263,-0.998450,-0.042229
5202,neutron,19511.117902,2545.414373,-1.254015,-92.000000,-0.121896,89.877965,-90.304181,-0.005309,-0.999984,0.002130
5300,gamma,0.806609,538.232747,0.259601,-92.000000,-2.001081,137.523165,-44.490882,0.481728,-0.473242,-0.737550
5089,pi+,1464.802853,1930.019478,1.238603,-92.000000,2.198782,99.123634,-90.155497,-0.002680,-0.987345,-0.158565
5203,pi-,3476.185814,1515.010360,-0.445213,-92.000000,-0.634390,96.149461,-90.613785,-0.010651,-0.994189,-0.107122
5155,neutron,17833.350760,0.000000,-2.079685,-92.000000,-2.382611,90.339364,-91.038936,-0.018132,-0.999818,-0.005923
5156,neutron,19511.576325,0.024997,0.483902,-92.000000,-0.496444,90.000000,-90.000000,0.000000,-1.000000,0.000000
5157,neutron,19511.182208,0.000000,0.946759,-92.000000,-2.125160,89.885884,-89.674415,0.005682,-0.999982,0.001992
5302,neutron,19284.039033,0.000000,1.444283,-92.000000,2.177655,89.431482,-90.245085,-0.004277,-0.999942,0.009922
5090,gamma,0.140960,1771.566256,1.255996,-92.000000,-2.187597,123.984959,-38.126012,0.652282,-0.511933,-0.558975
5204,gamma,5.241414,2444.724344,-0.714936,-92.000000,1.131722,87.169125,-130.790875,-0.652503,-0.756175,0.049388
5091,neutron,19511.576325,1002.237175,-1.114374,-92.000000,-0.307801,90.000000,-90.000000,0.000000,-1.000000,0.000000
5303,gamma,0.264274,1555.317748,1.160326,-92.000000,-0.580545,123.082626,-51.093578,0.526233,-0.652019,-0.545848
5205,neutron,6.254190,1710.401549,-1.140923,-92.000000,0.418441,46.451073,-76.999537,0.163047,-0.706209,0.688974
5304,neutron,19511.576325,2208.643918,1.511949,-92.000000,1.879735,90.000000,-90.000000,0.000000,-1.000000,0.000000
5305,neutron,19509.029386,0.000000,-0.634708,-92.000000,-2.554143,90.596384,-90.761987,-0.013298,-0.999857,-0.010409
5093,gamma,0.315817,3.600935,-2.634330,-92.000000,2.254921,90.365446,-72.615438,0.298778,-0.954301,-0.006378
5094,neutron,19511.576325,0.000000,0.207060,-92.000000,0.911412,90.000000,-90.000000,0.000000,-1.000000,0.000000
5095,neutron,19511.576325,1212.898662,-1.828027,-92.000000,0.884956,90.000000,-90.000000,0.000000,-1.000000,0.000000
5159,neutron,19511.576325,1722.879094,1.271848,-92.000000,-1.878953,90.000000,-90.000000,0.000000,-1.000000,0.000000
5160,neutron,19511.576325,0.000000,-2.997066,-92.000000,0.845658,90.000000,-90.000000,0.000000,-1.000000,0.000000
5306,neutron,24.895277,1801.780830,-0.824987,-92.000000,1.725822,41.006174,-112.721975,-0.253441,-0.605217,0.754639
5206,pi+,525.603828,3543.032887,-2.146714,-92.000000,-0.740433,62.774901,-94.774099,-0.074007,-0.886131,0.457488
5207,neutron,19511.576325,0.003148,2.102087,-92.000000,-2.193710,90.000000,-90.000000,0.000000,-1.000000,0.000000
5208,neutron,19511.576325,0.000000,1.182562,-92.000000,-1.336396,90.000000,-90.000000,0.000000,-1.000000,0.000000
5161,gamma,0.152736,2318.288247,1.202111,-92.000000,2.233822,75.930177,-101.961562,-0.201038,-0.948938,0.243104
5162,neutron,19511.576325,756.798861,-0.448578,-92.000000,-0.202115,90.000000,-90.000000,0.000000,-1.000000,0.000000
5096,anti_nu_mu,163.145069,365.563316,2.765122,-92.000000,-0.829427,93.896609,-83.777962,0.108131,-0.991811,-0.067956
5097,neutron,7435.582079,91.306316,-0.048584,-92.000000,-0.538644,89.709336,-88.197760,0.031449,-0.999492,0.005073
5098,neutron,19511.576325,0.000000,-0.277659,-92.000000,1.331435,90.000000,-90.000000,0.000000,-1.000000,0.000000
5307,neutron,57.718477,3154.905376,-0.673980,-92.000000,-0.556060,127.231827,-90.953379,-0.013248,-0.796084,-0.605041
5209,gamma,0.193795,1643.111724,-1.342215,-92.000000,-2.177194,82.981896,-136.669866,-0.721962,-0.681060,0.122183
5210,neutron,19511.576325,0.053304,0.462874,-92.000000,-2.290676,90.000000,-90.000000,0.000000,-1.000000,0.000000
5099,gamma,0.469385,95.715983,1.667789,-92.000000,-1.356511,76.603124,-53.509171,0.578512,-0.782075,0.231695
5308,nu_mu,11.570120,2200.693908,2.047999,-92.000000,0.229554,86.514751,-54.688557,0.576952,-0.814513,0.060792
5211,neutron,19511.439749,1980.979207,-1.739784,-92.000000,2.906712,89.887312,-90.138937,-0.002425,-0.999995,0.001967
5309,neutron,14749.122829,0.000000,-2.854224,-92.000000,-2.870741,91.867087,-91.722634,-0.030045,-0.999017,-0.032581
5400,pi-,1825.040384,1910.500813,-0.381639,-92.000000,0.418934,88.210420,-104.758052,-0.254614,-0.966538,0.031229
5310,neutron,19511.576325,2240.411321,-0.477640,-92.000000,-2.397101,90.000000,-90.000000,0.000000,-1.000000,0.000000
5401,neutron,19511.576325,370.132340,-0.702594,-92.000000,0.316254,90.000000,-90.000000,0.000000,-1.000000,0.000000
5402,neutron,19511.576325,743.441551,0.575584,-92.000000,-2.587624,90.000000,-90.000000,0.000000,-1.000000,0.000000
5212,gamma,0.146117,2588.418270,-1.240971,-92.000000,-2.762569,117.821417,-129.170160,-0.558614,-0.685657,-0.466717
5164,neutron,310.434594,4175.505454,-0.571018,-92.000000,-0.531325,113.858458,-107.740337,-0.278666,-0.871058,-0.404479
5165,neutron,19511.259120,0.000000,1.292023,-92.000000,-1.151720,90.267639,-89.948070,0.000906,-0.999989,-0.004671
5166,gamma,1.868225,99.905535,-1.890030,-92.000000,0.777564,67.326251,-123.402558,-0.507971,-0.770304,0.385483
5311,deuteron,161.875950,2692.629935,-0.919986,-92.000000,1.818365,78.936891,-56.090071,0.547521,-0.814493,0.191890
5213,neutron,19335.845718,394.338193,-2.080818,-92.000000,-2.928802,90.431500,-91.089910,-0.019021,-0.999791,-0.007531
5312,gamma,0.070498,5.160266,0.709864,-92.000000,1.249071,89.066032,-117.188950,-0.456866,-0.889386,0.016300
5404,neutron,158.597120,2140.328827,1.974539,-92.000000,2.823586,41.209106,-50.454531,0.419457,-0.508021,0.752310
5405,neutron,19511.086773,0.000000,-0.850514,-92.000000,1.085087,90.319638,-89.901099,0.001726,-0.999983,-0.005579
5167,mu-,570.806716,80.641183,2.615925,-92.000000,-1.737396,89.657522,-88.595388,0.024512,-0.999682,0.005977
5313,neutron,19511.576215,757.743175,2.153270,-92.000000,-2.804435,89.995664,-90.002631,-0.000046,-1.000000,0.000076
5406,pi+,745.217911,2151.685912,2.020402,-92.000000,-2.122349,96.440306,-83.384793,0.114474,-0.987073,-0.112168
5407,neutron,19511.290502,0.000000,-1.505076,-92.000000,-2.181518,89.863153,-89.800234,0.003487,-0.999991,0.002388
5314,gamma,0.111373,1352.119119,-2.851521,-92.000000,-1.953115,75.854390,-103.214106,-0.221659,-0.944003,0.244387
5315,neutron,19511.576325,0.000000,2.280116,-92.000000,0.841191,90.000000,-90.000000,0.000000,-1.000000,0.000000
5316,gamma,0.160116,0.837556,-1.697887,-92.000000,0.902409,73.768919,-73.538382,0.272078,-0.920786,0.279512
5168,pi+,1535.493096,3650.034645,-0.609757,-92.000000,2.843202,91.025467,-94.011259,-0.069941,-0.997391,-0.017897
5169,neutron,19511.576325,0.000000,2.466122,-92.000000,1.406347,90.000000,-90.000000,0.000000,-1.000000,0.000000
5215,neutron,19511.576325,662.191814,2.846309,-92.000000,-1.440103,90.000000,-90.000000,0.000000,-1.000000,0.000000
5216,gamma,1.028175,0.000000,2.774016,-92.000000,-0.754889,95.132907,-106.396573,-0.281152,-0.955484,-0.089466
5170,pi+,1560.568439,545.615330,2.861491,-92.000000,-0.157237,88.424905,-87.048420,0.051473,-0.998296,0.027487
5171,proton,19158.787366,91.282833,2.495790,-92.000000,-1.635639,88.617656,-89.535319,0.008108,-0.999676,0.024124
5172,neutron,19511.507621,0.531264,2.598035,-92.000000,2.485613,89.997933,-90.118699,-0.002072,-0.999998,0.000036
5173,neutron,19511.576325,46.610022,0.686540,-92.000000,0.884833,90.000000,-90.000000,0.000000,-1.000000,0.000000
5317,neutron,5346.790715,1618.447637,1.506476,-92.000000,2.710087,94.024380,-92.607226,-0.045377,-0.996502,-0.070181
5174,neutron,0.166448,164.964894,2.051395,-92.000000,-2.165824,78.314706,-112.056658,-0.367740,-0.907605,0.202536
5175,neutron,19511.205818,0.000000,-1.192648,-92.000000,-2.947504,90.287823,-89.936951,0.001100,-0.999987,-0.005023
5176,neutron,19511.576325,0.000000,-1.712733,-92.000000,-2.069073,90.000000,-90.000000,0.000000,-1.000000,0.000000
5217,anti_nu_mu,36.318133,1419.525337,-0.787453,-92.000000,2.210715,55.828823,-107.505719,-0.248872,-0.789045,0.561667
5177,neutron,14.992264,1027.697230,-1.602414,-92.000000,1.162122,63.096818,-80.758400,0.143217,-0.880197,0.452484
5178,neutron,19511.576325,0.000000,1.253734,-92.000000,2.899168,90.000000,-90.000000,0.000000,-1.000000,0.000000
5319,neutron,19511.240513,119.179663,1.233926,-92.000000,2.471894,89.853007,-89.782556,0.003795,-0.999990,0.002566
5408,neutron,10101.825724,1074.408510,0.559812,-92.000000,2.435015,90.428889,-89.282820,0.012516,-0.999894,-0.007485
5218,neutron,23.365288,3328.611925,-1.773194,-92.000000,0.402139,123.257558,-110.416230,-0.291703,-0.783686,-0.548404
5219,neutron,19511.576325,0.000000,-2.600277,-92.000000,1.100451,90.000000,-90.000000,0.000000,-1.000000,0.000000
5220,proton,17211.030862,699.813494,0.555241,-92.000000,1.726041,90.021443,-91.088754,-0.019001,-0.999819,-0.000374
5221,gamma,5.248158,795.501549,0.834549,-92.000000,1.145465,113.509877,-97.195603,-0.114860,-0.909769,-0.398907
5409,neutron,687.040280,2158.587560,-0.879982,-92.000000,0.449562,110.742246,-88.415900,0.025852,-0.934826,-0.354164
5410,neutron,19511.314633,0.000000,0.114483,-92.000000,-2.310750,90.196837,-89.849752,0.002622,-0.999991,-0.003435
5411,neutron,19511.576325,1764.478885,1.242581,-92.000000,0.276223,90.000000,-90.000000,0.000000,-1.000000,0.000000
5180,pi+,441.349645,594.373071,-1.564585,-92.000000,-0.838188,63.228638,-92.689804,-0.041898,-0.891827,0.450431
5320,pi-,94.837319,4132.214180,-0.160420,-92.000000,-0.898929,68.113619,-59.444792,0.471728,-0.799073,0.372767
5412,neutron,19511.576325,666.086182,2.512415,-92.000000,0.043254,90.000000,-90.000000,0.000000,-1.000000,0.000000
5223,pi-,7110.379065,1013.079442,2.202403,-92.000000,-0.115446,92.629945,-92.010737,-0.035050,-0.998332,-0.045885
5181,neutron,0.064816,171.613044,-0.418376,-92.000000,2.260098,64.500244,-89.884612,0.001818,-0.902585,0.430507
5321,gamma,0.594633,3754.830039,2.367569,-92.000000,-2.587644,83.505908,-67.460739,0.380857,-0.917691,0.113101
5224,mu-,2695.704337,92.443041,0.170603,-92.000000,2.194493,88.883409,-89.902958,0.001693,-0.999809,0.019487
5225,neutron,19511.576325,2.094178,2.125482,-92.000000,2.710721,90.000000,-90.000000,0.000000,-1.000000,0.000000
5413,anti_nu_mu,49.887312,3489.413106,2.326354,-92.000000,-0.090245,68.843024,-44.239678,0.668137,-0.650636,0.360924
5414,neutron,19511.576325,0.000000,-0.857941,-92.000000,1.559792,90.000000,-90.000000,0.000000,-1.000000,0.000000
5322,neutron,19511.175477,1358.117553,-2.096129,-92.000000,1.727963,90.066289,-89.721009,0.004869,-0.999987,-0.001157
5183,gamma,0.407134,3396.354558,2.835278,-92.000000,0.019858,72.984370,-85.720673,0.071352,-0.953559,0.292633
5184,neutron,19511.576325,307.568757,-1.333970,-92.000000,2.783095,90.000000,-90.000000,0.000000,-1.000000,0.000000
5185,neutron,19511.576325,100.200762,0.782989,-92.000000,2.436133,90.000000,-90.000000,0.000000,-1.000000,0.000000
5226,anti_nu_mu,51.022172,3780.418858,1.439469,-92.000000,-1.417391,131.326320,-57.139321,0.407470,-0.630801,-0.660347
5227,neutron,19511.576325,0.000000,1.296043,-92.000000,2.665754,90.000000,-90.000000,0.000000,-1.000000,0.000000
5228,neutron,19511.015490,0.000000,1.526631,-92.000000,-1.188334,90.247662,-90.169754,-0.002963,-0.999986,-0.004322
5229,neutron,19510.994176,0.000000,-0.864686,-92.000000,2.353854,89.799617,-89.718449,0.004914,-0.999982,0.003497
5230,neutron,19511.576325,0.141900,2.348611,-92.000000,0.542324,90.000000,-90.000000,0.000000,-1.000000,0.000000
5323,neutron,83.055217,2731.227288,-0.185806,-92.000000,-1.256978,102.682158,-116.201936,-0.430764,-0.875353,-0.219542
5231,neutron,19511.088851,1390.572045,1.173781,-92.000000,1.359635,89.883847,-90.058448,-0.001020,-0.999997,0.002027
5232,neutron,19511.576325,0.000000,-1.036175,-92.000000,0.162585,90.000000,-90.000000,0.000000,-1.000000,0.000000
5324,gamma,0.121725,0.062733,-1.608079,-92.000000,-2.711882,81.911516,-74.496728,0.264634,-0.954029,0.140702
5325,neutron,19511.576325,0.000000,1.031497,-92.000000,2.796557,90.000000,-90.000000,0.000000,-1.000000,0.000000
5326,neutron,19511.576325,0.000000,0.737899,-92.000000,-0.344131,90.000000,-90.000000,0.000000,-1.000000,0.000000
5186,neutron,9194.495610,1607.745364,1.431006,-92.000000,1.609298,95.402492,-87.514551,0.043173,-0.994621,-0.094152
5187,neutron,19511.576325,0.000000,-1.912678,-92.000000,2.640811,90.000000,-90.000000,0.000000,-1.000000,0.000000
5233,neutron,0.035056,1740.878049,2.501808,-92.000000,0.989744,78.786210,-67.159175,0.380762,-0.903992,0.194470
5188,pi+,687.293211,2864.831411,0.831318,-92.000000,-2.727634,92.055731,-106.026760,-0.275909,-0.960514,-0.035872
5189,neutron,19511.576325,0.000000,2.951355,-92.000000,-2.300744,90.000000,-90.000000,0.000000,-1.000000,0.000000
5327,neutron,0.034850,1890.468067,0.913891,-92.000000,-0.081424,93.075108,-105.698651,-0.270188,-0.961312,-0.053645
5328,neutron,19511.484654,0.000000,-1.152053,-92.000000,-1.876831,89.741486,-89.925109,0.001307,-0.999989,0.004512
5418,proton,15600.578205,90.473799,2.890488,-92.000000,-2.516451,90.931071,-88.431631,0.027366,-0.999493,-0.016250
5329,neutron,19511.576325,981.577368,2.526847,-92.000000,0.418179,90.000000,-90.000000,0.000000,-1.000000,0.000000
5330,neutron,19511.576325,0.000000,2.241791,-92.000000,0.326308,90.000000,-90.000000,0.000000,-1.000000,0.000000
5420,pi-,940.717974,621.107548,-2.638720,-92.000000,1.204477,99.952739,-106.677046,-0.282658,-0.943521,-0.172836
5421,neutron,19511.576325,284.550344,-0.586025,-92.000000,0.912469,90.000000,-90.000000,0.000000,-1.000000,0.000000
5422,neutron,19511.576325,0.002206,0.507826,-92.000000,-1.351049,90.000000,-90.000000,0.000000,-1.000000,0.000000
5423,gamma,0.391469,2.536220,0.639983,-92.000000,-1.865559,76.399099,-125.265759,-0.561179,-0.793586,0.235157
5424,neutron,19511.453291,0.000000,0.540992,-92.000000,2.160423,89.830468,-90.009383,-0.000164,-0.999996,0.002959
5331,gamma,11.449973,2211.500728,-1.284035,-92.000000,-2.887399,105.674648,-64.571736,0.413413,-0.869538,-0.270174
5332,neutron,19511.576325,0.000000,-0.156350,-92.000000,2.779492,90.000000,-90.000000,0.000000,-1.000000,0.000000
5425,neutron,9655.800587,947.065806,-0.086775,-92.000000,1.489444,85.079118,-91.822122,-0.031679,-0.995810,0.085780
5234,neutron,6594.303253,3023.600182,-0.154069,-92.000000,1.080152,87.826317,-93.169510,-0.055250,-0.997752,0.037929
5426,e+,140.337233,146.296354,-2.916889,-92.000000,-2.998138,90.900433,-89.231158,0.013417,-0.999786,-0.015715
5190,neutron,0.000059,3271.646547,-1.947873,-92.000000,0.215290,92.231580,-73.342015,0.286441,-0.957306,-0.038939
5191,neutron,19510.378108,0.000000,-1.438566,-92.000000,1.963123,89.838445,-89.495342,0.008808,-0.999957,0.002820
5333,proton,1223.441055,3085.112250,2.667644,-92.000000,-2.060557,95.497716,-84.212270,0.100379,-0.990326,-0.095806
5235,mu-,4202.004691,81.107386,-0.904311,-92.000000,0.063957,91.577688,-89.901662,0.001716,-0.999619,-0.027532
5334,gamma,1.477450,1715.860505,1.904656,-92.000000,1.855692,92.943126,-63.085238,0.452067,-0.890505,-0.051345
5428,gamma,2.358687,600.224478,1.489257,-92.000000,1.081292,73.034036,-59.014287,0.492418,-0.819985,0.291804
5236,neutron,0.293445,2604.737787,-2.058265,-92.000000,1.254391,100.922176,-81.869545,0.138866,-0.972016,-0.189475
5237,neutron,11273.592726,314.935790,2.153029,-92.000000,2.687876,89.985034,-91.665397,-0.029063,-0.999578,0.000261
5429,gamma,2.230347,3053.653281,-1.008484,-92.000000,0.399606,91.736133,-107.283516,-0.296964,-0.954408,-0.030297
5194,mu+,483.823490,185.601107,2.982720,-92.000000,-1.134880,88.484961,-87.710863,0.039928,-0.998853,0.026439
5238,neutron,10181.159810,4668.066059,2.309177,-92.000000,-0.944798,91.251213,-91.013283,-0.017680,-0.999605,-0.021836
5336,neutron,0.005179,1438.120192,-0.788254,-92.000000,1.045090,51.736491,-116.169826,-0.346286,-0.704684,0.619279
5431,gamma,3.080235,207.855800,0.204900,-92.000000,-0.790928,102.160169,-104.983144,-0.252734,-0.944327,-0.210645
5432,neutron,19468.036000,0.000000,-1.548550,-92.000000,2.504638,89.684601,-89.912798,0.001522,-0.999984,0.005505
5337,neutron,19511.576325,742.196651,1.540897,-92.000000,0.654806,90.000000,-90.000000,0.000000,-1.000000,0.000000
5338,neutron,19511.576325,459.998532,2.958952,-92.000000,-1.797237,90.000000,-90.000000,0.000000,-1.000000,0.000000
5339,gamma,1.177898,1682.945729,-0.626869,-92.000000,-2.640385,108.933306,-105.232460,-0.248521,-0.912665,-0.324467
5195,gamma,1.015543,3786.681865,-2.077284,-92.000000,-1.033383,95.437257,-99.080264,-0.157108,-0.983025,-0.094756
5433,gamma,4.836417,1794.004546,-1.676723,-92.000000,0.077901,119.442151,-77.805360,0.183953,-0.851202,-0.491545
5196,neutron,19511.576325,758.575528,-2.045929,-92.000000,1.889510,90.000000,-90.000000,0.000000,-1.000000,0.000000
5197,neutron,19511.576325,0.000000,2.797095,-92.000000,-1.399502,90.000000,-90.000000,0.000000,-1.000000,0.000000
5340,neutron,19511.271303,1819.012531,0.263015,-92.000000,2.662913,89.856584,-89.847239,0.002666,-0.999993,0.002503
5198,pi-,282.057893,1069.922132,2.770552,-92.000000,-0.407916,135.907971,-79.242954,0.129870,-0.683586,-0.718223
5199,neutron,19511.576325,0.021409,2.989935,-92.000000,-0.165751,90.000000,-90.000000,0.000000,-1.000000,0.000000
5240,proton,187.676749,4051.605152,1.249717,-92.000000,2.585373,60.020333,-90.774037,-0.011702,-0.866124,0.499693
5341,e-,0.945282,1226.254216,-3.000000,-92.145228,-2.987929,101.795075,-40.563983,0.743640,-0.636566,-0.204412
5435,gamma,0.332162,2719.539821,-1.366500,-92.000000,1.520522,74.053538,-97.433251,-0.124393,-0.953438,0.274739
5342,neutron,19511.576325,816.730053,0.468482,-92.000000,-1.634283,90.000000,-90.000000,0.000000,-1.000000,0.000000
5500,neutron,6924.450105,0.000000,1.113589,-92.000000,0.571507,89.786225,-89.090399,0.015875,-0.999867,0.003731
5501,neutron,37.213283,265.770877,-2.313856,-92.000000,-1.117579,77.865025,-103.966416,-0.235960,-0.948753,0.210215
5241,gamma,0.270143,2109.724507,2.653417,-92.000000,0.624930,92.806744,-55.728562,0.562439,-0.825388,-0.048967
5436,neutron,19511.576325,3035.326633,2.854347,-92.000000,2.809737,90.000000,-90.000000,0.000000,-1.000000,0.000000
5437,neutron,19511.576325,0.000000,-0.657104,-92.000000,-0.983334,90.000000,-90.000000,0.000000,-1.000000,0.000000
5343,neutron,21.354520,2672.724941,-0.822555,-92.000000,-1.273144,135.034399,-97.469877,-0.091872,-0.700685,-0.707531
5243,mu+,182.841559,2204.967143,2.293183,-92.000000,-0.284835,91.873179,-89.416582,0.010177,-0.999414,-0.032687
5244,neutron,19511.576325,545.959530,2.275713,-92.000000,0.779544,90.000000,-90.000000,0.000000,-1.000000,0.000000
5245,neutron,19511.576325,0.000000,-0.457687,-92.000000,-1.057751,90.000000,-90.000000,0.000000,-1.000000,0.000000
5246,neutron,19511.576325,186.191225,2.483979,-92.000000,-0.680418,90.000000,-90.000000,0.000000,-1.000000,0.000000
5502,neutron,0.194233,4365.426532,2.467614,-92.000000,-0.730992,110.075545,-64.841062,0.399300,-0.850137,-0.343259
5503,neutron,19511.508286,0.454218,-1.344047,-92.000000,2.906663,89.833170,-90.007289,-0.000127,-0.999996,0.002912
5504,neutron,3.099649,12.300941,1.232190,-92.000000,-2.416815,111.234175,-46.453460,0.642170,-0.675606,-0.362181
5247,neutron,19511.576325,1078.922448,2.234778,-92.000000,-2.883438,90.000000,-90.000000,0.000000,-1.000000,0.000000
5248,neutron,19511.576325,0.000000,-0.050358,-92.000000,-2.771420,90.000000,-90.000000,0.000000,-1.000000,0.000000
5505,gamma,0.191207,1642.395844,1.996541,-92.000000,-0.754112,87.666861,-41.812154,0.744717,-0.666138,0.040710
5249,gamma,0.974451,1129.409582,2.710145,-92.000000,0.104673,73.983903,-86.365305,0.060934,-0.959251,0.275907
5506,neutron,19511.576325,325.593860,-0.890140,-92.000000,1.685710,90.000000,-90.000000,0.000000,-1.000000,0.000000
5344,neutron,517.222753,2086.208008,0.703631,-92.000000,-2.038988,89.221874,-93.886322,-0.067771,-0.997608,0.013580
5345,neutron,19511.576325,0.000000,0.072414,-92.000000,-2.881501,90.000000,-90.000000,0.000000,-1.000000,0.000000
5438,pi+,1276.848511,4286.984537,1.842785,-92.000000,-1.407785,78.803612,-94.811002,-0.082273,-0.977511,0.194173
5346,neutron,0.000058,425.888989,0.257258,-92.000000,-0.719482,133.217252,-115.652608,-0.315491,-0.656932,-0.684767
5347,neutron,19511.576325,0.000000,0.771576,-92.000000,-2.720428,90.000000,-90.000000,0.000000,-1.000000,0.000000
5348,gamma,0.350686,13.084950,0.012074,-92.000000,-1.254669,96.443908,-42.055402,0.737807,-0.665617,-0.112230
5507,neutron,19510.535813,3708.209369,2.224416,-92.000000,0.526890,89.920251,-90.457666,-0.007988,-0.999967,0.001392
5508,neutron,19510.451435,984.438465,-0.958346,-92.000000,1.648187,89.599643,-89.678580,0.005610,-0.999960,0.006987
5509,neutron,2.848339,188.135920,-1.679414,-92.000000,0.009944,86.811031,-102.209361,-0.211157,-0.975868,0.055629
5510,neutron,19511.576325,0.000000,-1.839210,-92.000000,-1.186935,90.000000,-90.000000,0.000000,-1.000000,0.000000
5511,neutron,19511.576325,0.000000,1.639500,-92.000000,0.680975,90.000000,-90.000000,0.000000,-1.000000,0.000000
5512,gamma,0.100539,91.104132,-1.243106,-92.000000,2.367550,78.845483,-74.649505,0.259722,-0.946107,0.193456
5251,neutron,19511.576325,541.017924,0.634022,-92.000000,-1.305236,90.000000,-90.000000,0.000000,-1.000000,0.000000
5349,pi-,2002.012844,1886.055371,-0.073675,-92.000000,-1.174590,90.553556,-105.139396,-0.261156,-0.965248,-0.009661
5440,neutron,19511.576325,0.000000,2.717100,-92.000000,-0.209524,90.000000,-90.000000,0.000000,-1.000000,0.000000
5441,neutron,0.792653,350.451903,-0.054358,-92.000000,-1.321187,91.472895,-119.703306,-0.495345,-0.868316,-0.025704
5350,pi+,411.404924,1914.677941,1.410246,-92.000000,1.307866,88.954036,-70.838200,0.328182,-0.944438,0.018254
5442,pi-,3271.273024,671.434859,-2.634523,-92.000000,-2.888786,98.421140,-86.982306,0.052077,-0.987847,-0.146448
5252,gamma,0.113557,2152.244635,-1.231535,-92.000000,1.117165,115.227820,-69.311281,0.319594,-0.846285,-0.426219
5514,gamma,0.390026,1774.298475,1.504823,-92.000000,1.950598,75.716023,-80.195619,0.165020,-0.954931,0.246728
5351,gamma,0.108333,3159.988506,-0.135720,-92.000000,-1.249531,97.029474,-103.534295,-0.232268,-0.964922,-0.122380
5253,neutron,12359.549816,0.000000,2.165737,-92.000000,-1.601218,90.431249,-89.076078,0.016124,-0.999842,-0.007527
5352,neutron,37.550036,2126.119185,-0.166898,-92.000000,-1.413853,86.570367,-71.749812,0.312606,-0.947997,0.059823
5353,neutron,19511.309505,0.000000,0.121225,-92.000000,2.167890,89.571715,-89.624456,0.006554,-0.999951,0.007475
5254,proton,767.000421,2947.917353,1.319886,-92.000000,-2.862446,90.838345,-89.357469,0.011213,-0.999830,-0.014631
5516,neutron,44.382011,2201.134064,-2.194250,-92.000000,-2.277812,127.688603,-102.098946,-0.165866,-0.773767,-0.611370
5517,neutron,5.931414,4.441052,2.565143,-92.000000,0.892808,87.184677,-89.174015,0.014398,-0.998689,0.049117
5443,e+,34.591018,1845.719953,0.408320,-92.000000,1.576237,91.333107,-95.705629,-0.099391,-0.994776,-0.023265
5354,neutron,6003.856339,2477.588336,2.604996,-92.000000,-1.257178,90.098349,-89.846042,0.002687,-0.999995,-0.001717
5255,gamma,0.117534,3952.732322,-2.778064,-92.000000,1.392583,102.822920,-129.450544,-0.619565,-0.752916,-0.221939
5444,gamma,0.085541,3343.027550,1.089143,-92.000000,-1.380724,77.841412,-110.620056,-0.344270,-0.914942,0.210618
5355,neutron,2054.594819,2106.703251,1.894089,-92.000000,-0.459290,97.304718,-84.249888,0.099377,-0.986893,-0.127146
5256,neutron,19511.034055,844.414507,1.447127,-92.000000,2.621020,90.333342,-90.011214,-0.000196,-0.999983,-0.005818
5519,gamma,0.510999,959.322297,-1.272735,-92.000000,-2.053771,108.695741,-131.358114,-0.625898,-0.710989,-0.320543
5445,gamma,5.129022,848.059506,-2.734712,-92.000000,-1.274774,116.219130,-123.541690,-0.495693,-0.747728,-0.441805
5257,neutron,19511.576325,1353.507960,-2.745317,-92.000000,0.571730,90.000000,-90.000000,0.000000,-1.000000,0.000000
5446,proton,1992.478065,1227.565953,2.373257,-92.000000,-2.059892,96.709707,-95.755220,-0.099592,-0.988145,-0.116839
5447,proton,17548.964836,88.913460,-0.917424,-92.000000,-0.845107,89.624783,-88.731403,0.022139,-0.999733,0.006549
5356,proton,150.707951,3939.011705,0.483697,-92.000000,0.875262,95.503099,-117.307240,-0.456647,-0.884464,-0.095900
5357,neutron,5.737486,368.517261,-0.946623,-92.000000,2.212005,53.764764,-127.338843,-0.489223,-0.641295,0.591102
5358,neutron,10774.905731,326.544475,0.777187,-92.000000,-2.474660,87.342001,-89.707510,0.005099,-0.998911,0.046374
5520,gamma,0.475169,3629.033571,0.603003,-92.000000,1.873018,89.242895,-48.610349,0.661119,-0.750165,0.013214
5359,neutron,119.639998,144.383855,1.158410,-92.000000,2.640120,87.846437,-73.946627,0.276337,-0.960326,0.037578
5360,neutron,19511.576325,605.203000,2.897845,-92.000000,-2.700562,90.000000,-90.000000,0.000000,-1.000000,0.000000
5258,neutron,18614.096043,99.994513,-1.700068,-92.000000,0.734698,89.241760,-90.419666,-0.007324,-0.999886,0.013233
5521,gamma,0.233879,1792.734805,-2.472608,-92.000000,1.987451,124.735870,-158.909618,-0.766739,-0.295712,-0.569794
5448,nu_mu,112.494532,0.232248,-3.000000,-92.044571,-2.290896,92.910096,-85.707060,0.074759,-0.995908,-0.050769
5259,gamma,0.077347,1219.021829,2.569048,-92.000000,2.946874,48.582635,-65.044027,0.316404,-0.679893,0.661539
5260,neutron,19511.263378,1409.425153,-1.572549,-92.000000,-2.226663,90.026610,-89.748028,0.004398,-0.999990,-0.000464
5261,neutron,19511.576325,135.510942,-0.452270,-92.000000,-1.038676,90.000000,-90.000000,0.000000,-1.000000,0.000000
5361,pi-,1525.503260,3776.227983,-1.011192,-92.000000,-0.779021,91.981317,-79.554658,0.181189,-0.982840,-0.034574
5449,neutron,22.752216,1867.308617,-0.425915,-92.000000,0.990263,63.950288,-109.732261,-0.303327,-0.845659,0.439151
5522,gamma,0.134347,4365.265317,-1.445199,-92.000000,-2.851341,112.036214,-128.159056,-0.572711,-0.728857,-0.375193
5362,neutron,19510.793502,2216.741818,2.551811,-92.000000,-0.272557,89.572861,-89.968573,0.000548,-0.999972,0.007455
5363,neutron,0.000001,2425.286722,-0.370989,-92.000000,-0.727815,83.850996,-80.832047,0.158412,-0.981546,0.107114
5451,anti_nu_mu,40.622112,1581.526212,2.593651,-92.000000,1.694962,102.037947,-31.384775,0.834916,-0.509331,-0.208559
5263,gamma,0.087112,759.538669,-1.892607,-92.000000,1.060847,53.893981,-110.141561,-0.278203,-0.758519,0.589281
5452,proton,886.564131,1384.669235,-1.197007,-92.000000,0.841312,79.651651,-87.671576,0.039967,-0.982922,0.179632
5264,neutron,15513.334588,920.646714,-0.221840,-92.000000,-1.000123,89.746954,-88.793623,0.021053,-0.999769,0.004416
5364,pi-,889.332221,3335.076355,-0.867253,-92.000000,2.079271,89.996306,-122.977689,-0.544312,-0.838883,0.000064
5453,neutron,10.163772,772.036487,0.744687,-92.000000,0.781862,71.073287,-120.164556,-0.475318,-0.817841,0.324358
5524,mu-,401.712546,86.891318,-1.708468,-92.000000,-2.800611,89.536073,-94.445845,-0.077514,-0.996958,0.008097
5454,neutron,19305.482124,10.965069,-0.914184,-92.000000,-1.832523,91.021874,-90.445131,-0.007768,-0.999811,-0.017834
5455,neutron,19511.479294,0.000000,1.454740,-92.000000,0.866407,90.191896,-90.054258,-0.000947,-0.999994,-0.003349
5265,neutron,19511.297770,2893.504393,-2.917940,-92.000000,2.139295,89.761461,-90.091487,-0.001597,-0.999990,0.004163
5525,proton,15933.527974,712.328269,-1.957171,-92.000000,1.364011,90.044644,-89.845464,0.002697,-0.999996,-0.000779
5526,gamma,0.090142,730.039736,2.706570,-92.000000,0.208986,83.808628,-85.406394,0.079621,-0.990974,0.107850
5366,pi+,1780.707654,1940.468762,1.720505,-92.000000,-0.928023,72.872069,-78.019459,0.198373,-0.934834,0.294506
5527,e+,51.344144,107.909514,1.636225,-92.000000,-0.607903,96.529855,-68.206695,0.368851,-0.922506,-0.113721
5266,neutron,19511.576325,1470.103985,1.948349,-92.000000,0.169314,90.000000,-90.000000,0.000000,-1.000000,0.000000
5456,neutron,198.774088,1257.516164,1.947955,-92.000000,1.184551,106.872665,-102.464374,-0.206541,-0.934397,-0.290246
5457,neutron,19511.576325,0.000000,-2.571370,-92.000000,-1.585074,90.000000,-90.000000,0.000000,-1.000000,0.000000
5267,neutron,36.421678,53.295568,0.224282,-92.000000,1.398838,70.957584,-136.909628,-0.690314,-0.645767,0.326268
5367,neutron,19511.576325,4485.356570,0.391030,-92.000000,2.457486,90.000000,-90.000000,0.000000,-1.000000,0.000000
5268,proton,2670.140136,1993.551022,1.687955,-92.000000,0.886693,86.339257,-90.353266,-0.006153,-0.997941,0.063849
5269,neutron,19511.576325,0.000000,-0.222014,-92.000000,1.933888,90.000000,-90.000000,0.000000,-1.000000,0.000000
5458,pi+,2485.384954,2875.608298,2.911440,-92.000000,0.120655,84.148452,-87.039771,0.051374,-0.993462,0.101951
5459,pi+,1290.461885,781.089269,-0.205594,-92.000000,-1.477585,106.531853,-75.194890,0.244969,-0.926835,-0.284548
5460,neutron,19511.576325,0.035244,-2.498024,-92.000000,0.677787,90.000000,-90.000000,0.000000,-1.000000,0.000000
5528,neutron,8764.562489,4574.132682,-1.182873,-92.000000,-2.099732,90.331912,-90.592425,-0.010339,-0.999930,-0.005793
5368,anti_nu_mu,133.659994,0.000000,0.796664,-92.000000,-0.697930,87.722916,-96.594500,-0.114751,-0.992599,0.039732
5270,neutron,0.009929,1670.760445,2.600384,-92.000000,2.832932,89.419769,-39.324278,0.773532,-0.633676,0.010127
5271,neutron,19511.576325,0.000000,-2.476720,-92.000000,-1.757197,90.000000,-90.000000,0.000000,-1.000000,0.000000
5272,neutron,19511.576325,35.620000,-2.044696,-92.000000,0.365271,90.000000,-90.000000,0.000000,-1.000000,0.000000
5369,neutron,1986.410336,1520.691166,2.543218,-92.000000,1.581804,93.281163,-90.519477,-0.009052,-0.998320,-0.057236
5461,pi+,2531.477727,3491.198487,-2.561536,-92.000000,-0.942000,77.203102,-83.897332,0.103670,-0.969635,0.221496
5274,neutron,19511.576325,0.000000,-2.982946,-92.000000,-2.978557,90.000000,-90.000000,0.000000,-1.000000,0.000000
5529,neutron,19511.576325,3605.596126,2.141854,-92.000000,0.650121,90.000000,-90.000000,0.000000,-1.000000,0.000000
5530,mu+,79.937633,348.252798,-0.152656,-92.000000,0.499298,54.746181,-74.078895,0.224005,-0.785278,0.577200
5531,neutron,19511.320850,420.279291,-1.037352,-92.000000,0.918158,90.239355,-90.050715,-0.000885,-0.999991,-0.004178
5275,e+,2.390297,739.290948,1.001147,-92.000000,-1.393418,89.636873,-68.316204,0.369477,-0.929218,0.006338
5532,gamma,0.086613,555.318277,2.599641,-92.000000,-2.889320,110.834614,-44.877959,0.662276,-0.659461,-0.355672
5463,gamma,0.220267,1577.730219,-2.959032,-92.000000,-0.809462,60.680232,-123.862619,-0.485826,-0.724005,0.489683
5276,gamma,599.185348,237.736576,2.729863,-92.000000,-0.983051,94.456638,-107.935968,-0.307023,-0.948525,-0.077705
5533,pi-,5116.159214,86.073663,-0.973236,-92.000000,-1.877161,90.705999,-90.789305,-0.013774,-0.999829,-0.012322
5371,neutron,143.905419,197.999505,2.949242,-92.000000,-1.127009,118.600658,-100.661450,-0.162431,-0.862821,-0.478702
5372,neutron,15235.218633,670.632273,-1.834476,-92.000000,0.305463,88.058294,-87.999310,0.034891,-0.998817,0.033883
5464,pi+,459.484197,1946.285713,2.686331,-92.000000,0.887840,97.818903,-51.593644,0.615459,-0.776339,-0.136042
5465,neutron,19511.576325,0.000000,-0.444428,-92.000000,-2.548396,90.000000,-90.000000,0.000000,-1.000000,0.000000
5277,anti_nu_mu,1278.751006,1094.781515,-2.387692,-92.000000,-0.023598,88.853964,-89.348840,0.011362,-0.999735,0.020001
5278,neutron,19511.576325,0.090477,-1.808041,-92.000000,-1.391459,90.000000,-90.000000,0.000000,-1.000000,0.000000
5373,gamma,1.496452,1877.032808,0.269281,-92.000000,1.208265,110.656651,-109.886519,-0.318290,-0.879913,-0.352767
5466,neutron,0.063719,2962.342851,-0.263873,-92.000000,-0.788034,82.412007,-126.575531,-0.590664,-0.796040,0.132049
5467,gamma,0.562891,1088.751378,-0.619209,-92.000000,2.084659,73.389132,-98.386828,-0.139769,-0.948021,0.285870
5374,neutron,19511.068601,2530.512693,-1.318393,-92.000000,-0.320588,89.704237,-89.870850,0.002254,-0.999984,0.005162
5279,neutron,0.000003,75.010805,2.940328,-92.000000,2.306571,91.278370,-105.082456,-0.260144,-0.965312,-0.022310
5375,neutron,17646.392696,839.955808,-2.514060,-92.000000,1.883542,87.845571,-89.720469,0.004875,-0.999281,0.037593
5468,pi-,1358.589537,2848.564985,1.128879,-92.000000,0.125239,93.822802,-89.346604,0.011378,-0.997710,-0.066671
5469,neutron,19510.932274,0.176990,2.902087,-92.000000,2.141577,90.088498,-90.506102,-0.008833,-0.999960,-0.001545
5280,e+,39.526970,458.010412,-0.607280,-92.000000,0.069146,64.830378,-91.197639,-0.018917,-0.904855,0.425299
5470,proton,7854.095365,1016.898201,-0.942157,-92.000000,0.359396,90.390286,-88.250189,0.030535,-0.999511,-0.006812
5471,proton,19190.805294,79.172878,-2.974384,-92.000000,1.026476,90.484148,-89.626833,0.006513,-0.999943,-0.008450
5534,gamma,0.084774,544.859805,-1.870354,-92.000000,-0.128477,60.387138,-141.903854,-0.684185,-0.536395,0.494137
5281,gamma,0.066428,2013.159786,-1.549267,-92.000000,2.799518,77.074292,-83.308891,0.113564,-0.968022,0.223687
5472,gamma,0.394038,905.856547,0.685518,-92.000000,0.565964,126.133867,-92.438697,-0.034366,-0.806910,-0.589674
5473,neutron,19510.835106,0.000000,-0.863966,-92.000000,0.924321,89.829100,-89.437415,0.009819,-0.999947,0.002983
5377,gamma,126.107592,467.369050,-0.840799,-92.000000,0.293093,85.469653,-95.300946,-0.092098,-0.992612,0.078987
5535,neutron,139.928506,2123.944794,-0.483224,-92.000000,0.791111,117.115756,-115.818405,-0.387651,-0.801238,-0.455790
5282,gamma,0.187683,2157.698856,1.456225,-92.000000,2.200177,82.055079,-41.398980,0.742923,-0.654951,0.138221
5378,gamma,16.271542,0.000000,-0.123256,-92.000000,-1.890755,70.022356,-86.453778,0.058132,-0.938026,0.341653
5474,neutron,170.590793,3121.072674,1.366645,-92.000000,-1.666762,107.222468,-96.400789,-0.106484,-0.949208,-0.296083
5283,e+,47.790968,683.617018,-0.346039,-92.000000,-0.205582,82.984764,-81.406882,0.148298,-0.981372,0.122133
5536,neutron,42.677755,2080.088527,-1.211658,-92.000000,1.332005,66.619440,-105.774672,-0.249533,-0.883320,0.396836
5537,neutron,19511.576325,0.000000,-1.360396,-92.000000,2.932230,90.000000,-90.000000,0.000000,-1.000000,0.000000
5379,gamma,0.111194,1065.711229,1.222971,-92.000000,-0.315533,108.293402,-35.517993,0.772798,-0.551598,-0.313883
5538,neutron,19511.576325,266.781363,-2.430003,-92.000000,-2.565210,90.000000,-90.000000,0.000000,-1.000000,0.000000
5380,neutron,19510.961091,141.350249,-1.332880,-92.000000,1.544066,90.301886,-89.598720,0.007004,-0.999962,-0.005269
5540,neutron,19511.576325,229.408210,-0.720117,-92.000000,1.507529,90.000000,-90.000000,0.000000,-1.000000,0.000000
5475,neutron,0.728433,3401.260469,2.076633,-92.000000,1.136557,64.159681,-100.913214,-0.170392,-0.883736,0.435865
5382,neutron,19511.576325,0.000000,-1.013227,-92.000000,2.010814,90.000000,-90.000000,0.000000,-1.000000,0.000000
5284,proton,18615.698792,2426.165410,-1.049821,-92.000000,0.261133,90.652253,-91.127633,-0.019678,-0.999742,-0.011384
5541,neutron,0.034262,2361.133198,1.022868,-92.000000,0.595771,101.173525,-84.410858,0.095548,-0.976381,-0.193781
5542,gamma,5.134158,1530.493102,1.464893,-92.000000,-1.833505,77.780236,-92.390589,-0.040766,-0.976492,0.211662
5476,mu-,898.131244,2363.157085,0.407489,-92.000000,1.726110,83.214302,-87.248555,0.047667,-0.991850,0.118156
5543,neutron,19511.411505,1506.654288,-2.746225,-92.000000,0.515741,90.125786,-89.772560,0.003970,-0.999990,-0.002195
5544,neutron,17879.464272,85.424834,0.735601,-92.000000,2.562605,89.738362,-89.141073,0.014990,-0.999877,0.004566
5383,pi+,2514.455172,3678.347676,-0.315725,-92.000000,-0.852151,98.072511,-88.241109,0.030389,-0.989625,-0.140426
5384,neutron,19511.576325,0.164781,-2.659687,-92.000000,-2.618274,90.000000,-90.000000,0.000000,-1.000000,0.000000
5285,pi+,278.765930,4038.970219,1.016408,-92.000000,-2.008288,99.815551,-95.587609,-0.095942,-0.980680,-0.170477
5545,neutron,10135.587714,1422.717744,2.274726,-92.000000,-0.271995,93.951492,-89.838149,0.002818,-0.997619,-0.068912
5477,gamma,1.401716,2604.554065,-1.527628,-92.000000,-2.429622,80.786867,-69.797059,0.340891,-0.926369,0.160107
5478,neutron,19511.576325,0.000000,-0.941787,-92.000000,-0.887878,90.000000,-90.000000,0.000000,-1.000000,0.000000
5479,neutron,19510.961908,0.000000,-1.366215,-92.000000,1.130456,89.673780,-89.464072,0.009353,-0.999940,0.005694
5286,gamma,0.136474,1495.376123,-2.414121,-92.000000,0.371926,41.563788,-86.321929,0.042561,-0.662087,0.748218
5480,mu-,482.806865,1876.269762,-2.154065,-92.000000,-1.390870,71.900515,-105.262266,-0.250212,-0.916995,0.310668
5287,neutron,19511.576325,544.385183,-0.272238,-92.000000,-0.382575,90.000000,-90.000000,0.000000,-1.000000,0.000000
5386,neutron,64.307481,1452.251037,-1.737904,-92.000000,-0.775780,93.902688,-92.568677,-0.044713,-0.996679,-0.068062
5387,neutron,19511.576325,144.041228,-1.014615,-92.000000,0.185754,90.000000,-90.000000,0.000000,-1.000000,0.000000
5546,neutron,66.525938,3276.322586,2.895808,-92.000000,-2.022928,143.346609,-66.666074,0.236454,-0.548148,-0.802262
5388,neutron,16795.090016,357.381977,2.019835,-92.000000,-1.923183,90.242030,-89.308257,0.012073,-0.999918,-0.004224
5389,neutron,19511.576325,0.000000,2.809342,-92.000000,2.716555,90.000000,-90.000000,0.000000,-1.000000,0.000000
5390,neutron,19511.576325,0.000000,0.123525,-92.000000,-1.656420,90.000000,-90.000000,0.000000,-1.000000,0.000000
5288,neutron,19511.216513,1125.867786,-2.564280,-92.000000,0.775904,90.166878,-90.214392,-0.003742,-0.999989,-0.002913
5481,neutron,5.261978,2769.074328,0.136792,-92.000000,-2.851338,114.248063,-90.451931,-0.007192,-0.911748,-0.410688
5547,neutron,19511.344797,1558.603801,2.202143,-92.000000,-0.463377,89.699271,-90.032841,-0.000573,-0.999986,0.005249
5391,neutron,19510.199194,1668.679728,-1.738348,-92.000000,1.030368,89.531151,-89.679234,0.005598,-0.999951,0.008183
5392,neutron,19511.576325,50.097293,1.900724,-92.000000,0.390349,90.000000,-90.000000,0.000000,-1.000000,0.000000
5548,gamma,0.113244,609.656131,0.403948,-92.000000,0.457229,24.744150,-33.595337,0.348652,-0.231603,0.908186
5289,proton,8449.252119,938.652224,-2.756420,-92.000000,0.238037,90.920080,-90.935133,-0.016318,-0.999738,-0.016058
5393,neutron,1.470313,2563.510757,2.990129,-92.000000,1.903919,86.411733,-51.194117,0.625455,-0.777746,0.062586
5482,neutron,0.027116,4382.134635,-0.548593,-92.000000,-2.153035,125.161538,-130.186413,-0.527534,-0.624553,-0.575884
5483,pi+,1678.519938,198.210107,-2.515753,-92.000000,0.021855,77.551944,-87.071921,0.049882,-0.975217,0.215554
5549,neutron,0.796977,1558.833077,1.686331,-92.000000,2.046057,66.314379,-62.168455,0.427546,-0.809832,0.401718
5290,neutron,9862.034898,2904.033250,1.266765,-92.000000,-0.956867,90.166067,-89.868230,0.002300,-0.999993,-0.002898
5394,neutron,2.643635,2658.004961,-0.273831,-92.000000,0.573278,102.578490,-69.269601,0.345475,-0.912809,-0.217777
5395,neutron,19511.576325,0.000000,-1.327468,-92.000000,-0.052472,90.000000,-90.000000,0.000000,-1.000000,0.000000
5484,gamma,2.054558,2159.613628,-0.758050,-92.000000,0.238121,113.486733,-113.312690,-0.362962,-0.842275,-0.398537
5485,neutron,19511.576325,0.000000,-0.038189,-92.000000,-2.512525,90.000000,-90.000000,0.000000,-1.000000,0.000000
5486,neutron,19511.576325,0.334896,-2.122230,-92.000000,-1.950257,90.000000,-90.000000,0.000000,-1.000000,0.000000
5487,neutron,19511.576325,0.000000,1.955665,-92.000000,0.983428,90.000000,-90.000000,0.000000,-1.000000,0.000000
5488,neutron,19511.576325,0.000000,2.477513,-92.000000,-0.770069,90.000000,-90.000000,0.000000,-1.000000,0.000000
5489,neutron,19511.576325,1205.399134,1.848335,-92.000000,-0.665388,90.000000,-90.000000,0.000000,-1.000000,0.000000
5291,neutron,7264.302767,2013.512181,0.817301,-92.000000,-2.195414,90.276339,-90.983380,-0.017162,-0.999841,-0.004823
5396,neutron,1.563207,1193.728801,-2.090470,-92.200000,-1.702286,147.905391,45.474735,0.372573,0.378799,-0.847172
5397,neutron,19510.313356,0.000000,-0.260480,-92.000000,0.311852,90.042786,-89.457669,0.009465,-0.999955,-0.000747
5550,pi-,1704.244523,1342.025588,-2.472669,-92.000000,-0.860260,93.961618,-90.156349,-0.002722,-0.997607,-0.069088
5490,gamma,2.099706,2893.886185,-0.823755,-92.000000,-0.746206,85.803068,-97.273653,-0.126269,-0.989293,0.073185
5398,neutron,19511.576325,2686.753614,1.958923,-92.000000,0.474196,90.000000,-90.000000,0.000000,-1.000000,0.000000
5399,neutron,55.372870,2717.573467,2.882708,-92.000000,0.595841,114.639111,-76.629690,0.210189,-0.884315,-0.416901
5600,neutron,19510.932761,0.000000,1.126312,-92.000000,-2.541325,90.292166,-89.744184,0.004465,-0.999977,-0.005099
5601,neutron,19511.576325,0.000000,-0.141736,-92.000000,1.224895,90.000000,-90.000000,0.000000,-1.000000,0.000000
5551,neutron,19511.576325,3969.488914,-2.319975,-92.000000,0.506388,90.000000,-90.000000,0.000000,-1.000000,0.000000
5552,neutron,19511.576325,0.000000,-2.426649,-92.000000,-0.770644,90.000000,-90.000000,0.000000,-1.000000,0.000000
5492,gamma,0.144984,445.866598,-2.765045,-92.000000,-2.089016,135.093388,-74.196559,0.192258,-0.679269,-0.708258
5493,gamma,0.164061,718.763638,-1.232624,-92.000000,0.365729,118.829912,-62.586493,0.403344,-0.777680,-0.482211
5494,neutron,19454.004167,0.000000,-0.339377,-92.000000,2.880920,89.916777,-89.727398,0.004758,-0.999988,0.001453
5602,neutron,19511.576325,1354.940431,-1.847747,-92.000000,-2.017960,90.000000,-90.000000,0.000000,-1.000000,0.000000
5603,neutron,19511.414489,0.000000,-1.121095,-92.000000,0.464441,89.820613,-89.924228,0.001322,-0.999994,0.003131
5604,neutron,19511.576325,1107.764381,0.399920,-92.000000,-2.011025,90.000000,-90.000000,0.000000,-1.000000,0.000000
5605,neutron,19511.576325,1.866847,0.351679,-92.000000,-0.597602,90.000000,-90.000000,0.000000,-1.000000,0.000000
5495,neutron,19511.576325,1654.095057,0.355627,-92.000000,-1.495126,90.000000,-90.000000,0.000000,-1.000000,0.000000
5496,pi+,1007.397089,388.196768,2.146915,-92.000000,2.134671,101.708949,-90.488907,-0.008355,-0.979155,-0.202940
5293,anti_nu_mu,36.710094,1883.522446,0.701563,-92.000000,0.455081,83.189636,-126.771394,-0.594400,-0.795378,0.118584
5554,e+,2.428936,0.326993,-2.877054,-92.000000,-0.852169,22.225045,-69.177652,0.134456,-0.353541,0.925705
5606,gamma,2.081297,878.146378,2.340027,-92.000000,-2.023571,89.391566,-87.607872,0.041736,-0.999072,0.010619
5607,gamma,0.329246,120.555817,-1.589136,-92.000000,-0.029350,111.356142,-66.553610,0.370570,-0.854437,-0.364164
5608,neutron,19511.576325,373.553720,1.235981,-92.000000,-1.058161,90.000000,-90.000000,0.000000,-1.000000,0.000000
5294,neutron,0.000023,2847.285469,-2.604305,-92.000000,1.152173,117.778571,-86.967159,0.046811,-0.883516,-0.466056
5498,e+,373.664099,3204.611878,-2.781556,-92.000000,-1.646024,85.584765,-90.307473,-0.005350,-0.997018,0.076984
5609,neutron,19323.562954,1220.611545,0.538411,-92.000000,1.710405,87.775928,-90.057876,-0.001009,-0.999246,0.038808
5555,neutron,6723.728578,3007.250669,-2.943327,-92.000000,2.123270,91.954837,-94.142309,-0.072192,-0.996807,-0.034112
5556,gamma,0.297069,49.195874,2.922916,-92.000000,2.909592,75.170330,-43.109953,0.705727,-0.660637,0.255946
5557,neutron,19511.335371,0.000000,2.724848,-92.000000,-1.505735,89.805844,-90.108316,-0.001890,-0.999992,0.003389
5295,neutron,19511.576325,2939.825322,0.452970,-92.000000,0.538559,90.000000,-90.000000,0.000000,-1.000000,0.000000
5610,neutron,19451.271294,1850.343035,-1.160926,-92.000000,-0.104366,90.495534,-89.773227,0.003958,-0.999955,-0.008649
5499,e+,18.388249,397.822482,1.261682,-92.000000,-0.232397,123.016049,-106.120730,-0.232825,-0.805546,-0.544874
5558,pi+,456.189876,1941.529312,-0.258105,-92.000000,2.151649,95.370423,-106.921513,-0.289784,-0.952505,-0.093594
5700,neutron,19344.225272,2217.166652,-1.449230,-92.000000,-2.188464,88.887880,-90.246069,-0.004294,-0.999802,0.019409
5559,e-,12.643174,1323.347113,-2.687944,-92.000000,-0.028018,101.273470,-93.459297,-0.059175,-0.978918,-0.195492
5701,gamma,0.301411,2437.032901,0.461070,-92.000000,1.836716,96.176301,-88.257508,0.030231,-0.993736,-0.107588
5611,gamma,0.090504,4454.415045,2.998747,-92.000000,-2.100073,139.225144,-49.373088,0.425246,-0.495672,-0.757282
5702,neutron,19511.576325,245.023385,-1.675760,-92.000000,-1.391799,90.000000,-90.000000,0.000000,-1.000000,0.000000
5703,neutron,19511.576325,0.093409,-2.420377,-92.000000,2.259172,90.000000,-90.000000,0.000000,-1.000000,0.000000
5561,neutron,19511.576325,332.572277,0.551520,-92.000000,-0.627377,90.000000,-90.000000,0.000000,-1.000000,0.000000
5704,neutron,74.459316,902.778466,-1.807170,-92.000000,0.401884,62.202925,-142.396190,-0.700827,-0.539784,0.466341
5612,neutron,0.000002,526.562828,-2.387236,-92.000000,-0.631562,114.446815,-102.940177,-0.203857,-0.887227,-0.413848
5297,neutron,19511.576325,829.342624,-2.259636,-92.000000,2.220097,90.000000,-90.000000,0.000000,-1.000000,0.000000
5613,pi+,465.280205,955.418168,-0.590142,-92.000000,-0.400880,86.610455,-82.588223,0.128774,-0.989910,0.059124
5614,neutron,19511.576325,0.000000,-1.855277,-92.000000,-1.576686,90.000000,-90.000000,0.000000,-1.000000,0.000000
5563,neutron,6.500424,2011.551811,1.429197,-92.000000,-0.277495,109.227407,-94.844546,-0.079742,-0.940846,-0.329318
5705,gamma,0.100096,2898.138592,-0.270802,-92.000000,-2.920835,95.422060,-98.140753,-0.140972,-0.985494,-0.094492
5564,gamma,0.116142,1862.962742,-2.964713,-92.000000,2.338052,73.917534,-94.926769,-0.082521,-0.957314,0.277021
5707,neutron,19511.576325,0.000000,-2.272539,-92.000000,2.495644,90.000000,-90.000000,0.000000,-1.000000,0.000000
5708,neutron,2.001457,1.942421,1.943722,-92.000000,-2.377449,113.474163,-54.339546,0.534733,-0.745245,-0.398335
5615,gamma,9.834522,2687.609640,2.761126,-92.000000,0.519243,74.575967,-80.400107,0.160761,-0.950485,0.265960
5298,neutron,2.071073,4309.702299,1.038828,-92.000000,2.782362,70.236985,-94.915741,-0.080643,-0.937638,0.338131
5709,neutron,36.149980,1516.235111,-0.341088,-92.000000,0.006401,67.354505,-52.698810,0.559285,-0.734135,0.385028
5616,neutron,1.888145,1723.806159,-1.887112,-92.000000,-2.084156,129.888399,-92.882444,-0.038585,-0.766324,-0.641294
5565,neutron,2.133639,0.309402,-2.040272,-92.000000,-1.106119,131.447931,-124.314135,-0.422548,-0.619104,-0.661939
5566,neutron,19511.576325,0.000000,-0.229709,-92.000000,2.951758,90.000000,-90.000000,0.000000,-1.000000,0.000000
5299,e+,166.296900,946.277292,-0.312044,-92.000000,2.976741,88.971933,-80.667101,0.162144,-0.986604,0.017942
5617,gamma,6.176052,1167.963872,2.887939,-92.000000,1.170299,76.260133,-54.786020,0.560131,-0.793625,0.237514
5567,gamma,46.212027,140.636558,-1.192841,-92.000000,-2.314392,100.907365,-99.916343,-0.169099,-0.967265,-0.189222
5800,pi-,2296.971421,2534.159879,1.310238,-92.000000,-1.806917,75.132572,-89.843583,0.002639,-0.966519,0.256583
5711,neutron,19511.576325,1905.303863,0.609300,-92.000000,2.461332,90.000000,-90.000000,0.000000,-1.000000,0.000000
5568,neutron,19511.576325,2660.034961,-1.123213,-92.000000,-2.195728,90.000000,-90.000000,0.000000,-1.000000,0.000000
5570,neutron,19511.576325,0.000000,-1.174960,-92.000000,-0.031084,90.000000,-90.000000,0.000000,-1.000000,0.000000
5619,neutron,19511.576325,1572.220645,0.005066,-92.000000,-2.508822,90.000000,-90.000000,0.000000,-1.000000,0.000000
5572,neutron,19488.861413,0.000000,1.553490,-92.000000,-1.373523,90.430830,-89.756597,0.004248,-0.999963,-0.007519
5573,neutron,19511.576325,0.000000,-0.563920,-92.000000,-2.426362,90.000000,-90.000000,0.000000,-1.000000,0.000000
5620,neutron,0.017470,976.124256,1.883443,-92.000000,1.061527,110.356777,-93.527973,-0.057693,-0.935768,-0.347865
5712,neutron,142.173486,1257.017734,0.329214,-92.000000,-0.995833,69.101329,-102.576907,-0.203425,-0.911796,0.356716
5714,neutron,19511.576325,0.000000,-1.339974,-92.000000,1.368585,90.000000,-90.000000,0.000000,-1.000000,0.000000
5802,neutron,0.000009,657.542649,-2.264528,-92.000000,-0.846165,105.957653,-79.823029,0.169880,-0.946338,-0.274927
5803,neutron,19511.576325,0.000000,-2.083573,-92.000000,-2.746550,90.000000,-90.000000,0.000000,-1.000000,0.000000
5804,neutron,19511.576325,0.000000,0.357120,-92.000000,0.505818,90.000000,-90.000000,0.000000,-1.000000,0.000000
5715,neutron,19511.576325,293.855669,-2.280654,-92.000000,-0.253477,90.000000,-90.000000,0.000000,-1.000000,0.000000
5574,gamma,0.277538,2432.863577,-2.682475,-92.000000,0.655522,119.224400,-120.344116,-0.440888,-0.753158,-0.488231
5805,gamma,0.131030,1152.077977,2.339999,-92.000000,-0.843764,69.494520,-74.835353,0.245019,-0.904023,0.350297
5575,neutron,9.616213,344.834837,2.251897,-92.000000,1.566068,114.176577,-95.861696,-0.093170,-0.907518,-0.409550
5576,neutron,19511.576325,0.000000,0.199061,-92.000000,1.930058,90.000000,-90.000000,0.000000,-1.000000,0.000000
5621,neutron,0.066785,3662.689465,-1.586519,-92.000000,0.286843,93.131517,-77.898441,0.209332,-0.976317,-0.054628
5806,neutron,19511.576325,744.586168,-0.534244,-92.000000,-0.845292,90.000000,-90.000000,0.000000,-1.000000,0.000000
5716,gamma,1.595399,22.381353,-2.459481,-92.000000,2.338165,109.932994,-76.613652,0.217646,-0.914551,-0.340921
5717,neutron,19511.576325,0.000000,-1.035158,-92.000000,-0.724925,90.000000,-90.000000,0.000000,-1.000000,0.000000
5807,pi+,544.187649,662.645765,2.968203,-92.000000,2.554042,89.858750,-90.020864,-0.000364,-0.999997,0.002465
5718,neutron,19511.576325,1829.365805,0.510716,-92.000000,2.423390,90.000000,-90.000000,0.000000,-1.000000,0.000000
5622,gamma,10.285900,3287.204621,1.964117,-92.000000,0.592790,52.404382,-62.867529,0.361344,-0.705143,0.610085
5577,gamma,1.933038,3439.088829,-0.461295,-92.000000,-2.217279,112.574033,-76.911989,0.209098,-0.899398,-0.383877
5719,neutron,19511.216641,539.444978,-1.532660,-92.000000,2.015249,90.283269,-90.063559,-0.001109,-0.999987,-0.004944
5808,neutron,1.014333,2491.511073,1.516963,-92.000000,2.797447,53.010188,-90.261920,-0.003651,-0.798734,0.601673
5809,neutron,19511.576325,166.954576,1.932372,-92.000000,-0.755630,90.000000,-90.000000,0.000000,-1.000000,0.000000
5810,neutron,19511.274960,0.000000,0.457572,-92.000000,1.172220,90.246399,-89.900485,0.001737,-0.999989,-0.004300
5811,neutron,19511.576325,0.000000,2.187680,-92.000000,1.975689,90.000000,-90.000000,0.000000,-1.000000,0.000000
5720,neutron,1.652514,1620.449344,-1.292745,-92.000000,2.865340,83.203114,-94.724098,-0.081779,-0.989599,0.118350
5624,neutron,1.152812,1850.659360,-1.588928,-92.000000,1.027427,104.673182,-125.909632,-0.567380,-0.783528,-0.253305
5578,pi+,1496.682712,3504.188445,0.143871,-92.000000,-0.017727,92.605826,-93.405932,-0.059348,-0.997201,-0.045465
5812,neutron,0.558686,2037.491906,2.330127,-92.000000,-2.412986,117.196646,-80.092441,0.153037,-0.876179,-0.457046
5625,gamma,1.497772,0.624981,-2.776018,-92.000000,1.637184,91.730192,-93.084850,-0.053790,-0.998096,-0.030193
5813,neutron,19511.576325,424.553509,0.226313,-92.000000,0.291067,90.000000,-90.000000,0.000000,-1.000000,0.000000
5721,pi+,1016.687232,3541.316224,0.329813,-92.000000,-1.332801,115.139366,-96.692395,-0.105500,-0.899109,-0.424822
5722,neutron,19510.532886,0.000000,1.636196,-92.000000,2.419629,89.218881,-90.027403,-0.000478,-0.999907,0.013633
5723,gamma,0.837860,327.575668,-1.178793,-92.000000,-1.272074,88.228261,-77.040611,0.224153,-0.974063,0.030918
5724,neutron,19510.956349,0.000000,-2.846784,-92.000000,1.736289,89.858603,-90.483850,-0.008445,-0.999961,0.002468
5579,pi+,3531.504735,1866.779255,-1.887180,-92.000000,1.889104,86.186117,-88.850866,0.020010,-0.997585,0.066516
5626,neutron,19511.576325,1504.463842,1.375101,-92.000000,-2.625816,90.000000,-90.000000,0.000000,-1.000000,0.000000
5627,neutron,113.106764,335.966208,-0.337818,-92.000000,-2.107429,80.089510,-135.789272,-0.706084,-0.686894,0.172109
5628,neutron,19511.207134,0.140376,-0.171955,-92.000000,-2.305817,89.710618,-89.705574,0.005139,-0.999974,0.005051
5580,neutron,13573.871036,2520.712982,-1.637882,-92.000000,2.336509,88.359303,-90.852781,-0.014877,-0.999479,0.028632
5814,neutron,9.076923,3799.923276,-1.937999,-92.000000,1.856310,88.631445,-94.003425,-0.069796,-0.997275,0.023884
5815,gamma,3192.567162,127.039373,-1.641846,-92.000000,-0.569989,92.133687,-91.981721,-0.034557,-0.998709,-0.037231
5629,pi+,2793.868028,3609.881711,0.107715,-92.000000,-1.006257,84.524543,-102.754083,-0.219760,-0.970876,0.095419
5816,neutron,19511.527059,987.282384,0.140727,-92.000000,-1.026900,89.867371,-89.897379,0.001791,-0.999996,0.002315
5817,neutron,19511.506291,0.000000,-2.282582,-92.000000,-1.953497,90.127815,-89.991425,0.000150,-0.999998,-0.002231
5581,gamma,0.102324,1928.962925,-1.174431,-92.000000,1.249023,43.400737,-140.219350,-0.528034,-0.439639,0.726566
5726,gamma,0.112141,2609.789220,-2.379201,-92.000000,2.067188,75.607464,-92.530946,-0.042773,-0.967671,0.248564
5727,neutron,19511.576325,0.000000,-1.466463,-92.000000,0.645096,90.000000,-90.000000,0.000000,-1.000000,0.000000
5728,gamma,0.192974,2196.196519,-1.056417,-92.000000,-0.581062,90.817087,-127.919604,-0.614493,-0.788794,-0.014260
5729,neutron,19511.576325,0.000000,-0.606241,-92.000000,1.264602,90.000000,-90.000000,0.000000,-1.000000,0.000000
5631,neutron,19511.576325,1413.871002,-2.171927,-92.000000,-1.696187,90.000000,-90.000000,0.000000,-1.000000,0.000000
5632,neutron,19511.080797,0.000000,-1.907032,-92.000000,-0.975002,89.556134,-89.787834,0.003703,-0.999963,0.007747
5582,neutron,3549.509102,4415.544647,2.189014,-92.000000,-0.730684,89.721871,-87.930476,0.036112,-0.999336,0.004854
5583,neutron,19511.576325,265.202643,-0.695292,-92.000000,1.393477,90.000000,-90.000000,0.000000,-1.000000,0.000000
5819,gamma,0.059980,2342.109610,-1.529156,-92.000000,-0.762072,83.631404,-91.370352,-0.023767,-0.993545,0.110924
5731,neutron,19511.576325,0.000000,-2.669268,-92.000000,0.750962,90.000000,-90.000000,0.000000,-1.000000,0.000000
5584,proton,18470.294338,93.648692,-2.520561,-92.000000,-1.607637,89.812700,-89.974904,0.000438,-0.999995,0.003269
5633,gamma,0.061053,2986.817932,2.815065,-92.000000,-2.060936,82.627753,-50.286437,0.633668,-0.762889,0.128315
5732,gamma,68.837048,1550.134250,-2.162500,-92.000000,2.521649,97.709520,-85.719149,0.073971,-0.988196,-0.134151
5634,neutron,19511.576325,0.000000,-0.461765,-92.000000,0.154458,90.000000,-90.000000,0.000000,-1.000000,0.000000
5733,neutron,19511.576325,0.000000,-2.393429,-92.000000,-1.815985,90.000000,-90.000000,0.000000,-1.000000,0.000000
5734,neutron,19510.623383,0.033463,-2.989491,-92.000000,-2.909079,90.001525,-90.442143,-0.007717,-0.999970,-0.000027
5820,neutron,3.778910,2358.941145,0.095509,-92.000000,-0.874787,97.258386,-56.207962,0.551723,-0.824402,-0.126344
5821,neutron,19511.576325,0.000000,1.568810,-92.000000,-0.752861,90.000000,-90.000000,0.000000,-1.000000,0.000000
5585,gamma,0.164461,1816.587840,-0.607891,-92.000000,1.332136,75.289235,-125.864263,-0.566662,-0.783842,0.253940
5586,neutron,19511.576325,0.061800,1.211814,-92.000000,1.508538,90.000000,-90.000000,0.000000,-1.000000,0.000000
5735,neutron,0.361552,1035.744665,-2.925272,-92.000000,-1.476193,82.363716,-89.303340,0.012051,-0.991058,0.132884
5587,neutron,19511.576325,655.153893,-2.693427,-92.000000,-2.374605,90.000000,-90.000000,0.000000,-1.000000,0.000000
5588,neutron,19511.576325,0.000000,-2.035578,-92.000000,2.396286,90.000000,-90.000000,0.000000,-1.000000,0.000000
5589,neutron,19511.576325,0.000000,2.568666,-92.000000,-2.349542,90.000000,-90.000000,0.000000,-1.000000,0.000000
5736,pi+,1554.567202,703.087135,1.613900,-92.000000,-2.953651,91.264608,-103.713913,-0.237016,-0.971255,-0.022070
5822,neutron,23.288172,1589.688569,0.308815,-92.000000,0.073179,118.213011,-87.924038,0.031921,-0.880618,-0.472751
5823,neutron,19511.576325,0.000000,1.341923,-92.000000,-0.575918,90.000000,-90.000000,0.000000,-1.000000,0.000000
5590,gamma,0.420547,1.176666,2.630635,-92.000000,-0.113147,76.445056,-46.677251,0.666996,-0.707236,0.234378
5636,neutron,0.000330,2530.652413,-1.594587,-92.000000,1.864173,47.329749,-127.154985,-0.444081,-0.586011,0.677778
5637,neutron,19511.214255,0.000000,-0.257101,-92.000000,-0.107398,90.101037,-90.273188,-0.004768,-0.999987,-0.001763
5638,neutron,0.808689,412.232917,-2.211558,-92.000000,-2.743530,110.575104,-113.289975,-0.370164,-0.859926,-0.351435
5824,neutron,3.667927,725.802411,0.511563,-92.000000,-1.276170,136.584813,-100.027164,-0.119666,-0.676782,-0.726393
5825,neutron,19511.576325,0.409438,-2.775159,-92.000000,0.981891,90.000000,-90.000000,0.000000,-1.000000,0.000000
5737,gamma,251.295963,3120.406438,0.150740,-92.000000,-0.512321,95.916936,-78.451239,0.199135,-0.974535,-0.103087
5639,neutron,19511.576325,2270.556153,1.795888,-92.000000,-1.021232,90.000000,-90.000000,0.000000,-1.000000,0.000000
5640,nu_mu,29.791916,1912.000618,-1.300356,-92.000000,2.166028,91.999986,-142.007129,-0.787607,-0.615188,-0.034899
5826,gamma,57.499273,18.162634,2.741889,-92.000000,2.781868,88.771987,-89.803778,0.003424,-0.999764,0.021431
5827,neutron,19511.576325,556.221802,2.418425,-92.000000,-0.892804,90.000000,-90.000000,0.000000,-1.000000,0.000000
5592,neutron,5607.202859,2731.920921,1.769045,-92.000000,-2.369660,93.709994,-86.106195,0.067765,-0.995601,-0.064706
5738,gamma,0.144894,4899.833631,1.203528,-92.000000,2.799155,90.025933,-112.970135,-0.390251,-0.920708,-0.000453
5739,neutron,19511.567322,436.730025,-2.413492,-92.000000,-1.997289,90.047141,-89.961690,0.000669,-0.999999,-0.000823
5828,gamma,5.134366,2572.820065,-0.528910,-92.000000,-2.575446,83.277976,-116.927928,-0.449756,-0.885448,0.117052
5641,neutron,0.000038,2715.530922,2.542458,-92.000000,-2.341590,87.320492,-57.440598,0.537585,-0.841912,0.046749
5740,proton,15106.344486,914.041337,1.785059,-92.000000,-1.774188,90.923319,-90.654329,-0.011418,-0.999805,-0.016114
5593,pi+,240.917309,351.109411,1.486023,-92.000000,-0.082319,78.511512,-98.583663,-0.146263,-0.968988,0.199171
5594,neutron,19511.576325,0.000000,0.642418,-92.000000,2.591633,90.000000,-90.000000,0.000000,-1.000000,0.000000
5595,proton,19256.989638,87.823386,1.535876,-92.000000,-2.646452,89.522233,-90.191750,-0.003347,-0.999960,0.008339
5741,neutron,19511.576325,2049.921058,-1.643315,-92.000000,0.384396,90.000000,-90.000000,0.000000,-1.000000,0.000000
5742,neutron,19510.764631,0.000000,-0.127426,-92.000000,-0.828760,89.594687,-89.952712,0.000825,-0.999975,0.007074
5829,neutron,95.945921,3232.582542,1.200992,-92.000000,-2.718138,115.985458,-59.373633,0.457936,-0.773515,-0.438143
5830,neutron,19511.576325,0.000000,-2.633984,-92.000000,-2.648272,90.000000,-90.000000,0.000000,-1.000000,0.000000
5831,neutron,19511.215493,94.362986,2.395307,-92.000000,1.035201,89.723208,-90.089086,-0.001555,-0.999987,0.004831
5642,mu-,1296.154404,104.082053,2.289604,-92.000000,-0.115935,89.666236,-88.398929,0.027940,-0.999593,0.005825
5743,gamma,0.125580,2900.732440,0.329164,-92.000000,-2.354514,130.752607,-104.957180,-0.195518,-0.731869,-0.652794
5596,nu_e,407.127461,2529.072948,-1.860829,-92.000000,1.240726,97.575971,-98.266930,-0.142530,-0.980971,-0.131841
5597,neutron,19491.017576,0.000000,-0.850200,-92.000000,1.871190,89.486337,-89.761623,0.004160,-0.999951,0.008965
5744,neutron,19511.576325,1178.175405,-0.841579,-92.000000,-0.079603,90.000000,-90.000000,0.000000,-1.000000,0.000000
5643,neutron,29.705118,2841.791739,-1.465575,-92.000000,1.143590,78.207174,-78.533758,0.194595,-0.959356,0.204373
5832,neutron,27.137745,2664.151661,-2.558178,-92.000000,-0.562941,97.417839,-83.393668,0.114084,-0.985047,-0.129104
5598,neutron,1296.896600,2208.112651,1.387705,-92.000000,-1.385190,84.282755,-97.684178,-0.133047,-0.986090,0.099619
5833,pi+,253.495449,993.845048,2.383099,-92.000000,-0.848523,64.970968,-71.393014,0.289112,-0.858732,0.423077
5644,neutron,15720.339126,324.798714,1.714803,-92.000000,0.667949,90.194543,-90.618647,-0.010797,-0.999936,-0.003395
5645,neutron,19511.576325,473.762526,-1.980103,-92.000000,2.585176,90.000000,-90.000000,0.000000,-1.000000,0.000000
5834,neutron,3418.951411,1737.211595,-0.118990,-92.000000,1.002589,104.030568,-92.576340,-0.043609,-0.969186,-0.242440
5599,gamma,0.640135,193.225862,1.767996,-92.000000,-2.672310,88.516748,-34.182156,0.826978,-0.561638,0.025885
5746,neutron,19511.353234,0.000000,-2.611564,-92.000000,-0.216195,90.184381,-90.135196,-0.002360,-0.999992,-0.003218
5646,neutron,11163.786525,1522.550016,1.443012,-92.000000,1.814183,89.121140,-87.858724,0.037359,-0.999184,0.015338
5747,neutron,77.808458,122.675802,2.192868,-92.000000,-2.342575,99.369326,-78.009714,0.204974,-0.965133,-0.162798
5900,pi+,205.728330,3487.189860,-0.105491,-92.000000,1.136021,78.208306,-117.723799,-0.455392,-0.866520,0.204354
5901,neutron,19511.576325,0.000000,2.366878,-92.000000,-1.982130,90.000000,-90.000000,0.000000,-1.000000,0.000000
5748,e-,15.798995,129.076387,2.941403,-92.000000,2.285043,75.609961,-46.364563,0.668417,-0.701039,0.248522
5749,neutron,19511.576325,0.000000,1.649015,-92.000000,-0.878697,90.000000,-90.000000,0.000000,-1.000000,0.000000
5750,neutron,19511.501835,0.006268,-0.481786,-92.000000,0.303809,89.826114,-90.017122,-0.000299,-0.999995,0.003035
5836,neutron,19511.381836,0.000000,1.936975,-92.000000,1.966323,89.920255,-90.198023,-0.003456,-0.999993,0.001392
5902,gamma,0.508810,1670.240666,0.931891,-92.000000,1.944056,41.405261,-67.007549,0.258342,-0.608838,0.750050
5647,gamma,1.064845,3471.336098,0.035905,-92.000000,1.381857,79.092665,-106.875392,-0.285047,-0.939651,0.189221
5837,pi+,5069.681122,1245.306125,1.360826,-92.000000,-2.426669,84.301268,-90.143267,-0.002488,-0.995055,0.099298
5838,gamma,10.378590,531.273811,-0.679740,-92.000000,1.111611,50.839848,-133.940698,-0.538049,-0.558322,0.631490
5751,gamma,1.630926,2842.728401,-2.388620,-92.000000,-0.969343,131.873821,-114.198932,-0.305223,-0.679185,-0.667492
5839,neutron,0.000002,797.003030,-2.020399,-92.000000,-2.849992,140.236687,-101.963406,-0.132584,-0.625725,-0.768693
5648,neutron,19511.576325,224.025278,-1.732209,-92.000000,-2.148084,90.000000,-90.000000,0.000000,-1.000000,0.000000
5752,neutron,2.831192,735.143924,2.719569,-92.000000,1.637436,91.046480,-84.098426,0.102803,-0.994534,-0.018263
5903,gamma,0.510999,2602.039809,1.327354,-92.000000,-2.577426,123.797523,-94.002637,-0.058006,-0.828982,-0.556260
5649,gamma,1.366391,4.068925,-1.095099,-92.000000,-2.888665,93.148342,-61.953954,0.469471,-0.881238,-0.054921
5650,gamma,4.127434,1292.414007,0.577897,-92.000000,-0.591237,63.364919,-121.816022,-0.471248,-0.759570,0.448306
5651,neutron,19511.576325,0.000000,-0.523651,-92.000000,2.164318,90.000000,-90.000000,0.000000,-1.000000,0.000000
5904,neutron,0.474884,2650.727673,2.376186,-92.000000,-1.696041,88.821185,-71.773131,0.312714,-0.949624,0.020573
5905,neutron,19511.576325,0.225584,2.914035,-92.000000,-1.432406,90.000000,-90.000000,0.000000,-1.000000,0.000000
5906,neutron,19511.550764,0.000000,-1.222559,-92.000000,-2.917173,89.923309,-89.989615,0.000181,-0.999999,0.001339
5652,neutron,0.848929,1170.242585,0.633021,-92.000000,-1.490657,88.620087,-72.382182,0.302579,-0.952820,0.024082
5653,neutron,19511.456047,0.000000,2.005382,-92.000000,1.801396,90.164295,-90.149341,-0.002606,-0.999992,-0.002867
5753,gamma,4.348858,2063.221069,-0.305884,-92.000000,0.796796,114.422440,-39.475318,0.702830,-0.578860,-0.413461
5907,proton,203.465507,1194.190167,2.969998,-92.000000,2.604616,82.267084,-83.808538,0.106870,-0.985126,0.134555
5754,pi+,9664.902001,2091.356969,2.274935,-92.000000,-0.983123,91.290010,-89.416253,0.010186,-0.999695,-0.022513
5654,gamma,31.382236,199.413275,-2.751195,-92.000000,0.966698,81.044179,-72.470575,0.297524,-0.941937,0.155673
5755,neutron,15086.564344,645.852845,1.033660,-92.000000,-0.717966,89.186397,-88.879696,0.019550,-0.999708,0.014200
5908,gamma,0.341896,1763.182736,0.182355,-92.000000,-2.083045,98.595309,-121.745011,-0.520231,-0.840847,-0.149454
5756,neutron,0.000001,742.481514,2.724017,-92.000000,-0.692952,82.838563,-81.429235,0.147868,-0.981119,0.124665
5655,neutron,19511.466959,1539.156976,-1.746514,-92.000000,0.320538,89.932282,-89.854946,0.002532,-0.999996,0.001182
5909,gamma,0.176541,658.049809,-1.592292,-92.000000,-0.269142,47.911253,-96.763412,-0.087398,-0.736943,0.670281
5758,neutron,19511.576325,0.000000,-0.198389,-92.000000,0.293702,90.000000,-90.000000,0.000000,-1.000000,0.000000
5656,pi-,6288.054900,1095.576967,-2.156107,-92.000000,-0.331844,87.212738,-87.184203,0.049067,-0.997611,0.048628
5657,neutron,19511.576325,0.000000,0.778459,-92.000000,-0.103316,90.000000,-90.000000,0.000000,-1.000000,0.000000
5658,neutron,19511.576325,0.068437,-0.974312,-92.000000,-1.436529,90.000000,-90.000000,0.000000,-1.000000,0.000000
5659,neutron,19510.002791,2083.419942,1.784021,-92.000000,2.593105,90.031844,-90.606400,-0.010583,-0.999944,-0.000556
5660,neutron,19511.576325,0.000000,2.222783,-92.000000,1.817644,90.000000,-90.000000,0.000000,-1.000000,0.000000
5759,neutron,19511.576325,2677.418275,1.480894,-92.000000,-1.548140,90.000000,-90.000000,0.000000,-1.000000,0.000000
5910,neutron,19511.576325,3029.148537,-2.660672,-92.000000,2.576364,90.000000,-90.000000,0.000000,-1.000000,0.000000
5842,neutron,7319.368173,1510.557316,-2.566792,-92.000000,1.145626,89.610219,-89.675288,0.005667,-0.999961,0.006803
5843,neutron,19511.576325,0.013985,1.825912,-92.000000,-1.632035,90.000000,-90.000000,0.000000,-1.000000,0.000000
5844,neutron,19511.576325,0.000000,-0.020845,-92.000000,-2.616898,90.000000,-90.000000,0.000000,-1.000000,0.000000
5845,neutron,19511.576325,397.043004,2.836454,-92.000000,1.072124,90.000000,-90.000000,0.000000,-1.000000,0.000000
5846,neutron,19511.576325,0.070036,-2.210570,-92.000000,-0.544184,90.000000,-90.000000,0.000000,-1.000000,0.000000
5847,proton,18164.611017,151.748016,-0.274844,-92.000000,-2.741366,88.786708,-93.656265,-0.063756,-0.997741,0.021174
5661,neutron,19511.576325,3724.034551,-1.449298,-92.000000,1.105205,90.000000,-90.000000,0.000000,-1.000000,0.000000
5760,gamma,596.877084,3229.444285,-0.193519,-92.000000,2.558570,79.031756,-79.582166,0.177522,-0.965549,0.190265
5761,neutron,19511.576325,622.659458,-0.112804,-92.000000,0.532267,90.000000,-90.000000,0.000000,-1.000000,0.000000
5911,proton,3595.068367,865.889267,2.152221,-92.000000,0.318863,89.858711,-90.544539,-0.009504,-0.999952,0.002466
5662,proton,1606.967812,3680.257846,-0.038042,-92.000000,-1.213642,79.433978,-84.493194,0.094337,-0.978507,0.183368
5663,neutron,19511.386910,0.000000,-2.414695,-92.000000,-1.433267,89.825174,-89.908939,0.001589,-0.999994,0.003051
5762,neutron,257.410993,1457.754633,-1.283996,-92.000000,-2.691009,119.262528,-133.732163,-0.603072,-0.630370,-0.488812
5763,neutron,19510.744873,0.000000,-1.895456,-92.000000,1.762470,90.302404,-89.813774,0.003250,-0.999981,-0.005278
5849,neutron,19510.761609,4379.585203,1.592654,-92.000000,1.043300,90.434489,-89.953867,0.000805,-0.999971,-0.007583
5664,neutron,19511.017919,675.485354,-1.989334,-92.000000,-1.151182,89.792357,-89.703804,0.005170,-0.999980,0.003624
5665,neutron,19511.576325,0.000000,0.179323,-92.000000,-2.091830,90.000000,-90.000000,0.000000,-1.000000,0.000000
5850,neutron,19481.103584,1581.661013,-2.724851,-92.000000,-0.944247,90.277943,-90.393670,-0.006871,-0.999965,-0.004851
5764,neutron,18942.971431,0.108190,2.270214,-92.000000,-1.573592,90.431697,-90.959403,-0.016743,-0.999831,-0.007534
5912,neutron,46.733045,2978.599619,1.096597,-92.000000,1.906250,62.715250,-96.537932,-0.101193,-0.882960,0.458413
5666,gamma,0.103971,41.992313,0.049295,-92.000000,2.690765,103.403637,-70.502037,0.324682,-0.916977,-0.231810
5851,neutron,0.006898,2670.983097,0.282783,-92.000000,-0.411662,130.311373,-66.544879,0.303514,-0.699533,-0.646941
5765,proton,12601.683269,1847.131696,-2.346274,-92.000000,-0.026811,88.325558,-91.764199,-0.030773,-0.999099,0.029220
5668,neutron,0.000013,1355.546255,0.535846,-92.000000,-0.779833,103.625490,-124.101351,-0.544880,-0.804743,-0.235575
5766,neutron,19328.987354,1073.307863,-2.137434,-92.000000,-1.588850,90.492232,-91.569976,-0.027397,-0.999588,-0.008591
5914,gamma,1506.207429,1880.302198,-0.464069,-92.000000,2.656438,84.486187,-94.085453,-0.070915,-0.992844,0.096086
5915,gamma,1.198044,1100.850297,2.601317,-92.000000,0.410802,117.320417,-91.848662,-0.028661,-0.887991,-0.458966
5852,neutron,14470.831232,2493.900071,1.320188,-92.000000,-0.435737,89.467425,-89.828414,0.002995,-0.999952,0.009295
5767,pi+,1654.431479,2605.387258,-0.487367,-92.000000,0.964659,85.079342,-81.695135,0.143908,-0.985867,0.085776
5916,neutron,0.000001,1191.979929,1.708062,-92.000000,-2.961915,104.372922,-80.342205,0.162512,-0.954971,-0.248232
5917,gamma,0.132973,204.453992,-1.045254,-92.000000,1.218355,112.667030,-118.200803,-0.436062,-0.813225,-0.385375
5918,neutron,19511.576325,0.000000,-0.314564,-92.000000,2.933768,90.000000,-90.000000,0.000000,-1.000000,0.000000
5853,gamma,0.158814,3165.344951,1.746674,-92.000000,0.720200,128.893522,-72.392958,0.235430,-0.741853,-0.627875
5854,neutron,19511.576325,0.041430,-2.235301,-92.000000,1.484377,90.000000,-90.000000,0.000000,-1.000000,0.000000
5669,gamma,7.649027,1797.857184,0.544409,-92.000000,2.647237,84.778005,-86.801777,0.055559,-0.994298,0.091015
5768,nu_e,32.263885,2547.313851,-1.740866,-92.000000,-1.379633,135.059927,-89.138559,0.010620,-0.706287,-0.707846
5855,pi+,2826.375424,1869.192765,-1.151153,-92.000000,-2.426659,87.603076,-112.172898,-0.377073,-0.925239,0.041822
5670,neutron,19511.576325,3300.804649,1.367178,-92.000000,0.612956,90.000000,-90.000000,0.000000,-1.000000,0.000000
5919,gamma,0.307813,4107.341842,0.219088,-92.000000,-2.920475,101.729448,-90.612508,-0.010467,-0.979063,-0.203291
5671,gamma,0.661476,2034.690831,2.007107,-92.000000,-2.694902,126.707885,-87.265510,0.038247,-0.800781,-0.597735
5770,neutron,7.534393,10.305670,1.480050,-92.000000,2.561132,42.076949,-88.665430,0.015608,-0.669946,0.742246
5672,neutron,19326.896683,904.762838,-0.328826,-92.000000,2.344485,90.949781,-91.272409,-0.022203,-0.999616,-0.016576
5673,gamma,0.083468,1.347965,-0.400825,-92.000000,2.897768,57.116234,-117.466890,-0.387334,-0.745112,0.542937
5920,gamma,1.600556,1766.641107,-1.573426,-92.000000,-2.486444,94.964763,-95.098016,-0.088526,-0.992307,-0.086543
5674,neutron,19511.444765,2453.350694,-1.508561,-92.000000,-0.018491,90.138284,-89.911312,0.001548,-0.999996,-0.002414
5771,neutron,6.518219,3284.917967,0.534627,-92.000000,-2.312203,137.864103,-52.601343,0.407471,-0.532975,-0.741556
5772,neutron,19510.960873,0.000000,0.593599,-92.000000,-0.665130,90.041935,-89.622566,0.006587,-0.999978,-0.000732
5773,neutron,19511.576325,0.364421,1.880973,-92.000000,-0.943913,90.000000,-90.000000,0.000000,-1.000000,0.000000
5857,gamma,0.455073,2991.550430,0.897146,-92.000000,-2.349362,94.190691,-121.375401,-0.519251,-0.851492,-0.073076
5858,neutron,19511.028714,0.000000,-2.158695,-92.000000,-1.321153,89.696568,-89.809613,0.003323,-0.999980,0.005296
5921,pi-,47.588525,3135.225919,-2.744637,-92.000000,1.320614,79.211768,-113.637599,-0.393864,-0.899908,0.187180
5922,proton,17518.456573,195.415694,-1.687834,-92.000000,-1.347778,91.068205,-88.383143,0.028211,-0.999428,-0.018643
5676,neutron,19511.576325,1.958308,-2.243771,-92.000000,2.638461,90.000000,-90.000000,0.000000,-1.000000,0.000000
5677,neutron,19025.465710,1.101756,-0.614921,-92.000000,1.001377,89.428774,-89.262587,0.012869,-0.999867,0.009970
5678,neutron,19511.410669,0.000000,1.388476,-92.000000,-0.234005,89.946558,-89.744975,0.004451,-0.999990,0.000933
5679,neutron,19511.576325,954.214338,-0.683260,-92.000000,0.451004,90.000000,-90.000000,0.000000,-1.000000,0.000000
5680,neutron,19511.576325,14.510786,-1.053556,-92.000000,0.155212,90.000000,-90.000000,0.000000,-1.000000,0.000000
5681,neutron,19511.576325,0.000000,-2.756292,-92.000000,0.675347,90.000000,-90.000000,0.000000,-1.000000,0.000000
5859,gamma,0.057564,2651.001935,1.672362,-92.000000,1.214774,57.529330,-34.778393,0.692958,-0.481231,0.536868
5682,neutron,10515.158789,1690.459886,-2.089329,-92.000000,-1.576108,90.674775,-90.402648,-0.007027,-0.999906,-0.011777
5774,gamma,6.795401,85.496910,-0.540680,-92.000000,0.508745,99.217395,-84.908467,0.087601,-0.983193,-0.160181
5923,mu+,1768.867173,2162.998007,1.492332,-92.000000,2.572907,85.880645,-81.963844,0.139437,-0.987622,0.071834
5683,pi+,1456.556927,2437.544586,-2.248652,-92.000000,-2.090800,94.333269,-84.574991,0.094273,-0.992675,-0.075558
5860,pi+,2376.761291,2470.200869,-2.036408,-92.000000,1.286908,95.894476,-85.017877,0.086386,-0.990955,-0.102697
5684,neutron,290.239205,278.940302,-0.696676,-92.000000,-1.186879,73.760413,-103.244283,-0.219962,-0.934564,0.279655
5775,gamma,1.776907,2047.132634,-0.121065,-92.000000,1.051926,78.002806,-75.495322,0.244988,-0.946981,0.207864
5776,neutron,19511.576325,465.743358,2.275556,-92.000000,-2.084721,90.000000,-90.000000,0.000000,-1.000000,0.000000
5685,neutron,19511.284976,1346.753815,2.401413,-92.000000,-1.722681,89.788686,-89.846328,0.002682,-0.999990,0.003688
5777,neutron,19511.576325,1075.585430,-1.920934,-92.000000,2.201669,90.000000,-90.000000,0.000000,-1.000000,0.000000
5925,pi-,1168.450109,2592.580395,-0.603873,-92.000000,0.000262,82.672046,-89.497218,0.008703,-0.991794,0.127549
5778,neutron,19078.752174,578.986979,2.721147,-92.000000,0.191128,90.091008,-90.452962,-0.007906,-0.999967,-0.001588
5926,neutron,19511.576325,217.600322,2.513638,-92.000000,2.049597,90.000000,-90.000000,0.000000,-1.000000,0.000000
5686,neutron,0.070564,4215.529595,-1.041124,-92.000000,1.768874,90.286682,-71.610702,0.315468,-0.948923,-0.005004
5779,gamma,0.193317,2078.309662,-2.170144,-92.000000,-0.890378,128.458297,-83.786089,0.084759,-0.778460,-0.621945
5780,neutron,19351.607401,0.000000,-1.879889,-92.000000,-0.878879,88.373061,-89.491371,0.008874,-0.999557,0.028392
5687,gamma,0.074910,751.800286,-0.692314,-92.000000,2.958534,78.960996,-79.760272,0.174478,-0.965864,0.191477
5927,neutron,173.209812,1822.232663,-0.379399,-92.000000,0.420940,111.344952,-53.721625,0.551121,-0.750854,-0.363982
5863,e+,44.855370,3109.974828,2.903155,-92.000000,0.871462,79.823599,-73.465281,0.280119,-0.943566,0.176679
5781,neutron,19511.049615,451.441833,-0.852596,-92.000000,-0.853060,90.093788,-89.661439,0.005909,-0.999981,-0.001637
5782,neutron,19511.576325,148.815830,-0.044754,-92.000000,1.501331,90.000000,-90.000000,0.000000,-1.000000,0.000000
5783,neutron,19301.531039,0.000000,0.710204,-92.000000,1.974180,89.513932,-90.705531,-0.012313,-0.999888,0.008483
5928,gamma,0.765113,1032.490803,0.442593,-92.000000,-1.929816,90.911186,-46.572624,0.687348,-0.726154,-0.015903
5929,gamma,0.177654,2191.314482,-0.596064,-92.000000,-1.687522,83.750504,-97.958716,-0.137637,-0.984483,0.108858
5688,gamma,0.092454,4350.663407,1.574839,-92.000000,-1.895139,100.298361,-104.687571,-0.249463,-0.951739,-0.178774
5864,neutron,149.416120,4263.672508,-1.000050,-92.000000,-2.018070,104.189303,-76.481036,0.226635,-0.942629,-0.245126
5930,neutron,12.637706,2123.734594,-1.144716,-92.000000,0.629212,90.205843,-136.190689,-0.721643,-0.692256,-0.003593
5931,neutron,19511.576325,0.059515,1.123251,-92.000000,-2.314051,90.000000,-90.000000,0.000000,-1.000000,0.000000
5689,e+,1389.426954,1192.494320,-2.926959,-92.000000,-0.522884,98.952698,-101.711616,-0.200513,-0.967252,-0.155619
5865,neutron,19511.576325,1417.695879,-0.761788,-92.000000,0.439434,90.000000,-90.000000,0.000000,-1.000000,0.000000
5785,gamma,0.071519,4281.984419,-1.585029,-92.000000,-1.168621,95.685567,-98.684699,-0.150254,-0.983671,-0.099069
5932,pi+,6113.798695,1571.232818,-1.415961,-92.000000,2.593750,91.240596,-94.089261,-0.071294,-0.997220,-0.021651
5690,neutron,601.935168,2488.567924,-0.851136,-92.000000,2.658767,50.377907,-89.983627,0.000220,-0.770267,0.637721
5866,gamma,0.042219,31.754710,1.768601,-92.000000,-1.714705,97.545741,-97.852290,-0.135437,-0.982045,-0.131318
5867,neutron,19511.576325,0.000000,-1.005935,-92.000000,-2.105314,90.000000,-90.000000,0.000000,-1.000000,0.000000
5933,neutron,7.203727,3057.526484,-0.321305,-92.000000,-0.091074,51.867059,-119.900138,-0.392102,-0.681883,0.617488
5691,neutron,1.381889,167.393661,2.316597,-92.000000,-2.220751,65.126346,-117.964638,-0.425428,-0.801306,0.420619
5868,neutron,19511.576325,3355.015612,-1.094041,-92.000000,2.112283,90.000000,-90.000000,0.000000,-1.000000,0.000000
5869,neutron,19511.576325,0.000000,0.208055,-92.000000,0.279765,90.000000,-90.000000,0.000000,-1.000000,0.000000
5934,neutron,19498.043575,1070.526959,2.761307,-92.000000,-2.475161,90.043759,-89.879520,0.002103,-0.999997,-0.000764
5935,neutron,19511.576325,0.089558,0.264125,-92.000000,2.718077,90.000000,-90.000000,0.000000,-1.000000,0.000000
5788,neutron,19511.576325,978.196409,2.682803,-92.000000,2.816377,90.000000,-90.000000,0.000000,-1.000000,0.000000
5692,anti_nu_mu,240.369066,0.000000,-1.470702,-92.000000,1.382167,92.181485,-92.150315,-0.037494,-0.998572,-0.038065
5870,gamma,0.098355,1901.267529,-0.848319,-92.000000,1.714845,70.776864,-61.858215,0.445357,-0.832618,0.329248
5789,gamma,3.461110,643.336033,-2.977544,-92.000000,-2.780870,94.529679,-94.363087,-0.075839,-0.993988,-0.078975
5937,neutron,19511.576325,0.627242,2.042292,-92.000000,-2.864192,90.000000,-90.000000,0.000000,-1.000000,0.000000
5790,neutron,0.000000,1104.576183,-1.708806,-92.000000,0.543402,72.573595,-87.303799,0.044881,-0.953046,0.299481
5938,gamma,0.068574,1684.761361,0.511368,-92.000000,-1.685832,131.178937,-73.900988,0.208710,-0.723141,-0.658413
5871,pi+,1435.571436,2504.103511,-0.010891,-92.000000,0.601975,113.864014,-95.368896,-0.085569,-0.910496,-0.404567
5939,neutron,19511.576325,2261.041469,2.230934,-92.000000,2.785470,90.000000,-90.000000,0.000000,-1.000000,0.000000
5791,neutron,19511.576325,1690.856720,2.368484,-92.000000,0.178467,90.000000,-90.000000,0.000000,-1.000000,0.000000
5872,gamma,3.983344,938.404688,0.367787,-92.000000,-2.814473,94.223672,-92.858105,-0.049727,-0.996044,-0.073650
5873,neutron,19511.576325,0.000000,2.022796,-92.000000,2.139007,90.000000,-90.000000,0.000000,-1.000000,0.000000
5792,neutron,19511.083248,666.423747,-0.357301,-92.000000,-0.568983,90.448405,-89.728104,0.004745,-0.999958,-0.007826
5793,gamma,0.081309,5.259321,1.438147,-92.000000,2.064616,79.511320,-117.413025,-0.452709,-0.872878,0.182041
5794,neutron,19511.576325,768.700176,1.291398,-92.000000,2.234028,90.000000,-90.000000,0.000000,-1.000000,0.000000
5940,neutron,11.428808,652.739420,1.965987,-92.000000,1.800100,96.849324,-73.252454,0.286099,-0.950750,-0.119259
5874,pi+,3843.614291,2210.871469,-1.861993,-92.000000,1.332783,82.348595,-87.125984,0.049694,-0.989850,0.133146
5693,gamma,0.335362,125.482397,-1.481051,-92.000000,0.545243,93.842933,-86.954301,0.053013,-0.996342,-0.067022
5694,neutron,19511.576325,0.000000,-2.612916,-92.000000,1.542364,90.000000,-90.000000,0.000000,-1.000000,0.000000
5876,neutron,19511.576325,421.327818,1.759038,-92.000000,-1.567173,90.000000,-90.000000,0.000000,-1.000000,0.000000
5795,gamma,0.441129,2428.458184,-2.463624,-92.000000,0.144137,76.767536,-107.645093,-0.295072,-0.927651,0.228902
5941,neutron,26.214708,4176.729247,-1.693360,-92.000000,-1.729195,137.721042,-90.339573,-0.003987,-0.672729,-0.739878
5942,anti_nu_mu,45.537032,1028.307035,1.928704,-92.000000,0.054539,98.433989,-68.244837,0.366633,-0.918732,-0.146670
5877,neutron,7774.885514,2843.052333,0.347922,-92.000000,1.870500,91.628938,-90.194314,-0.003390,-0.999590,-0.028427
5695,gamma,0.396836,3238.214191,0.138707,-92.000000,1.089313,101.013462,-57.275999,0.530636,-0.825790,-0.191040
5796,proton,5204.299145,2178.308344,-1.822943,-92.000000,2.317457,96.066230,-82.706315,0.126244,-0.986354,-0.105678
5879,neutron,19511.576325,0.000000,0.430778,-92.000000,-2.245874,90.000000,-90.000000,0.000000,-1.000000,0.000000
5880,neutron,19511.576325,0.000000,0.581985,-92.000000,-2.076556,90.000000,-90.000000,0.000000,-1.000000,0.000000
5943,pi+,1622.031253,1522.109180,-2.271490,-92.000000,-2.218357,89.142195,-96.891791,-0.119981,-0.992663,0.014971
5881,neutron,9364.252021,787.861490,1.916278,-92.000000,-1.707799,86.179513,-92.383214,-0.041491,-0.996915,0.066631
5944,neutron,19511.576325,949.736757,1.981591,-92.000000,-2.930209,90.000000,-90.000000,0.000000,-1.000000,0.000000
5882,neutron,19089.509777,0.024106,2.493578,-92.000000,-1.024652,90.625999,-88.770755,0.021451,-0.999710,-0.010926
5883,neutron,7450.022105,2986.262412,-2.108137,-92.000000,-1.767572,91.704367,-88.913401,0.018955,-0.999378,-0.029742
5798,gamma,0.376586,1743.739756,-1.969810,-92.000000,2.867227,70.376633,-105.528007,-0.252161,-0.907540,0.335836
5799,neutron,19511.558368,0.000000,-1.627450,-92.000000,-1.270092,89.957450,-90.113597,-0.001983,-0.999998,0.000743
5945,gamma,0.176542,2918.826142,-0.343867,-92.000000,-1.933867,73.096402,-94.639198,-0.077386,-0.953661,0.290762
5946,neutron,19510.659555,0.000000,2.677360,-92.000000,0.944454,90.039619,-89.538205,0.008060,-0.999967,-0.000691
5696,pi-,258.976288,5057.371127,1.146235,-92.000000,-0.669304,58.632309,-106.537555,-0.243041,-0.818524,0.520528
5697,neutron,19511.574562,622.850106,0.349372,-92.000000,1.784793,89.973830,-89.996547,0.000060,-1.000000,0.000457
5885,pi+,9573.883373,826.737038,2.666256,-92.000000,2.864837,85.605360,-88.090901,0.033216,-0.996506,0.076626
5886,neutron,19511.534554,34.980652,1.522319,-92.000000,1.178890,90.028940,-89.867696,0.002309,-0.999997,-0.000505
6000,neutron,2.127330,3824.731085,0.770551,-92.000000,-2.086519,129.796638,-66.300032,0.308825,-0.703523,-0.640065
5698,neutron,5.062743,69.234970,-2.514329,-92.000000,-0.736652,46.893594,-89.084390,0.011667,-0.729993,0.683355
6001,neutron,19511.576325,484.508583,2.533551,-92.000000,-1.093892,90.000000,-90.000000,0.000000,-1.000000,0.000000
5699,neutron,19511.513029,442.110034,2.375166,-92.000000,-1.990898,89.995370,-89.878304,0.002124,-0.999998,0.000081
5887,pi+,1440.405428,1402.419354,2.371333,-92.000000,-1.944899,93.797906,-92.010204,-0.035000,-0.997190,-0.066237
6100,gamma,0.510999,929.218998,-0.963383,-92.000000,-1.239160,68.931147,-133.610149,-0.643638,-0.675646,0.359490
5947,neutron,3.008632,3574.929537,-0.421236,-92.000000,-0.293528,83.641571,-121.088073,-0.513179,-0.851107,0.110748
5948,proton,11359.918202,602.062245,-1.387168,-92.000000,1.188606,92.289175,-90.225963,-0.003941,-0.999194,-0.039943
5888,neutron,656.151446,454.928919,-2.028285,-92.000000,-2.628661,84.390458,-75.997535,0.240805,-0.965639,0.097749
5949,neutron,145.106130,1278.735152,0.075166,-92.000000,-2.573672,126.999573,-83.060754,0.096489,-0.792790,-0.601809
5950,neutron,11611.977500,624.401537,1.270744,-92.000000,-2.094135,89.497697,-87.407224,0.045235,-0.998938,0.008767
5951,neutron,19511.576325,0.000000,-2.117820,-92.000000,2.526484,90.000000,-90.000000,0.000000,-1.000000,0.000000
5952,neutron,19511.576325,0.000000,1.622134,-92.000000,0.609494,90.000000,-90.000000,0.000000,-1.000000,0.000000
5889,neutron,4.490570,2611.114992,0.833220,-92.000000,1.954658,71.858235,-82.538033,0.123412,-0.942241,0.311369
6002,gamma,1.093737,1165.133487,-2.889794,-92.000000,0.250651,49.453890,-82.465169,0.099643,-0.753322,0.650060
5953,kaon0L,751.055168,499.319104,2.088624,-92.000000,-0.330829,78.634405,-62.630124,0.450717,-0.870642,0.197069
6101,neutron,1.693388,4091.774057,1.842354,-92.000000,-1.244777,127.398930,-66.513316,0.316607,-0.728610,-0.607361
5954,neutron,15404.773202,459.901040,1.913971,-92.000000,-2.394638,88.984827,-89.835976,0.002862,-0.999839,0.017717
6003,gamma,156.683300,1797.520706,-0.946560,-92.000000,2.087967,65.946075,-123.746410,-0.507278,-0.759298,0.407596
6102,proton,722.777461,1244.245584,1.475088,-92.000000,0.459562,72.118186,-116.235986,-0.420714,-0.853649,0.307055
5955,neutron,10711.410868,1081.136400,0.567301,-92.000000,2.654854,90.384297,-88.339618,0.028974,-0.999558,-0.006707
5956,neutron,1.792449,2292.336058,-1.789465,-92.000000,-1.461228,85.179957,-133.455184,-0.685355,-0.723345,0.084026
6004,gamma,0.131913,2773.433089,0.913686,-92.000000,0.065096,112.848900,-119.278857,-0.450685,-0.803806,-0.388302
5957,neutron,19511.478171,2529.879987,1.922265,-92.000000,-0.123649,90.170065,-89.880928,0.002078,-0.999993,-0.002968
5892,pi+,1206.086062,3614.048878,-0.949642,-92.000000,-1.056926,108.298486,-95.271449,-0.087229,-0.945418,-0.313967
5893,neutron,19511.576325,0.000000,1.444639,-92.000000,0.561101,90.000000,-90.000000,0.000000,-1.000000,0.000000
5958,proton,907.663043,1666.388740,-1.673575,-92.000000,-1.146486,117.322790,-100.909099,-0.168138,-0.872380,-0.459003
5959,neutron,19511.576325,693.471315,1.479811,-92.000000,2.671574,90.000000,-90.000000,0.000000,-1.000000,0.000000
6104,pi+,576.654889,2834.937647,-2.252886,-92.000000,0.510754,114.535305,-124.080698,-0.509763,-0.753463,-0.415254
6105,neutron,19511.576325,0.000000,1.931493,-92.000000,2.628583,90.000000,-90.000000,0.000000,-1.000000,0.000000
6005,gamma,1.157351,2422.479934,2.009101,-92.000000,1.879788,38.732255,-88.188147,0.019783,-0.625369,0.780078
5894,neutron,19511.484598,4706.853864,2.435334,-92.000000,1.048518,89.819420,-89.929396,0.001232,-0.999994,0.003152
5895,gamma,1.531605,1511.855826,-0.122074,-92.000000,0.610600,118.141470,-76.856838,0.200505,-0.858687,-0.471650
6006,pi-,2196.108894,2314.614346,1.854238,-92.000000,2.495721,89.243547,-103.442246,-0.232445,-0.972520,0.013202
6106,pi-,674.148994,2799.002045,-2.197992,-92.000000,2.390363,41.460947,-94.916926,-0.056750,-0.659673,0.749407
5960,e+,51.096885,1321.774019,1.060850,-92.000000,-0.955451,104.185423,-115.743894,-0.421105,-0.873279,-0.245061
6008,proton,18178.570190,263.466297,-2.192279,-92.000000,-1.707904,87.711534,-90.827760,-0.014435,-0.999098,0.039931
6107,neutron,18166.941815,1267.941731,1.981179,-92.000000,-1.870318,89.471163,-90.223147,-0.003894,-0.999950,0.009230
5896,gamma,0.493653,1918.675827,2.763093,-92.000000,0.844738,105.046014,-30.119506,0.835327,-0.484602,-0.259595
5961,gamma,1431.482230,2027.823165,-0.056458,-92.000000,-2.193168,82.537185,-80.198792,0.168788,-0.977057,0.129883
5962,neutron,19511.576325,0.000000,-1.295069,-92.000000,-1.920074,90.000000,-90.000000,0.000000,-1.000000,0.000000
5963,neutron,19511.285278,0.000000,-0.667391,-92.000000,0.190508,90.237027,-89.940641,0.001036,-0.999991,-0.004137
5897,pi-,126.131130,189.456004,0.474914,-92.000000,0.234263,54.459013,-83.131651,0.097309,-0.807860,0.581285
5898,neutron,19511.576325,0.000000,1.843212,-92.000000,-1.934790,90.000000,-90.000000,0.000000,-1.000000,0.000000
6108,mu+,3311.999472,92.715208,1.774956,-92.000000,-0.602042,90.748186,-89.523353,0.008318,-0.999880,-0.013058
6109,neutron,19511.358286,0.045871,-1.081897,-92.000000,-0.638182,89.838126,-89.929433,0.001232,-0.999995,0.002825
6110,neutron,19511.576325,0.000000,2.157249,-92.000000,-1.097036,90.000000,-90.000000,0.000000,-1.000000,0.000000
5899,neutron,19511.576325,910.103094,2.575768,-92.000000,-2.507736,90.000000,-90.000000,0.000000,-1.000000,0.000000
6200,neutron,19511.576325,442.111525,2.952877,-92.000000,0.780271,90.000000,-90.000000,0.000000,-1.000000,0.000000
5964,neutron,87.762108,1355.336304,-1.940157,-92.000000,2.915908,75.605250,-101.119593,-0.186803,-0.950422,0.248601
6009,gamma,867.846018,4872.958526,1.283799,-92.000000,0.377280,102.904803,-106.643933,-0.279189,-0.933904,-0.223332
6111,gamma,0.814728,2318.182237,-1.156768,-92.000000,0.967718,69.906524,-100.207694,-0.166430,-0.924269,0.343553
5965,pi+,919.269324,1781.361323,1.695864,-92.000000,0.710575,88.230137,-90.678204,-0.011831,-0.999453,0.030885
5966,neutron,19511.576325,0.000000,0.579319,-92.000000,-1.762183,90.000000,-90.000000,0.000000,-1.000000,0.000000
6010,gamma,0.098483,573.065366,0.446758,-92.000000,-2.112439,100.082176,-119.797321,-0.489260,-0.854388,-0.175060
6201,gamma,9.573589,1751.520967,-2.073401,-92.000000,0.481362,63.051993,-144.116506,-0.722236,-0.522495,0.453182
6011,neutron,19511.576325,290.441145,1.595246,-92.000000,-1.257713,90.000000,-90.000000,0.000000,-1.000000,0.000000
6012,neutron,19511.576325,0.000000,0.534312,-92.000000,-2.680768,90.000000,-90.000000,0.000000,-1.000000,0.000000
6112,proton,3935.932881,1190.464678,-2.221036,-92.000000,-0.134591,93.488248,-85.877188,0.071761,-0.995564,-0.060844
6013,neutron,19511.270100,110.490953,-0.146519,-92.000000,-2.605132,89.758509,-89.884083,0.002023,-0.999989,0.004215
6014,neutron,19511.479940,125.589227,2.801929,-92.000000,-1.156366,89.859510,-89.994109,0.000103,-0.999997,0.002452
6202,neutron,19511.536124,1109.844790,-0.354176,-92.000000,-1.119628,90.037702,-89.917385,0.001442,-0.999999,-0.000658
6113,gamma,0.113172,1569.834974,1.943139,-92.000000,1.631377,59.531493,-62.011659,0.404486,-0.761102,0.507065
5967,neutron,6.075783,3022.776070,1.328184,-92.000000,2.420710,70.092329,-102.651142,-0.205927,-0.917415,0.340505
6114,neutron,19511.472258,817.677901,-2.656334,-92.000000,1.828899,89.807023,-90.073564,-0.001284,-0.999994,0.003368
6015,pi+,3014.734702,97.702518,-0.291035,-92.000000,1.181087,90.754396,-85.897496,0.071535,-0.997351,-0.013166
6203,e+,336.118893,620.991562,-2.805149,-92.000000,1.783970,88.491833,-90.517628,-0.009031,-0.999613,0.026319
6204,neutron,19511.576325,0.000000,2.928100,-92.000000,0.107186,90.000000,-90.000000,0.000000,-1.000000,0.000000
6016,neutron,19510.269781,187.246381,0.680542,-92.000000,1.610043,89.917587,-90.547150,-0.009549,-0.999953,0.001438
6205,neutron,19511.576325,500.673788,2.166063,-92.000000,2.683301,90.000000,-90.000000,0.000000,-1.000000,0.000000
6206,neutron,19510.911442,0.000000,0.979152,-92.000000,-1.814781,89.578618,-89.945541,0.000950,-0.999973,0.007354
6207,proton,19014.721289,591.882003,-2.174429,-92.000000,0.972756,87.862228,-90.896486,-0.015635,-0.999182,0.037303
5968,neutron,152.293855,2125.686640,-2.278183,-92.000000,-2.217491,89.220856,-107.624356,-0.302747,-0.952974,0.013598
6115,neutron,4.953267,1689.996633,-2.490701,-92.000000,0.987561,96.979241,-133.391578,-0.681890,-0.721291,-0.121510
6116,neutron,19511.576325,0.000000,-2.481364,-92.000000,-1.762580,90.000000,-90.000000,0.000000,-1.000000,0.000000
6117,neutron,19511.576325,0.000000,-1.472408,-92.000000,-2.655310,90.000000,-90.000000,0.000000,-1.000000,0.000000
6017,neutron,0.002442,2129.967076,2.988906,-92.000000,-1.316203,73.568516,-79.393878,0.176539,-0.942772,0.282869
6209,neutron,19511.576325,233.826402,2.848069,-92.000000,-1.710626,90.000000,-90.000000,0.000000,-1.000000,0.000000
6018,neutron,0.740237,108.869347,1.739915,-92.000000,-1.572365,140.213635,-64.817375,0.272292,-0.579106,-0.768436
6118,pi+,344.454748,2760.262426,-2.932249,-92.000000,0.109408,106.413997,-90.508329,-0.008510,-0.959207,-0.282576
6210,neutron,8265.513286,0.000000,2.447128,-92.000000,-1.968814,90.507974,-89.997995,0.000035,-0.999961,-0.008866
6119,neutron,19511.369673,759.018921,2.295463,-92.000000,-1.416899,90.099024,-90.115398,-0.002014,-0.999996,-0.001728
5970,neutron,1403.074665,2630.275559,-2.751457,-92.000000,0.996369,83.975343,-90.064455,-0.001119,-0.994476,0.104956
5971,neutron,19511.576325,0.000000,0.389812,-92.000000,-0.354810,90.000000,-90.000000,0.000000,-1.000000,0.000000
6120,gamma,1669.748073,1787.457919,2.893484,-92.000000,-0.747216,103.137547,-85.463440,0.077025,-0.970776,-0.227290
6019,pi+,877.158913,103.585644,2.507721,-92.000000,2.423891,96.461586,-81.496322,0.146934,-0.982724,-0.112537
6020,neutron,19511.482093,0.000000,-0.788273,-92.000000,-0.493409,90.140433,-89.862524,0.002399,-0.999994,-0.002451
5972,neutron,74.850319,1533.239995,-2.884932,-92.000000,0.951462,54.943824,-102.191691,-0.172872,-0.800127,0.574379
6121,gamma,0.510999,389.140376,0.430560,-92.000000,-2.659228,69.908610,-77.836963,0.197873,-0.918064,0.343519
5973,proton,3739.712570,274.945128,2.517821,-92.000000,-1.390026,96.326457,-91.986236,-0.034448,-0.993313,-0.110193
6211,pi+,390.355726,5165.640942,-2.611374,-92.000000,0.587862,90.935708,-111.532176,-0.366975,-0.930088,-0.016330
6021,neutron,60.142631,3843.553408,-1.429345,-92.000000,0.032720,91.944133,-95.169067,-0.090043,-0.995360,-0.033925
6122,kaon0L,4158.971567,1631.199802,1.830947,-92.000000,1.552047,90.806177,-85.639251,0.076028,-0.997006,-0.014070
6123,neutron,15066.768680,281.313618,-0.237366,-92.000000,2.780421,90.477919,-90.534126,-0.009322,-0.999922,-0.008341
5974,gamma,0.203527,2334.650712,-0.161831,-92.000000,-1.120417,102.022023,-110.629382,-0.344594,-0.915353,-0.208288
5975,neutron,19511.576325,0.000000,-0.952793,-92.000000,1.141245,90.000000,-90.000000,0.000000,-1.000000,0.000000
6022,neutron,1019.355270,1052.467547,-1.202891,-92.000000,-2.637407,92.889502,-86.692848,0.057615,-0.997065,-0.050410
6212,anti_nu_mu,88.733653,0.000000,1.739765,-92.000000,1.869337,93.641660,-88.087511,0.033306,-0.997425,-0.063516
6024,neutron,19483.515297,0.000000,1.478258,-92.000000,-1.551372,89.829730,-89.464289,0.009350,-0.999952,0.002972
5976,neutron,19307.317062,1913.941573,-2.227515,-92.000000,1.398958,90.803561,-90.440678,-0.007690,-0.999872,-0.014024
6125,pi+,246.519968,3298.979957,-2.079757,-92.000000,2.019508,90.767420,-93.784330,-0.065995,-0.997730,-0.013394
6213,neutron,5482.902959,3052.305816,-1.828359,-92.000000,0.114829,93.715561,-90.406585,-0.007081,-0.997873,-0.064803
6126,neutron,19511.576325,420.488648,0.116379,-92.000000,-1.297785,90.000000,-90.000000,0.000000,-1.000000,0.000000
6025,neutron,1.219485,2441.386524,2.856307,-92.000000,1.612923,103.260587,-85.175206,0.081866,-0.969888,-0.229380
6214,neutron,1.035841,93.404972,2.400239,-92.000000,0.538601,125.938529,-86.826417,0.044823,-0.808405,-0.586917
6026,neutron,19511.576325,870.586804,-2.272549,-92.000000,1.799883,90.000000,-90.000000,0.000000,-1.000000,0.000000
5977,neutron,19511.576325,3588.717115,-1.953061,-92.000000,-0.851779,90.000000,-90.000000,0.000000,-1.000000,0.000000
6215,anti_nu_e,264.327139,0.000000,-2.364867,-92.000000,-2.043375,94.718169,-90.315098,-0.005481,-0.996596,-0.082255
6216,neutron,19511.576325,0.000000,-0.471246,-92.000000,-2.308590,90.000000,-90.000000,0.000000,-1.000000,0.000000
6217,neutron,19511.352126,0.000000,-0.216826,-92.000000,-2.425415,90.225081,-90.043270,-0.000755,-0.999992,-0.003928
6218,neutron,19511.576325,0.000000,0.159896,-92.000000,-0.034032,90.000000,-90.000000,0.000000,-1.000000,0.000000
6027,neutron,19511.576325,4.164521,-1.828420,-92.000000,-2.461707,90.000000,-90.000000,0.000000,-1.000000,0.000000
6028,neutron,19511.116393,432.044273,-1.300543,-92.000000,-0.886790,89.980017,-90.327677,-0.005719,-0.999984,0.000349
6029,neutron,19511.442398,0.000000,-0.500551,-92.000000,0.394200,89.827098,-89.961447,0.000673,-0.999995,0.003018
6219,neutron,19511.576325,1543.995658,-1.110207,-92.000000,-0.443398,90.000000,-90.000000,0.000000,-1.000000,0.000000
6128,gamma,0.684333,1076.786638,-2.347125,-92.000000,0.169079,69.056154,-80.951501,0.146880,-0.922309,0.357453
5978,neutron,16705.964307,0.049558,-1.073994,-92.000000,-2.007855,91.659261,-88.777044,0.021334,-0.999353,-0.028956
6220,proton,15852.906740,88.560045,2.553891,-92.000000,-1.072429,94.369366,-89.254965,0.012965,-0.997009,-0.076186
5979,neutron,19511.576325,847.117521,0.737583,-92.000000,1.553192,90.000000,-90.000000,0.000000,-1.000000,0.000000
5980,neutron,19511.507352,0.000000,1.267528,-92.000000,0.282726,89.904631,-89.861532,0.002417,-0.999996,0.001664
6221,gamma,0.076228,1602.881318,-0.283361,-92.000000,2.051876,63.218262,-138.154737,-0.665038,-0.595559,0.450593
6130,neutron,19511.564157,0.000000,-0.087888,-92.000000,-2.594819,90.007765,-89.929808,0.001225,-0.999999,-0.000136
6030,gamma,0.410009,2504.203484,0.929652,-92.000000,0.280867,97.630603,-76.336987,0.234119,-0.963097,-0.132786
6223,neutron,19511.576325,1114.308866,2.897813,-92.000000,-0.754882,90.000000,-90.000000,0.000000,-1.000000,0.000000
6224,neutron,19511.576325,84.077825,-1.618945,-92.000000,-1.149869,90.000000,-90.000000,0.000000,-1.000000,0.000000
6131,neutron,1307.197492,3007.765550,0.791191,-92.000000,0.679239,92.115012,-92.363459,-0.041210,-0.998469,-0.036906
6225,pi-,987.705375,2644.948067,-2.126287,-92.000000,2.287981,77.961962,-80.450467,0.162252,-0.964457,0.208561
6132,gamma,0.429384,0.429384,1.021005,-92.000000,2.091007,109.569339,-72.170833,0.288494,-0.896985,-0.334947
6031,gamma,0.151929,1968.932325,1.379632,-92.000000,2.874601,95.381080,-81.192390,0.152442,-0.983853,-0.093780
5981,neutron,1729.402866,3070.190117,-2.899798,-92.000000,-0.277502,94.096521,-113.005765,-0.389825,-0.918114,-0.071437
6032,neutron,19511.576325,897.840166,1.261669,-92.000000,2.681946,90.000000,-90.000000,0.000000,-1.000000,0.000000
6226,proton,8272.343853,1693.858571,-2.515871,-92.000000,0.597757,87.596533,-88.686345,0.022905,-0.998858,0.041936
5982,neutron,19509.921884,676.886007,-1.535064,-92.000000,-2.908501,89.400517,-89.831724,0.002937,-0.999941,0.010463
5983,neutron,7.691219,919.367477,2.123364,-92.000000,0.587302,64.928603,-32.834508,0.761073,-0.491127,0.423747
6133,gamma,0.595154,2130.499218,1.322172,-92.000000,1.057656,112.840901,-111.186393,-0.333064,-0.859296,-0.388174
6033,pi+,5342.411967,2547.472580,1.360975,-92.000000,1.529294,86.997091,-90.040349,-0.000703,-0.998627,0.052387
6034,neutron,19497.123171,0.000000,0.328474,-92.000000,-1.503100,91.800003,-90.386424,-0.006741,-0.999484,-0.031411
6035,neutron,19510.974968,85.347030,-2.003382,-92.000000,-1.008504,90.442296,-90.083141,-0.001451,-0.999969,-0.007719
6228,neutron,16722.500979,101.146711,1.448323,-92.000000,1.897973,89.808031,-90.915185,-0.015972,-0.999867,0.003350
5984,gamma,1.056385,3038.605689,-0.949592,-92.000000,1.482259,93.244472,-77.673601,0.213138,-0.975381,-0.056596
6036,neutron,19511.576325,974.054439,-2.407860,-92.000000,-2.993453,90.000000,-90.000000,0.000000,-1.000000,0.000000
6037,neutron,19511.551675,0.000000,0.974213,-92.000000,-0.012234,89.899500,-89.998418,0.000028,-0.999998,0.001754
6135,neutron,19511.572894,0.000000,-1.810302,-92.000000,-2.403500,90.027900,-89.974939,0.000437,-1.000000,-0.000487
6136,proton,15679.665094,328.433775,1.604333,-92.000000,2.099726,89.061419,-88.957945,0.018184,-0.999700,0.016381
6038,neutron,7.360146,1522.836807,-2.746099,-92.000000,1.142782,82.082727,-99.384384,-0.161503,-0.977212,0.137743
5985,pi-,815.765692,1635.488457,2.847057,-92.000000,-1.630546,102.837872,-88.644203,0.023069,-0.974730,-0.222193
6229,neutron,19072.560455,352.635772,2.858279,-92.000000,-1.425324,90.008555,-89.853032,0.002565,-0.999997,-0.000149
6137,neutron,19511.263163,1162.087928,1.476079,-92.000000,1.420238,90.120505,-90.242608,-0.004234,-0.999989,-0.002103
5986,neutron,19511.329162,2017.426709,2.809290,-92.000000,-0.246447,90.227037,-89.776944,0.003893,-0.999985,-0.003963
6138,gamma,1.665887,992.508884,2.153064,-92.000000,-1.193100,100.304199,-52.787110,0.595024,-0.783550,-0.178874
6139,neutron,19511.576325,0.278176,1.584601,-92.000000,1.214910,90.000000,-90.000000,0.000000,-1.000000,0.000000
6039,gamma,7.636639,2960.957071,1.582255,-92.000000,1.717275,71.337701,-48.580118,0.626787,-0.710454,0.319990
5987,gamma,0.144095,2276.384201,-2.737341,-92.000000,2.368619,89.096604,-114.454159,-0.413914,-0.910180,0.015767
6230,gamma,0.526492,529.297142,0.898303,-92.000000,-1.994628,58.863537,-110.351671,-0.297679,-0.802507,0.517078
6231,pi+,5553.757149,730.385664,-1.301149,-92.000000,2.821755,90.858477,-88.924335,0.018771,-0.999712,-0.014983
5988,pi+,1738.167568,1225.124136,-1.637397,-92.000000,-0.431784,73.908002,-104.070915,-0.233597,-0.931989,0.277180
5989,neutron,19511.576325,528.805037,-1.617192,-92.000000,1.859433,90.000000,-90.000000,0.000000,-1.000000,0.000000
6140,gamma,4.970079,2698.313912,-2.252936,-92.000000,1.442168,36.081771,-90.355513,-0.003654,-0.588928,0.808177
5991,neutron,10084.309559,351.141554,1.032499,-92.000000,0.501777,88.848159,-90.638840,-0.011147,-0.999736,0.020102
5992,gamma,63.291693,275.965450,-1.411552,-92.000000,-1.565333,95.068025,-72.648921,0.297060,-0.950764,-0.088338
5993,neutron,19511.576325,36.768940,-2.888216,-92.000000,-1.730657,90.000000,-90.000000,0.000000,-1.000000,0.000000
6040,neutron,0.065887,2405.961123,2.061825,-92.000000,-0.622565,122.156247,-80.281519,0.142912,-0.834450,-0.532230
6141,neutron,19511.576325,1424.574555,-1.882437,-92.000000,0.991186,90.000000,-90.000000,0.000000,-1.000000,0.000000
5994,nu_mu,29.791916,2063.381068,-1.163063,-92.000000,-0.484468,77.525118,-83.820176,0.105108,-0.970717,0.216012
6232,neutron,30.750053,3635.616272,-0.181309,-92.000000,0.115479,123.387124,-74.789870,0.219063,-0.805723,-0.550293
6233,gamma,0.117420,2309.887029,-1.366602,-92.000000,-0.140661,73.555898,-128.112040,-0.591955,-0.754622,0.283080
6142,mu+,479.155431,3212.171743,1.347225,-92.000000,1.875636,77.684821,-70.761730,0.321915,-0.922431,0.213289
5995,gamma,0.326752,1311.454476,-1.045331,-92.000000,0.108311,72.717055,-111.892228,-0.356027,-0.885992,0.297091
6042,neutron,19510.293909,737.986300,2.864186,-92.000000,1.004107,89.775213,-89.500017,0.008726,-0.999954,0.003923
6043,neutron,19508.215086,0.006260,-2.392653,-92.000000,1.434830,89.777925,-90.707344,-0.012345,-0.999916,0.003876
6234,gamma,0.116148,2123.398292,2.171811,-92.000000,2.809004,124.564107,-93.063878,-0.044015,-0.822315,-0.567328
6235,neutron,19511.502663,0.000000,0.782771,-92.000000,-1.341988,89.910201,-89.812757,0.003268,-0.999993,0.001567
6236,neutron,19511.232605,0.000000,2.022595,-92.000000,-1.920829,90.063053,-90.169568,-0.002960,-0.999995,-0.001100
6143,gamma,0.510999,992.243246,0.105498,-92.000000,2.713773,32.804773,-117.601913,-0.251020,-0.480117,0.840521
6144,neutron,19511.576325,0.085038,0.551842,-92.000000,-1.402087,90.000000,-90.000000,0.000000,-1.000000,0.000000
6145,neutron,19511.183949,0.000000,1.459983,-92.000000,-0.452452,89.966691,-89.698616,0.005260,-0.999986,0.000581
5996,gamma,492.846038,2302.129120,-0.591104,-92.000000,-0.802299,64.357700,-79.689269,0.161359,-0.886955,0.432751
5997,neutron,19511.576325,1225.327978,2.411686,-92.000000,-1.793238,90.000000,-90.000000,0.000000,-1.000000,0.000000
6044,gamma,24.450429,1225.926280,-2.690933,-92.000000,1.926223,76.011385,-99.837873,-0.165794,-0.956075,0.241729
5998,gamma,96.292910,1392.023352,1.211516,-92.000000,0.871801,122.888474,-105.239230,-0.220723,-0.810202,-0.543006
5999,neutron,19511.393188,0.000000,-1.874327,-92.000000,1.917956,90.018997,-90.192893,-0.003367,-0.999994,-0.000332
6237,neutron,2.510859,4265.976603,0.276787,-92.000000,-2.240166,89.154802,-112.127338,-0.376625,-0.926248,0.014751
6146,neutron,5666.404758,215.634802,1.263677,-92.000000,-2.408460,95.649949,-92.528855,-0.043908,-0.994173,-0.098450
6300,neutron,19511.576325,1134.819901,-2.971011,-92.000000,0.527140,90.000000,-90.000000,0.000000,-1.000000,0.000000
6045,neutron,3.791925,1293.222657,1.582808,-92.000000,0.271460,104.027780,-88.016399,0.033581,-0.969597,-0.242392
6147,gamma,0.226913,2016.319028,-1.815722,-92.000000,0.409131,71.269757,-108.165765,-0.295256,-0.899839,0.321113
6301,neutron,0.006615,2171.583488,-1.683991,-92.000000,-1.053704,115.194926,-148.996263,-0.775590,-0.466090,-0.425699
6148,neutron,18733.358862,0.000000,-2.642322,-92.000000,0.116019,88.494393,-90.626104,-0.010924,-0.999595,0.026275
6046,gamma,1.614754,3000.213546,-1.142071,-92.000000,0.650455,112.711391,-135.993355,-0.663489,-0.640872,-0.386089
6047,neutron,19511.576325,761.180239,-0.965144,-92.000000,1.750528,90.000000,-90.000000,0.000000,-1.000000,0.000000
6048,neutron,19511.517788,0.000000,-0.727937,-92.000000,1.844897,90.061795,-90.142030,-0.002479,-0.999996,-0.001079
6149,gamma,1.901752,1828.558388,1.022494,-92.000000,-0.633540,109.503874,-110.452914,-0.329386,-0.883196,-0.333871
6239,proton,11251.662992,1157.955655,0.820581,-92.000000,1.667108,90.805532,-91.967806,-0.034335,-0.999312,-0.014059
6303,gamma,0.192229,717.127697,-1.361637,-92.000000,-0.101667,104.482472,-79.914391,0.169555,-0.953262,-0.250084
6304,neutron,19044.362812,105.520935,1.292949,-92.000000,1.626262,87.658474,-91.724534,-0.030069,-0.998712,0.040856
6049,neutron,19266.178992,3584.739518,1.330930,-92.000000,0.947922,89.848005,-91.669783,-0.029139,-0.999572,0.002653
6050,neutron,19511.576325,0.000000,-2.389580,-92.000000,-1.424557,90.000000,-90.000000,0.000000,-1.000000,0.000000
6150,pi+,457.895991,3323.395563,-2.477750,-92.000000,-1.958302,93.396179,-101.901548,-0.205868,-0.976785,-0.059240
6051,neutron,617.197433,475.439731,2.747297,-92.000000,0.697852,62.828797,-86.041989,0.061408,-0.887524,0.456651
6240,gamma,0.686981,3531.136942,2.271342,-92.000000,-0.242331,114.542309,-89.400722,0.009514,-0.909605,-0.415365
6151,neutron,19511.576325,297.429527,2.978245,-92.000000,-1.489188,90.000000,-90.000000,0.000000,-1.000000,0.000000
6152,neutron,19511.576325,0.000000,-1.425317,-92.000000,-2.372292,90.000000,-90.000000,0.000000,-1.000000,0.000000
6241,neutron,19411.421015,196.821140,1.847313,-92.000000,0.934419,90.076222,-88.121856,0.032774,-0.999462,-0.001330
6242,neutron,19511.576325,319.831454,2.773472,-92.000000,-1.951043,90.000000,-90.000000,0.000000,-1.000000,0.000000
6052,neutron,1.746190,832.386498,0.043357,-92.000000,-0.219820,74.065771,-64.841778,0.408785,-0.870360,0.274534
6053,neutron,19511.576325,0.000000,-0.886542,-92.000000,1.615667,90.000000,-90.000000,0.000000,-1.000000,0.000000
6054,gamma,0.271514,435.556707,2.139096,-92.000000,-0.611235,68.357936,-109.346218,-0.307923,-0.877021,0.368807
6055,gamma,0.124160,0.039944,-0.077024,-92.000000,-2.061909,134.268326,-56.263070,0.397696,-0.595488,-0.698020
6153,neutron,6389.880424,100.394436,-0.943233,-92.000000,1.637705,87.968084,-90.556924,-0.009714,-0.999324,0.035456
6154,proton,13842.896465,1184.773743,-2.105475,-92.000000,-0.017711,88.213900,-90.568137,-0.009911,-0.999465,0.031168
6243,neutron,5373.037690,3457.106703,-0.200566,-92.000000,0.860690,92.547403,-85.183676,0.083879,-0.995484,-0.044446
6306,gamma,0.443375,4101.997568,0.045524,-92.000000,1.707912,80.004510,-100.816109,-0.184809,-0.967326,0.173571
6307,neutron,19511.576325,0.042499,-2.229163,-92.000000,-0.504381,90.000000,-90.000000,0.000000,-1.000000,0.000000
6056,gamma,0.267010,2430.736250,-1.464144,-92.000000,-1.522091,136.496671,-101.325063,-0.135184,-0.674993,-0.725334
6308,neutron,16890.873376,0.000000,1.202325,-92.000000,0.439083,89.030828,-88.494121,0.026276,-0.999512,0.016914
6057,neutron,71.516406,2207.143373,-0.496080,-92.000000,-0.574634,122.862428,-104.491493,-0.210192,-0.813252,-0.542624
6155,gamma,0.092499,1211.546686,-1.760308,-92.000000,-1.561572,110.951451,-90.570943,-0.009306,-0.933837,-0.357577
6309,neutron,0.001849,2741.386552,-1.789108,-92.000000,-1.034545,99.522136,-103.818579,-0.235557,-0.957677,-0.165429
6156,neutron,0.001577,2112.461054,-0.684309,-92.000000,1.056339,100.872765,-113.194364,-0.386781,-0.902674,-0.188629
6058,neutron,85.066811,1404.856770,2.019813,-92.000000,2.012161,105.941995,-97.254394,-0.121419,-0.953843,-0.274664
6059,neutron,19511.576325,0.000000,-2.963258,-92.000000,1.999588,90.000000,-90.000000,0.000000,-1.000000,0.000000
6060,neutron,19511.418649,0.000000,1.087512,-92.000000,1.476364,89.831010,-89.908410,0.001599,-0.999994,0.002949
6245,proton,3843.360118,348.743628,-2.072157,-92.000000,-2.101366,90.823295,-94.381878,-0.076396,-0.996974,-0.014369
6157,pi+,757.868094,3094.964315,0.304158,-92.000000,-2.934814,130.699808,-105.082814,-0.197278,-0.732019,-0.652096
6158,neutron,19511.576325,0.000000,0.254126,-92.000000,2.950174,90.000000,-90.000000,0.000000,-1.000000,0.000000
6159,neutron,19511.576325,0.000000,2.983914,-92.000000,-1.949807,90.000000,-90.000000,0.000000,-1.000000,0.000000
6247,neutron,19511.576325,0.000000,2.941054,-92.000000,-0.616285,90.000000,-90.000000,0.000000,-1.000000,0.000000
6310,e-,4.030296,3178.807461,2.939793,-92.000000,2.120880,71.569687,-87.088946,0.048181,-0.947485,0.316151
6311,neutron,19511.576325,0.000000,-1.859145,-92.000000,0.766773,90.000000,-90.000000,0.000000,-1.000000,0.000000
6061,neutron,138.720851,2058.939273,2.219863,-92.000000,1.042285,50.111732,-99.155984,-0.122094,-0.757520,0.641293
6160,gamma,0.086626,412.979578,0.843107,-92.000000,2.988333,73.007322,-86.646478,0.055943,-0.954704,0.292249
6161,neutron,19511.530637,0.228261,-0.439940,-92.000000,-1.014157,89.896289,-89.910729,0.001558,-0.999997,0.001810
6248,e+,2.511368,1075.911479,-1.698318,-92.000000,-2.313985,139.424234,-82.461926,0.085330,-0.644832,-0.759546
6312,gamma,0.335979,654.041336,-2.616932,-92.000000,0.155917,55.180487,-117.162020,-0.374773,-0.730419,0.570993
6062,neutron,19511.405259,2704.003803,2.661313,-92.000000,0.867197,90.060488,-90.190854,-0.003331,-0.999994,-0.001056
6063,neutron,19511.239382,0.000000,2.076465,-92.000000,0.683601,89.694382,-90.211412,-0.003690,-0.999979,0.005334
6249,neutron,5881.645914,2065.840133,-1.246215,-92.000000,1.400995,91.643776,-88.347788,0.028821,-0.999173,-0.028685
6250,neutron,19511.576325,0.000000,2.093809,-92.000000,0.752048,90.000000,-90.000000,0.000000,-1.000000,0.000000
6162,pi-,1478.636954,3334.778792,1.853000,-92.000000,1.135842,99.220249,-92.109335,-0.036331,-0.986411,-0.160230
6163,neutron,19510.623006,0.010278,0.622023,-92.000000,2.082339,89.752643,-90.366586,-0.006398,-0.999970,0.004317
6064,gamma,0.171306,536.752421,1.785785,-92.000000,-1.164494,86.780885,-108.394384,-0.315058,-0.947410,0.056155
6065,neutron,19511.255773,0.225437,-1.998246,-92.000000,-1.537971,90.239876,-90.090649,-0.001582,-0.999990,-0.004187
6164,neutron,19511.541653,378.852398,0.971724,-92.000000,-2.462392,90.110190,-89.954519,0.000794,-0.999998,-0.001923
6165,neutron,19511.576325,0.000000,-0.067006,-92.000000,2.301200,90.000000,-90.000000,0.000000,-1.000000,0.000000
6166,neutron,19511.576325,0.000000,-0.453189,-92.000000,-1.409376,90.000000,-90.000000,0.000000,-1.000000,0.000000
6167,neutron,19511.576325,0.349048,-0.929078,-92.000000,0.850079,90.000000,-90.000000,0.000000,-1.000000,0.000000
6251,neutron,19511.576325,1646.879128,0.684654,-92.000000,2.283903,90.000000,-90.000000,0.000000,-1.000000,0.000000
6066,pi+,4282.059742,1221.565153,2.531661,-92.000000,-0.153459,87.935707,-97.487642,-0.130228,-0.990830,0.036021
6067,neutron,19511.399335,0.037854,-2.158461,-92.000000,0.530542,90.150836,-90.223132,-0.003894,-0.999989,-0.002633
6068,neutron,19511.576325,997.066687,2.277664,-92.000000,2.834012,90.000000,-90.000000,0.000000,-1.000000,0.000000
6168,neutron,19511.576325,2469.745222,-2.983360,-92.000000,2.795000,90.000000,-90.000000,0.000000,-1.000000,0.000000
6252,gamma,1.404149,1085.455790,-2.877217,-92.000000,1.169392,85.959748,-99.550266,-0.165500,-0.983690,0.070457
6253,neutron,19511.576325,0.182782,-1.659737,-92.000000,-0.751101,90.000000,-90.000000,0.000000,-1.000000,0.000000
6314,neutron,5.933036,473.034367,0.722040,-92.000000,0.961617,63.169176,-57.438325,0.480265,-0.752078,0.451358
6315,neutron,19511.576325,0.000000,2.206766,-92.000000,1.894925,90.000000,-90.000000,0.000000,-1.000000,0.000000
6316,neutron,19511.545027,0.043375,0.269562,-92.000000,2.335802,90.112879,-90.009249,-0.000161,-0.999998,-0.001970
6254,gamma,2.765090,763.910733,0.889651,-92.000000,0.268327,108.735502,-70.042724,0.323233,-0.890141,-0.321200
6255,neutron,19511.576325,0.000000,0.389888,-92.000000,-0.804031,90.000000,-90.000000,0.000000,-1.000000,0.000000
6169,neutron,19511.576325,1570.980860,1.990899,-92.000000,2.430579,90.000000,-90.000000,0.000000,-1.000000,0.000000
6170,mu-,2286.014919,108.648289,0.910956,-92.000000,2.586614,85.712340,-87.645510,0.040967,-0.996359,0.074764
6317,gamma,0.355120,1154.950347,2.911422,-92.000000,0.124406,85.111156,-42.503392,0.734555,-0.673176,0.085223
6318,neutron,19511.576325,0.000000,0.757753,-92.000000,0.983147,90.000000,-90.000000,0.000000,-1.000000,0.000000
6319,gamma,0.154241,1267.541179,0.543905,-92.000000,1.993527,97.545023,-57.348120,0.534862,-0.834674,-0.131305
6258,gamma,0.087236,324.834128,-2.798360,-92.000000,-1.294258,81.802902,-116.055670,-0.434757,-0.889189,0.142579
6069,gamma,2.519180,4256.722881,1.828897,-92.000000,0.171297,92.570770,-64.521592,0.429738,-0.901839,-0.044853
6171,proton,271.209359,1967.956294,-2.122244,-92.000000,-1.188292,69.590727,-83.202818,0.110925,-0.930638,0.348724
6172,neutron,19511.576325,1122.643303,-1.075661,-92.000000,1.634815,90.000000,-90.000000,0.000000,-1.000000,0.000000
6173,neutron,19511.576325,0.560582,1.415813,-92.000000,1.963697,90.000000,-90.000000,0.000000,-1.000000,0.000000
6259,pi+,999.982777,2975.987264,1.987142,-92.000000,-2.685222,99.242120,-92.135717,-0.036783,-0.986333,-0.160607
6260,neutron,19510.075026,0.083256,-0.139759,-92.000000,-1.345896,89.460890,-90.247323,-0.004316,-0.999946,0.009409
6070,gamma,0.077317,3432.591717,-0.325205,-92.000000,-0.229080,120.035190,-98.692266,-0.130834,-0.855775,-0.500532
6320,gamma,0.441096,719.825394,0.658320,-92.000000,-2.453620,92.110295,-106.451569,-0.283013,-0.958409,-0.036823
6321,neutron,19511.556113,43.590512,1.318938,-92.000000,0.060437,90.068147,-89.990410,0.000167,-0.999999,-0.001189
6174,neutron,19511.576325,0.000000,-2.708127,-92.000000,-2.455288,90.000000,-90.000000,0.000000,-1.000000,0.000000
6322,neutron,19511.576325,889.884034,-1.211601,-92.000000,1.830016,90.000000,-90.000000,0.000000,-1.000000,0.000000
6323,neutron,0.000000,85.430130,1.836312,-92.000000,2.607445,86.941241,-83.235008,0.117629,-0.991623,0.053360
6071,pi+,12371.067821,1285.392085,0.226941,-92.000000,2.332666,92.367566,-87.962978,0.035515,-0.998515,-0.041310
6072,proton,263.095885,263.095885,2.001414,-92.000000,0.426781,61.204817,-53.521858,0.521002,-0.704656,0.481680
6073,neutron,19510.779309,0.003210,-1.531303,-92.000000,-2.312917,90.322689,-90.287461,-0.005017,-0.999972,-0.005632
6074,neutron,19511.576325,0.000000,-2.204477,-92.000000,-2.552276,90.000000,-90.000000,0.000000,-1.000000,0.000000
6075,neutron,19511.576325,0.000000,2.161322,-92.000000,2.892941,90.000000,-90.000000,0.000000,-1.000000,0.000000
6324,neutron,19511.538360,984.844233,1.028068,-92.000000,-2.944766,89.884988,-90.091886,-0.001604,-0.999997,0.002007
6261,neutron,5484.233653,2944.421696,2.789369,-92.000000,-1.344133,88.422015,-88.293758,0.029764,-0.999178,0.027538
6262,neutron,19511.384527,0.000000,-0.940959,-92.000000,2.649003,90.153999,-89.854309,0.002543,-0.999993,-0.002688
6175,gamma,0.729654,2169.621519,0.722149,-92.000000,2.233670,67.396916,-100.391693,-0.166522,-0.908047,0.384345
6176,gamma,7.951093,7.951093,0.086421,-92.000000,-2.878669,102.475761,-70.976809,0.318254,-0.923064,-0.216027
6177,gamma,0.083697,1124.746507,2.703966,-92.000000,-0.800361,56.215404,-72.889727,0.244529,-0.794348,0.556072
6178,neutron,19511.576325,0.000000,0.909348,-92.000000,-2.000131,90.000000,-90.000000,0.000000,-1.000000,0.000000
6263,gamma,0.523712,2747.182262,-1.340787,-92.000000,0.063360,70.305264,-128.607781,-0.587484,-0.735723,0.337009
6326,neutron,3326.273740,3212.975901,0.785034,-92.000000,0.007097,85.619817,-89.065423,0.016263,-0.996947,0.076374
6180,neutron,19507.254988,0.000000,-0.113715,-92.000000,2.830249,90.066356,-88.390539,0.028087,-0.999605,-0.001158
6327,neutron,19511.574831,945.630585,1.399202,-92.000000,-1.069860,90.013184,-89.988481,0.000201,-1.000000,-0.000230
6076,gamma,0.626282,1169.736170,-0.047800,-92.000000,1.004408,81.433937,-110.066802,-0.339288,-0.928815,0.148950
6264,gamma,0.058711,1848.644272,0.534113,-92.000000,-0.669655,119.396411,-62.153452,0.406963,-0.770356,-0.490849
6181,neutron,120.956120,2000.966602,2.249517,-92.000000,1.759026,104.778868,-44.138080,0.693922,-0.673352,-0.255089
6077,pi+,1806.983039,2613.724083,2.633550,-92.000000,-0.510319,92.772897,-83.549873,0.112207,-0.992507,-0.048377
6328,neutron,41.980186,1931.976244,-0.545383,-92.000000,-0.575775,131.517476,-67.079935,0.291599,-0.689639,-0.662848
6265,gamma,0.150181,0.150181,0.615800,-92.000000,-2.298663,65.850947,-61.067398,0.441442,-0.798597,0.409112
6078,gamma,0.120166,1230.699740,-1.225728,-92.000000,-0.087780,115.285688,-58.735114,0.469270,-0.772880,-0.427132
6182,neutron,19511.328255,4509.911147,-1.844569,-92.000000,-1.259074,90.315548,-90.045839,-0.000800,-0.999985,-0.005507
6329,neutron,0.107776,1697.085940,0.379291,-92.000000,2.763862,53.017757,-96.958909,-0.096783,-0.792937,0.601567
6079,neutron,19511.371379,1121.705420,1.822819,-92.000000,2.187876,89.787286,-90.052681,-0.000919,-0.999993,0.003713
6183,proton,18943.273706,426.912323,1.888601,-92.000000,1.905712,91.353366,-88.476018,0.026588,-0.999367,-0.023618
6266,gamma,202.623202,1930.424379,0.989046,-92.000000,-1.282313,98.987354,-45.162092,0.696447,-0.700399,-0.156216
6184,neutron,19511.576325,1014.782088,-1.445500,-92.000000,-0.893287,90.000000,-90.000000,0.000000,-1.000000,0.000000
6330,neutron,19511.576325,905.064627,0.840485,-92.000000,-2.538926,90.000000,-90.000000,0.000000,-1.000000,0.000000
6080,gamma,0.287638,239.875364,-0.659776,-92.000000,1.292026,90.717729,-90.529203,-0.009235,-0.999879,-0.012526
6331,neutron,19511.576325,830.721997,0.440670,-92.000000,0.349136,90.000000,-90.000000,0.000000,-1.000000,0.000000
6333,neutron,19511.576325,1783.477241,-1.727530,-92.000000,-1.314643,90.000000,-90.000000,0.000000,-1.000000,0.000000
6268,gamma,1.157822,628.850753,-0.852404,-92.000000,2.153016,86.491818,-76.075841,0.240186,-0.968796,0.061191
6081,gamma,4.845097,1178.329985,-2.878826,-92.000000,0.492980,122.149058,-138.624417,-0.635333,-0.559640,-0.532124
6334,gamma,3.638957,2011.288009,0.418607,-92.000000,0.667351,57.219468,-65.306486,0.351236,-0.763869,0.541423
6269,mu-,2114.484327,94.413221,1.908900,-92.000000,-0.080853,90.211126,-88.757719,0.021680,-0.999758,-0.003685
6270,neutron,19511.576325,0.000000,1.527270,-92.000000,-0.661676,90.000000,-90.000000,0.000000,-1.000000,0.000000
6271,neutron,19508.642367,0.000000,-1.034013,-92.000000,0.139624,89.105899,-89.713475,0.005000,-0.999866,0.015604
6185,gamma,0.127419,4705.497190,2.501531,-92.000000,2.182058,62.844615,-65.213761,0.373023,-0.807805,0.456405
6186,neutron,19511.209715,0.000000,2.463708,-92.000000,-0.545286,90.236696,-90.298140,-0.005203,-0.999978,-0.004131
6082,neutron,9.740091,437.434295,-0.747732,-92.000000,-0.580365,77.320320,-131.030760,-0.640455,-0.735960,0.219500
6084,neutron,19511.305382,1289.972599,2.411678,-92.000000,1.673091,89.759573,-90.075379,-0.001316,-0.999990,0.004196
6187,neutron,92.479326,2385.735717,1.677342,-92.000000,0.754201,47.999633,-68.126916,0.276858,-0.689643,0.669135
6272,neutron,1.204685,3581.934168,0.242598,-92.000000,2.451220,57.425023,-66.114213,0.341217,-0.770515,0.538403
6273,neutron,19511.576325,226.145203,-2.060648,-92.000000,-2.024509,90.000000,-90.000000,0.000000,-1.000000,0.000000
6085,neutron,77.229906,2940.120942,-2.317202,-92.000000,0.021558,100.653282,-141.040451,-0.764187,-0.617934,-0.184865
6335,e+,115.017169,2455.637340,0.967664,-92.000000,2.667842,88.752786,-99.108495,-0.158267,-0.987156,0.021766
6336,neutron,19511.576325,0.185679,-2.843239,-92.000000,0.685223,90.000000,-90.000000,0.000000,-1.000000,0.000000
6086,gamma,77.005209,821.046808,-1.054960,-92.000000,-2.382993,81.728977,-81.901850,0.139404,-0.979731,0.143856
6188,proton,8296.552214,85.978907,2.027915,-92.000000,-2.869621,89.879592,-90.320912,-0.005601,-0.999982,0.002102
6189,neutron,19511.508633,589.318578,2.834413,-92.000000,0.461523,89.947963,-89.885312,0.002002,-0.999998,0.000908
6274,pi+,752.489758,2535.233176,-1.638581,-92.000000,2.664369,84.849264,-94.345956,-0.075473,-0.993098,0.089776
6087,neutron,0.633314,98.721396,-0.998299,-92.000000,1.557349,92.293318,-65.289729,0.417695,-0.907706,-0.040015
6337,neutron,3.045383,2368.896639,0.104037,-92.000000,1.524262,89.361713,-58.083848,0.528645,-0.848770,0.011140
6338,neutron,19511.442911,0.000000,-1.893637,-92.000000,1.475343,89.994506,-90.233772,-0.004080,-0.999992,0.000096
6339,neutron,19511.576325,0.000000,0.842599,-92.000000,2.597306,90.000000,-90.000000,0.000000,-1.000000,0.000000
6275,neutron,19511.576325,2327.162517,1.247689,-92.000000,0.238563,90.000000,-90.000000,0.000000,-1.000000,0.000000
6088,pi+,4534.734432,813.371269,-2.124635,-92.000000,-1.045460,90.203462,-92.232245,-0.038950,-0.999235,-0.003551
6190,kaon-,833.469902,1972.180840,-2.732118,-92.000000,-1.287079,79.169778,-96.588301,-0.112691,-0.975702,0.187899
6276,anti_nu_mu,428.377349,0.000000,-1.538471,-92.000000,2.523006,87.687166,-90.767556,-0.013385,-0.999096,0.040356
6191,neutron,0.000132,246.476196,1.918788,-92.000000,2.182039,39.357629,-75.573075,0.157998,-0.614161,0.773203
6192,neutron,0.000010,0.187306,-2.441368,-92.000000,1.005665,59.153092,-140.168576,-0.659301,-0.549922,0.512746
6193,neutron,19511.576325,0.089889,-0.225031,-92.000000,-2.612342,90.000000,-90.000000,0.000000,-1.000000,0.000000
6340,anti_nu_mu,45.037650,2913.530680,1.545374,-92.000000,-1.915108,131.699640,-76.440590,0.175053,-0.725831,-0.665226
6277,gamma,0.105109,1527.726164,-1.362642,-92.000000,-0.118984,131.970488,-68.581674,0.271503,-0.692143,-0.668748
6341,neutron,19511.576325,1562.083381,1.275822,-92.000000,-2.459466,90.000000,-90.000000,0.000000,-1.000000,0.000000
6089,gamma,0.528761,3601.456827,2.742888,-92.000000,-0.340573,104.883958,-74.433366,0.259355,-0.930998,-0.256862
6195,gamma,0.171150,3160.585521,0.357608,-92.000000,-1.220828,103.570716,-95.129145,-0.086905,-0.968189,-0.234645
6090,neutron,19510.972062,3290.260712,-1.773165,-92.000000,1.190892,89.594653,-90.106650,-0.001861,-0.999973,0.007075
6091,neutron,19511.442056,0.000000,-0.676917,-92.000000,-1.973099,89.805553,-90.131225,-0.002290,-0.999992,0.003394
6278,neutron,627.767162,2007.882375,-1.985023,-92.000000,0.870773,118.210092,-98.709724,-0.133442,-0.871058,-0.472706
6279,neutron,19511.576325,0.000000,-2.411680,-92.000000,-2.320735,90.000000,-90.000000,0.000000,-1.000000,0.000000
6196,neutron,1.707333,84.962831,1.083708,-92.000000,-1.641535,90.065173,-74.550238,0.266393,-0.963864,-0.001137
6197,neutron,19511.576325,0.000000,-2.946582,-92.000000,1.014520,90.000000,-90.000000,0.000000,-1.000000,0.000000
6092,pi-,6533.635827,1285.223408,-2.865336,-92.000000,0.570410,90.521155,-87.989202,0.035086,-0.999343,-0.009096
6280,neutron,300.206908,1356.073279,1.372093,-92.000000,0.463389,66.913650,-36.402481,0.740410,-0.545927,0.392118
6281,neutron,19511.507216,0.000000,-2.350946,-92.000000,-1.261610,90.025793,-90.236569,-0.004129,-0.999991,-0.000450
6342,neutron,47.549537,1910.234007,-1.529848,-92.000000,0.942141,106.881366,-139.920611,-0.732181,-0.616104,-0.290391
6282,gamma,0.165935,130.441333,-2.178137,-92.000000,1.192632,122.843013,-65.097928,0.353765,-0.762049,-0.542339
6198,proton,1154.631721,3755.465485,1.224396,-92.000000,0.334451,96.202690,-103.121403,-0.225686,-0.968190,-0.108046
6199,neutron,211.470147,16.275834,0.507266,-92.000000,-0.715237,84.514746,-108.170503,-0.310418,-0.945782,0.095590
6283,gamma,972.618005,98.154478,-0.906379,-92.000000,-2.827848,90.241678,-91.598719,-0.027899,-0.999602,-0.004218
6343,neutron,0.158167,2020.862418,-1.138923,-92.000000,1.488434,75.663845,-77.109169,0.216147,-0.944441,0.247610
6093,gamma,0.861744,3148.346076,0.230376,-92.000000,1.226215,101.331727,-110.601803,-0.345012,-0.917801,-0.196489
6284,neutron,0.602185,1814.413813,-0.126103,-92.000000,-2.345038,93.683798,-55.394491,0.566749,-0.821381,-0.064250
6344,neutron,9737.725562,959.014726,0.297315,-92.000000,1.782150,91.441658,-91.458112,-0.025438,-0.999360,-0.025159
6094,neutron,19099.582422,1760.366490,0.501825,-92.000000,-1.850775,88.022325,-91.424637,-0.024847,-0.999095,0.034510
6095,neutron,19511.576325,1506.350239,2.393981,-92.000000,0.887594,90.000000,-90.000000,0.000000,-1.000000,0.000000
6345,neutron,14387.215812,2843.546383,-2.482280,-92.000000,-1.574528,90.007192,-91.646431,-0.028732,-0.999587,-0.000126
6400,gamma,408.658197,3805.032957,-0.970473,-92.000000,-0.584704,74.159687,-105.226795,-0.252667,-0.928253,0.272957
6096,neutron,19511.576325,977.360387,0.852012,-92.000000,2.120772,90.000000,-90.000000,0.000000,-1.000000,0.000000
6346,neutron,19419.756954,461.679720,-0.767716,-92.000000,-2.077233,91.135728,-89.969355,0.000535,-0.999803,-0.019821
6285,pi+,701.991652,2597.925279,-2.311022,-92.000000,0.351705,112.078929,-109.097373,-0.303182,-0.875667,-0.375884
6286,neutron,19457.129879,0.000000,-2.742022,-92.000000,1.206414,90.115432,-89.604084,0.006910,-0.999974,-0.002015
6347,neutron,18879.280171,350.337691,-2.405286,-92.000000,-2.250428,88.061061,-89.274514,0.012655,-0.999347,0.033834
6348,neutron,19511.576325,0.177559,-2.140571,-92.000000,2.665686,90.000000,-90.000000,0.000000,-1.000000,0.000000
6349,neutron,19495.913558,0.000000,-2.926328,-92.000000,-2.288351,90.449235,-89.998955,0.000018,-0.999969,-0.007841
6401,neutron,5044.229414,1148.896830,0.626023,-92.000000,-0.826420,88.220489,-87.919842,0.036280,-0.998859,0.031053
6402,neutron,19511.576325,0.000000,-0.083672,-92.000000,2.069422,90.000000,-90.000000,0.000000,-1.000000,0.000000
6287,proton,653.823006,3003.388868,0.007839,-92.000000,-0.230456,97.958669,-110.486320,-0.346613,-0.927733,-0.138459
6097,neutron,3485.413223,2433.794378,-1.467529,-92.000000,-1.713423,85.949644,-86.668233,0.057972,-0.995816,0.070633
6350,neutron,3873.748179,3705.669779,2.116117,-92.000000,-2.645925,89.094271,-87.383440,0.045646,-0.998833,0.015807
6403,proton,9976.848613,2265.598589,-1.084632,-92.000000,1.770946,91.791059,-91.292809,-0.022551,-0.999257,-0.031255
6351,neutron,12160.798919,1339.645959,1.456353,-92.000000,1.948963,89.812971,-88.427546,0.027441,-0.999618,0.003264
6352,neutron,19511.576325,0.000000,-0.875417,-92.000000,-0.925589,90.000000,-90.000000,0.000000,-1.000000,0.000000
6353,neutron,19511.576325,0.000000,2.820462,-92.000000,0.694777,90.000000,-90.000000,0.000000,-1.000000,0.000000
6288,e-,2.779514,4.504413,0.837965,-92.000000,2.054058,117.213903,-82.841681,0.110818,-0.882374,-0.457314
6289,neutron,19511.338046,0.351450,-2.744266,-92.000000,-2.758245,90.133848,-90.194725,-0.003399,-0.999991,-0.002336
6290,neutron,19509.869376,238.907696,-0.267326,-92.000000,-0.882103,89.554924,-89.610001,0.006807,-0.999947,0.007768
6291,neutron,19511.576325,0.000000,2.787194,-92.000000,2.506649,90.000000,-90.000000,0.000000,-1.000000,0.000000
6354,neutron,0.000203,2352.943194,-1.142856,-92.000000,-1.773192,133.787427,-101.790198,-0.147507,-0.706681,-0.691985
6098,pi+,491.575140,1092.531605,1.320497,-92.000000,2.893584,84.392978,-119.928413,-0.496530,-0.862503,0.097705
6405,gamma,4.759635,2945.009262,0.389997,-92.000000,-2.258027,85.107349,-92.592314,-0.045064,-0.995337,0.085289
6292,gamma,0.224472,1751.955725,-0.662842,-92.000000,0.532168,121.360664,-54.337228,0.497840,-0.693768,-0.520424
6355,neutron,18394.382664,1420.843841,-0.018672,-92.000000,-0.438081,90.103721,-92.463239,-0.042978,-0.999074,-0.001810
6293,neutron,19511.175520,1743.455836,1.883608,-92.000000,1.941248,90.039651,-89.372988,0.010943,-0.999940,-0.000692
6099,neutron,302.541916,216.558815,2.992970,-92.000000,-1.991272,139.267192,-91.504179,-0.017129,-0.652308,-0.757761
6500,neutron,19511.576325,0.000000,2.076721,-92.000000,0.521970,90.000000,-90.000000,0.000000,-1.000000,0.000000
6356,gamma,1.905690,1921.520782,0.644971,-92.000000,-1.922175,110.200683,-85.879252,0.067439,-0.936063,-0.345309
6406,gamma,0.387038,361.238392,-2.230468,-92.000000,1.018726,99.043849,-115.788296,-0.429639,-0.889214,-0.157190
6294,gamma,380.132963,2973.532508,0.841588,-92.000000,-0.926049,108.175691,-85.183771,0.079771,-0.946750,-0.311932
6357,neutron,0.000038,1489.424849,2.594727,-92.000000,-2.113644,76.670759,-77.281683,0.214227,-0.949187,0.230546
6501,pi+,1398.415811,2010.820473,0.155305,-92.000000,2.100894,79.787654,-88.000618,0.034336,-0.983558,0.177297
6407,neutron,18518.367417,878.715629,-1.454009,-92.000000,-0.214920,88.697670,-88.654906,0.023468,-0.999466,0.022728
6358,gamma,0.917664,2232.271265,2.231320,-92.000000,1.316258,81.927842,-96.252470,-0.107831,-0.984203,0.140420
6408,neutron,1329.661654,3333.485221,0.312552,-92.000000,2.266635,97.217413,-83.123943,0.118773,-0.984941,-0.125635
6503,gamma,0.223049,1088.143859,-1.191441,-92.000000,-0.305995,80.586116,-82.511866,0.128566,-0.978119,0.163565
6361,neutron,19511.576325,0.000000,-2.215663,-92.000000,-0.419011,90.000000,-90.000000,0.000000,-1.000000,0.000000
6504,neutron,19455.602387,1927.291083,2.490041,-92.000000,-2.485600,90.068028,-90.901963,-0.015742,-0.999875,-0.001187
6363,neutron,19511.422870,0.134179,2.046481,-92.000000,-2.571892,90.245017,-90.053479,-0.000933,-0.999990,-0.004276
6505,neutron,19511.383882,497.686886,-1.114539,-92.000000,1.161101,90.137331,-90.161967,-0.002827,-0.999993,-0.002397
6409,pi-,265.593611,2585.040518,2.144472,-92.000000,1.730070,54.660621,-102.347946,-0.174444,-0.796870,0.578418
6296,gamma,0.153339,1021.007228,-0.435044,-92.000000,1.843310,69.619944,-51.643428,0.581709,-0.735078,0.348246
6364,neutron,19511.576325,550.941988,1.080780,-92.000000,-2.152554,90.000000,-90.000000,0.000000,-1.000000,0.000000
6365,neutron,19509.549204,0.000000,-2.320064,-92.000000,-1.070249,90.160211,-90.114109,-0.001992,-0.999994,-0.002796
6297,neutron,6719.894359,1021.280202,-0.637461,-92.000000,2.988461,90.145987,-87.081576,0.050914,-0.998700,-0.002548
6298,pi+,1160.093104,1193.790965,2.273030,-92.000000,1.070144,97.339227,-97.830859,-0.135133,-0.982558,-0.127744
6366,neutron,11.251961,1870.843974,-0.129516,-92.000000,-0.103891,62.469352,-79.135178,0.167148,-0.870868,0.462223
6410,gamma,0.314979,4031.864836,-0.305139,-92.000000,-0.165575,97.702780,-97.522041,-0.129726,-0.982449,-0.134034
6299,neutron,19511.548170,2510.940101,-1.285507,-92.000000,2.245158,90.073755,-89.921902,0.001363,-0.999998,-0.001287
6411,neutron,19511.576325,1933.437950,0.873335,-92.000000,-0.282838,90.000000,-90.000000,0.000000,-1.000000,0.000000
6412,neutron,19511.576325,0.000000,-2.715005,-92.000000,-2.407336,90.000000,-90.000000,0.000000,-1.000000,0.000000
6413,neutron,19511.576325,0.000000,2.451406,-92.000000,-2.326798,90.000000,-90.000000,0.000000,-1.000000,0.000000
6367,neutron,90.901615,3003.496033,-1.461050,-92.000000,-2.107734,114.094008,-116.612777,-0.408931,-0.816162,-0.408235
6368,neutron,15955.145250,812.868278,-0.469801,-92.000000,-2.291831,92.648733,-92.833362,-0.049379,-0.997710,-0.046213
6414,pi-,1557.677388,1761.438718,-1.404764,-92.000000,-2.320674,86.405939,-102.592598,-0.217588,-0.974025,0.062687
6600,kaon+,413.227486,3978.468839,0.646689,-92.000000,2.540175,89.769041,-99.465377,-0.164450,-0.986377,0.004031
6369,neutron,7.466938,1994.757609,1.695850,-92.000000,-2.138066,139.577834,-64.209211,0.282116,-0.583825,-0.761288
6507,e+,29.612281,350.810512,1.394213,-92.000000,2.652095,82.703467,-87.442411,0.044262,-0.990914,0.127005
6508,neutron,19511.576325,0.000000,-0.547948,-92.000000,-2.430261,90.000000,-90.000000,0.000000,-1.000000,0.000000
6370,neutron,19511.576325,1901.722911,2.943209,-92.000000,1.014930,90.000000,-90.000000,0.000000,-1.000000,0.000000
6509,proton,7741.605354,422.887726,0.650529,-92.000000,-1.313883,90.956864,-88.610053,0.024253,-0.999566,-0.016700
6510,neutron,19511.184515,558.116477,-2.446614,-92.000000,1.334562,89.989432,-89.763823,0.004122,-0.999991,0.000184
6415,gamma,65.194963,49.702996,2.401097,-92.000000,0.188986,91.600053,-89.435916,0.009841,-0.999562,-0.027923
6371,neutron,19510.772108,2103.057100,0.468360,-92.000000,2.152521,90.058821,-89.598103,0.007014,-0.999975,-0.001027
6416,neutron,19511.576325,1500.966481,2.751515,-92.000000,-2.774439,90.000000,-90.000000,0.000000,-1.000000,0.000000
6511,gamma,0.074133,975.823293,-0.653243,-92.000000,-0.613506,73.716183,-64.439026,0.414163,-0.865937,0.280396
6601,proton,3540.621052,3064.790654,-2.259229,-92.000000,1.574999,91.179762,-86.714116,0.057306,-0.998144,-0.020589
6602,neutron,19511.226970,0.149515,-1.787954,-92.000000,0.628727,90.279710,-89.939806,0.001051,-0.999988,-0.004882
6603,neutron,19511.576325,0.000000,-0.149281,-92.000000,-0.897593,90.000000,-90.000000,0.000000,-1.000000,0.000000
6417,neutron,19511.438155,708.222458,-0.747198,-92.000000,0.803545,89.793925,-89.880995,0.002077,-0.999991,0.003597
6512,gamma,0.108842,473.160261,0.959090,-92.000000,-2.069986,82.978161,-47.644519,0.668675,-0.733436,0.122248
6372,pi+,992.860558,1068.406961,1.844605,-92.000000,-2.634472,86.976307,-79.397570,0.183737,-0.981559,0.052749
6513,pi+,1128.830972,496.700619,-1.246371,-92.000000,-0.987324,72.490685,-87.201873,0.046555,-0.952531,0.300861
6604,neutron,0.012454,1029.708437,-0.499732,-92.000000,-2.437320,110.446366,-101.697101,-0.189965,-0.917541,-0.349330
6514,neutron,19511.576325,1047.488265,0.128139,-92.000000,-0.942897,90.000000,-90.000000,0.000000,-1.000000,0.000000
6418,gamma,0.399159,2029.652743,-2.789922,-92.000000,-0.555499,115.343570,-109.338577,-0.299279,-0.852766,-0.428045
6419,neutron,19501.172130,0.010751,1.443986,-92.000000,-2.833355,90.232846,-91.544361,-0.026951,-0.999629,-0.004064
6373,neutron,2.584830,2845.222317,2.358857,-92.000000,-0.305302,95.032629,-32.628840,0.838934,-0.537116,-0.087723
6374,neutron,19511.439806,0.000000,0.077956,-92.000000,-0.842239,89.930919,-90.164974,-0.002879,-0.999995,0.001206
6605,gamma,0.145792,2306.747171,2.039147,-92.000000,2.364072,79.496881,-72.823023,0.290376,-0.939389,0.182289
6606,neutron,19511.576325,0.189286,0.393826,-92.000000,1.503063,90.000000,-90.000000,0.000000,-1.000000,0.000000
6607,gamma,0.423897,340.354930,2.756443,-92.000000,-2.746305,117.476421,-58.506954,0.463469,-0.756519,-0.461384
6420,nu_e,40.880664,3222.319857,1.468385,-92.000000,0.591750,76.684237,-100.465752,-0.176764,-0.956926,0.230317
6515,neutron,130.285606,4976.074709,-0.404154,-92.000000,1.653279,89.015078,-75.853965,0.244358,-0.969533,0.017189
6375,e+,5.949690,668.980927,0.044068,-92.000000,1.454825,51.776134,-45.820015,0.547496,-0.563396,0.618736
6608,pi-,5364.535210,3075.428945,-0.167224,-92.000000,-2.152128,90.676949,-92.733909,-0.047694,-0.998792,-0.011815
6516,e+,59.085520,1396.132731,1.667197,-92.000000,0.342118,84.703215,-106.204281,-0.277871,-0.956172,0.092315
6517,neutron,19510.031141,0.000000,-0.213806,-92.000000,-2.427210,90.450400,-90.214853,-0.003750,-0.999962,-0.007861
6518,neutron,19511.291667,0.000000,1.468520,-92.000000,-0.786720,89.836165,-90.299709,-0.005231,-0.999982,0.002859
6421,gamma,1.821304,1671.946874,-0.436030,-92.000000,1.056622,91.775236,-73.579461,0.282550,-0.958752,-0.030979
6609,neutron,19511.576325,1080.816518,-2.804265,-92.000000,-2.698630,90.000000,-90.000000,0.000000,-1.000000,0.000000
6610,pi+,415.201341,269.948430,-1.491596,-92.000000,-1.921048,79.709083,-100.721882,-0.183049,-0.966736,0.178646
6519,neutron,0.000055,1120.298079,-2.818314,-92.000000,-0.881402,134.839159,-112.490590,-0.271249,-0.655157,-0.705119
6376,gamma,0.174101,3700.307387,1.448474,-92.000000,2.059922,90.770731,-50.704794,0.633259,-0.773823,-0.013451
6422,gamma,0.222779,2536.082003,-2.290542,-92.000000,0.415427,107.557647,-102.318972,-0.203415,-0.931462,-0.301665
6520,gamma,0.066468,3139.458068,2.515687,-92.000000,0.059637,52.527373,-76.679982,0.182847,-0.772294,0.608382
6377,gamma,0.077724,1913.857928,-2.720700,-92.000000,-0.912051,87.859518,-153.931682,-0.897644,-0.439136,0.037350
6378,neutron,19511.576325,0.025264,-1.646149,-92.000000,-2.493664,90.000000,-90.000000,0.000000,-1.000000,0.000000
6379,neutron,19511.384782,68.672499,-0.269326,-92.000000,-1.746195,89.801956,-89.991539,0.000148,-0.999994,0.003457
6521,neutron,19511.576325,757.100279,2.956305,-92.000000,0.987286,90.000000,-90.000000,0.000000,-1.000000,0.000000
6522,gamma,0.293929,88.469043,-2.416012,-92.000000,-1.501436,102.714360,-66.515211,0.388734,-0.894676,-0.220091
6423,gamma,0.247876,1425.440645,2.677545,-92.000000,2.879711,74.442789,-77.076873,0.215450,-0.938962,0.268200
6382,gamma,0.510999,629.446215,0.542551,-92.000000,-2.755535,140.752184,-89.296097,0.007772,-0.632628,-0.774417
6614,e-,1.407022,933.295681,1.423544,-92.183917,-3.000000,66.795825,-95.118256,-0.081995,-0.915442,0.394009
6383,neutron,19511.576325,731.793286,1.783747,-92.000000,1.857243,90.000000,-90.000000,0.000000,-1.000000,0.000000
6384,neutron,19511.576325,0.000000,-2.646026,-92.000000,-2.695401,90.000000,-90.000000,0.000000,-1.000000,0.000000
6424,neutron,19511.576325,1299.211652,-0.263577,-92.000000,0.031228,90.000000,-90.000000,0.000000,-1.000000,0.000000
6523,neutron,1.724400,2113.783775,2.932959,-92.000000,-0.971586,63.684536,-76.229539,0.213365,-0.870603,0.443313
6615,gamma,0.120350,2896.952798,-2.423004,-92.000000,-2.214097,78.004535,-87.196688,0.047840,-0.976993,0.207834
6616,neutron,19511.576325,280.816929,0.037048,-92.000000,-2.374871,90.000000,-90.000000,0.000000,-1.000000,0.000000
6426,neutron,19510.476712,0.000000,2.652434,-92.000000,0.578084,89.688184,-89.599445,0.006991,-0.999961,0.005442
6385,gamma,0.171762,2197.725702,-1.123553,-92.000000,-1.609516,83.416155,-86.574891,0.059350,-0.991631,0.114657
6427,gamma,1.232029,1030.274306,1.720068,-92.000000,-0.949785,86.946380,-54.860138,0.574757,-0.816588,0.053270
6428,neutron,19511.576325,0.000000,0.865120,-92.000000,0.841769,90.000000,-90.000000,0.000000,-1.000000,0.000000
6429,neutron,19511.576325,0.000000,-0.966041,-92.000000,0.913175,90.000000,-90.000000,0.000000,-1.000000,0.000000
6386,neutron,16585.364348,265.199246,1.075484,-92.000000,-2.621453,89.477215,-89.428495,0.009974,-0.999909,0.009124
6617,pi-,4004.410239,1611.743825,-1.686724,-92.000000,0.266165,90.003269,-86.321141,0.064164,-0.997939,-0.000057
6524,pi-,2890.280336,932.443054,-0.848908,-92.000000,0.993160,84.871810,-93.804557,-0.066088,-0.993802,0.089384
6618,proton,1332.446413,1885.463685,0.598448,-92.000000,-0.387920,94.387746,-86.791986,0.055797,-0.995507,-0.076506
6430,gamma,32.535869,2152.417587,2.537351,-92.000000,0.916282,69.252224,-93.211990,-0.052397,-0.933680,0.354255
6619,neutron,19511.465684,847.829561,0.899628,-92.000000,-2.317384,90.222609,-89.842795,0.002744,-0.999989,-0.003885
6620,neutron,19511.524083,0.000000,-0.795929,-92.000000,-0.400565,90.064906,-90.089601,-0.001564,-0.999998,-0.001133
6526,neutron,39.492239,1859.173008,-2.428759,-92.000000,1.066160,81.318204,-128.420235,-0.614304,-0.774497,0.150947
6527,neutron,19511.576325,0.000000,2.075730,-92.000000,-0.085802,90.000000,-90.000000,0.000000,-1.000000,0.000000
6528,neutron,19511.576325,0.131795,-0.636027,-92.000000,2.701292,90.000000,-90.000000,0.000000,-1.000000,0.000000
6431,neutron,27.688295,2026.092456,0.476967,-92.000000,1.468793,113.813627,-82.032826,0.126805,-0.906033,-0.403763
6529,neutron,19511.576325,731.866843,2.058776,-92.000000,2.069462,90.000000,-90.000000,0.000000,-1.000000,0.000000
6530,neutron,19511.576325,0.048715,-2.522654,-92.000000,2.467913,90.000000,-90.000000,0.000000,-1.000000,0.000000
6388,gamma,1.594899,1831.144669,0.905962,-92.000000,-1.603702,78.676275,-75.864666,0.239459,-0.950844,0.196352
6389,neutron,19511.576325,0.000000,2.224991,-92.000000,1.647089,90.000000,-90.000000,0.000000,-1.000000,0.000000
6390,neutron,19510.896189,0.000000,1.665301,-92.000000,0.576157,89.791842,-89.689845,0.005413,-0.999979,0.003633
6391,neutron,19511.152647,0.000000,-1.422024,-92.000000,1.164560,89.768022,-89.818065,0.003175,-0.999987,0.004049
6392,neutron,19511.576325,0.000000,-0.690973,-92.000000,-1.313030,90.000000,-90.000000,0.000000,-1.000000,0.000000
6621,nu_mu,29.791916,1798.971629,1.209888,-92.000000,2.721007,35.986441,-85.689705,0.044162,-0.585932,0.809156
6393,neutron,1.019099,1175.641382,1.810750,-92.000000,0.231695,58.628868,-100.054419,-0.149062,-0.840701,0.520580
6532,neutron,19511.576325,301.974888,2.572744,-92.000000,-1.273110,90.000000,-90.000000,0.000000,-1.000000,0.000000
6623,gamma,1.695443,2454.092645,-0.492494,-92.000000,-2.863735,123.163675,-96.931476,-0.101024,-0.830993,-0.547033
6624,e-,5.554648,27.189212,1.512594,-92.000000,-2.123488,66.538635,-90.356748,-0.005712,-0.917311,0.398131
6394,pi+,851.198252,2055.297062,-0.640826,-92.000000,-2.554550,86.793073,-97.310700,-0.127051,-0.990317,0.055942
6533,pi+,1185.956685,1738.248592,-2.899245,-92.000000,-0.027338,100.573983,-129.734038,-0.628370,-0.755961,-0.183505
6395,pi-,889.967579,416.106265,-2.748065,-92.000000,-0.829667,85.192291,-86.135028,0.067168,-0.994215,0.083812
6433,neutron,6075.689370,0.000000,0.516550,-92.000000,-2.521038,89.758419,-89.743202,0.004482,-0.999981,0.004216
6625,neutron,8871.042571,1804.627805,0.038194,-92.000000,-2.323617,89.453911,-90.880586,-0.015368,-0.999836,0.009531
6396,neutron,12.027972,441.373406,2.487791,-92.000000,-2.490243,102.880718,-45.825563,0.679310,-0.699174,-0.222922
6398,proton,19240.108754,202.854692,0.570998,-92.000000,-2.300257,88.455565,-89.396523,0.010529,-0.999581,0.026952
6399,neutron,19455.831391,0.387903,1.188397,-92.000000,0.929295,89.934810,-89.679657,0.005591,-0.999984,0.001138
6626,neutron,15.718101,2764.389073,-0.184498,-92.000000,0.640690,63.578307,-66.266539,0.360440,-0.819805,0.444974
6534,gamma,0.166732,15.225877,1.263886,-92.000000,-1.598221,121.903939,-37.630631,0.672326,-0.518333,-0.528497
6535,neutron,19511.179736,0.000000,1.002374,-92.000000,-2.335663,89.906127,-89.730659,0.004701,-0.999988,0.001638
6536,neutron,19511.576325,793.787152,-2.426693,-92.000000,-0.039030,90.000000,-90.000000,0.000000,-1.000000,0.000000
6435,neutron,19510.792595,2074.535078,2.089352,-92.000000,0.727357,90.084790,-90.328455,-0.005733,-0.999982,-0.001480
6627,gamma,5.388092,1903.981280,2.222874,-92.000000,1.086607,87.708603,-68.384182,0.368087,-0.928931,0.039982
6436,neutron,19511.503737,1070.085688,1.354674,-92.000000,-2.250820,89.840928,-89.933321,0.001164,-0.999995,0.002776
6437,neutron,12.792581,457.193775,-1.508465,-92.000000,2.395355,58.005303,-95.794928,-0.085631,-0.843763,0.529841
6438,neutron,19511.576325,0.000000,-2.277757,-92.000000,1.543588,90.000000,-90.000000,0.000000,-1.000000,0.000000
6537,neutron,428.630278,4329.561163,-1.628196,-92.000000,2.726627,77.814211,-111.046031,-0.351026,-0.912264,0.211082
6538,neutron,19215.302430,0.000000,-2.575453,-92.000000,0.925461,89.826542,-91.223736,-0.021356,-0.999767,0.003027
6539,neutron,19511.240176,0.000000,0.920044,-92.000000,0.829845,89.773923,-90.133593,-0.002332,-0.999989,0.003946
6701,neutron,10530.846004,2408.575511,-2.560912,-92.000000,-2.171961,90.951348,-91.262922,-0.022037,-0.999619,-0.016603
6629,neutron,62.424888,1283.069951,1.715030,-92.000000,0.435339,73.574596,-107.727491,-0.292063,-0.913642,0.282767
6630,neutron,19511.576325,67.462507,-1.547260,-92.000000,-2.442863,90.000000,-90.000000,0.000000,-1.000000,0.000000
6439,mu+,835.326137,3313.080713,0.696378,-92.000000,0.087020,116.386868,-106.617518,-0.256186,-0.858400,-0.444430
6440,neutron,19511.576325,1806.663547,-1.854304,-92.000000,1.318873,90.000000,-90.000000,0.000000,-1.000000,0.000000
6441,neutron,19511.063789,0.000000,-2.149101,-92.000000,-2.880386,89.780951,-90.402597,-0.007027,-0.999968,0.003823
6442,neutron,19511.285044,0.010664,2.079101,-92.000000,2.925647,89.867545,-89.825226,0.003050,-0.999993,0.002312
6631,neutron,100.769096,3088.158605,-1.587202,-92.000000,0.572710,103.114784,-122.171784,-0.518572,-0.824378,-0.226903
6540,gamma,5.107192,3428.911557,-1.839124,-92.000000,-0.236007,80.202195,-100.669640,-0.182445,-0.968378,0.170172
6541,proton,18744.728485,92.770260,-2.462088,-92.000000,0.062251,92.066685,-89.876898,0.002147,-0.999347,-0.036063
6542,neutron,19511.312025,0.000000,0.558576,-92.000000,2.773799,90.043589,-90.228732,-0.003992,-0.999992,-0.000761
6702,gamma,0.156319,1421.832810,-1.947255,-92.000000,-0.088155,100.324201,-62.573321,0.453156,-0.873230,-0.179218
6703,gamma,5.413815,5.444698,-0.644069,-92.000000,0.545152,44.712572,-109.134284,-0.230612,-0.664682,0.710645
6704,neutron,19511.576325,0.000000,1.984073,-92.000000,-0.027367,90.000000,-90.000000,0.000000,-1.000000,0.000000
6443,gamma,0.173829,1547.223697,-2.343854,-92.000000,1.633825,83.906516,-124.223242,-0.559241,-0.822181,0.106151
6444,neutron,19511.576325,781.973661,0.851390,-92.000000,-1.816828,90.000000,-90.000000,0.000000,-1.000000,0.000000
6705,gamma,0.114645,2767.861503,-1.651605,-92.000000,2.469287,69.244647,-140.688953,-0.723505,-0.592415,0.354378
6543,gamma,0.147224,1963.451068,0.344622,-92.000000,0.906193,84.312296,-43.567730,0.720993,-0.685818,0.099106
6544,neutron,19511.576325,2808.752368,-2.029125,-92.000000,0.187314,90.000000,-90.000000,0.000000,-1.000000,0.000000
6447,neutron,19511.427720,456.425964,-0.193109,-92.000000,2.458885,89.813476,-90.005455,-0.000095,-0.999995,0.003255
6448,neutron,19508.228353,0.000000,0.042173,-92.000000,1.226942,89.158059,-90.275255,-0.004804,-0.999880,0.014694
6449,neutron,19003.089947,0.000000,-0.422717,-92.000000,-1.689833,90.712269,-89.106574,0.015591,-0.999801,-0.012431
6633,proton,5368.085764,791.619279,0.322170,-92.000000,-0.892433,89.838909,-87.342775,0.046361,-0.998921,0.002812
6634,proton,19261.435865,100.873237,-0.214483,-92.000000,-0.960709,90.379276,-88.852748,0.020022,-0.999778,-0.006620
6635,neutron,19511.576325,0.000000,-0.315015,-92.000000,0.921037,90.000000,-90.000000,0.000000,-1.000000,0.000000
6545,gamma,2.623788,1086.584425,0.334188,-92.000000,-0.354390,68.469501,-128.710375,-0.581746,-0.725868,0.366996
6546,neutron,19511.576325,0.043269,-1.250524,-92.000000,-1.103437,90.000000,-90.000000,0.000000,-1.000000,0.000000
6547,gamma,6.319838,539.272731,1.796025,-92.000000,-0.041310,56.483839,-52.168827,0.511357,-0.658498,0.552172
6548,neutron,19511.576325,0.000000,-1.948598,-92.000000,-1.349379,90.000000,-90.000000,0.000000,-1.000000,0.000000
6450,gamma,5.333274,2550.503104,-2.472101,-92.000000,0.789077,76.660027,-141.098045,-0.757224,-0.611045,0.230729
6636,neutron,19511.576325,2402.659814,-1.698282,-92.000000,2.815686,90.000000,-90.000000,0.000000,-1.000000,0.000000
6451,neutron,19511.576325,793.541614,-1.695951,-92.000000,1.422403,90.000000,-90.000000,0.000000,-1.000000,0.000000
6707,gamma,1.436402,2854.701238,2.210288,-92.000000,-2.131287,88.187729,-54.081946,0.586334,-0.809452,0.031625
6708,neutron,8.450663,453.046363,-2.237038,-92.000000,0.812072,98.907628,-126.001683,-0.580720,-0.799243,-0.154842
6709,neutron,19183.825597,0.000000,-0.517370,-92.000000,-1.889513,90.505857,-90.569719,-0.009943,-0.999912,-0.008829
6549,pi-,4291.262492,2307.717357,-1.751036,-92.000000,1.600313,95.606546,-90.638256,-0.011086,-0.995154,-0.097697
6710,neutron,14147.131881,472.805255,-1.502594,-92.000000,-1.350160,89.944318,-93.614208,-0.063038,-0.998011,0.000972
6711,neutron,19511.576325,0.000000,0.737833,-92.000000,-0.031144,90.000000,-90.000000,0.000000,-1.000000,0.000000
6712,neutron,19511.576325,0.043309,1.131416,-92.000000,-1.357712,90.000000,-90.000000,0.000000,-1.000000,0.000000
6550,neutron,19511.576325,427.899929,-0.432524,-92.000000,0.051652,90.000000,-90.000000,0.000000,-1.000000,0.000000
6637,neutron,104.677118,467.616345,0.956107,-92.000000,0.242973,104.617801,-89.350271,0.010973,-0.967569,-0.252370
6638,neutron,19511.576325,0.064028,-0.743141,-92.000000,-1.011738,90.000000,-90.000000,0.000000,-1.000000,0.000000
6639,neutron,19511.576325,0.055192,-0.334349,-92.000000,0.607290,90.000000,-90.000000,0.000000,-1.000000,0.000000
6713,neutron,18900.831120,0.000000,0.063912,-92.000000,-0.947935,88.923755,-89.355827,0.011241,-0.999760,0.018783
6551,e+,2.844876,1767.961245,2.591806,-92.000000,2.741806,79.826920,-96.386580,-0.109487,-0.978170,0.176622
6640,neutron,3444.288456,1834.124772,-2.305256,-92.000000,-1.204130,80.530369,-86.577036,0.058893,-0.984613,0.164525
6641,neutron,19509.483927,0.000000,-2.084347,-92.000000,-0.563981,90.559717,-89.756378,0.004252,-0.999943,-0.009769
6714,neutron,19511.576325,1970.580977,-1.557648,-92.000000,-2.761468,90.000000,-90.000000,0.000000,-1.000000,0.000000
6715,neutron,19511.435220,0.469929,0.488672,-92.000000,-0.205743,89.938222,-89.740379,0.004531,-0.999989,0.001078
6552,neutron,19510.729083,1893.723826,1.111132,-92.000000,-0.045384,90.131815,-90.395516,-0.006903,-0.999974,-0.002301
6553,pi+,1277.841827,597.901751,-2.667101,-92.000000,2.090912,75.443027,-93.090783,-0.052187,-0.966490,0.251343
6642,neutron,9707.459093,817.605360,0.662974,-92.000000,2.992304,90.425789,-90.547794,-0.009560,-0.999927,-0.007431
6716,gamma,0.209519,1539.209693,-1.234459,-92.000000,-0.324992,111.705896,-88.354961,0.026672,-0.928712,-0.369842
6452,gamma,0.340697,0.340697,-1.633643,-92.000000,-0.572004,44.824777,-85.494624,0.055375,-0.702763,0.709266
6554,neutron,19511.359564,1663.451674,2.887815,-92.000000,-2.476611,89.707537,-90.224944,-0.003926,-0.999979,0.005104
6643,kaon+,5697.154778,914.258123,-1.987552,-92.000000,1.574498,90.690607,-89.922059,0.001360,-0.999926,-0.012053
6453,proton,2701.683089,1972.746593,2.838815,-92.000000,-0.619138,84.755560,-88.496509,0.026128,-0.995471,0.091405
6454,neutron,19511.576325,0.000000,-1.451724,-92.000000,-2.569605,90.000000,-90.000000,0.000000,-1.000000,0.000000
6455,neutron,19501.791880,80.784404,0.555603,-92.000000,0.243276,91.226498,-89.111350,0.015506,-0.999651,-0.021405
6456,neutron,19511.576325,0.000000,-1.261586,-92.000000,1.144929,90.000000,-90.000000,0.000000,-1.000000,0.000000
6717,neutron,19511.576325,3103.151816,2.143202,-92.000000,-1.204486,90.000000,-90.000000,0.000000,-1.000000,0.000000
6718,neutron,19511.576325,0.000000,2.633844,-92.000000,-2.043098,90.000000,-90.000000,0.000000,-1.000000,0.000000
6719,neutron,19511.576325,0.359702,-0.353799,-92.000000,-0.964050,90.000000,-90.000000,0.000000,-1.000000,0.000000
6457,pi+,2447.139575,306.560251,2.287325,-92.000000,1.586404,83.681769,-92.764334,-0.047935,-0.992769,0.110051
6555,neutron,6.280827,649.941591,1.662668,-92.000000,0.338272,60.511678,-41.469962,0.652235,-0.576440,0.492246
6556,neutron,19511.469069,0.006054,1.077222,-92.000000,2.306743,89.864676,-89.917420,0.001441,-0.999996,0.002362
6557,neutron,19511.576325,0.000000,-2.205269,-92.000000,-0.644413,90.000000,-90.000000,0.000000,-1.000000,0.000000
6644,pi+,1587.459807,2671.456271,1.187248,-92.000000,1.797618,95.343564,-93.570838,-0.062012,-0.993721,-0.093128
6458,neutron,16946.545517,2213.097404,0.142245,-92.000000,1.869622,89.909236,-90.074282,-0.001296,-0.999998,0.001584
6720,gamma,0.259546,1583.687305,-2.119001,-92.000000,0.807907,91.105550,-90.900287,-0.015709,-0.999690,-0.019294
6459,neutron,19511.576325,1139.974649,-1.180752,-92.000000,1.079584,90.000000,-90.000000,0.000000,-1.000000,0.000000
6558,neutron,2.325001,1694.585693,1.892899,-92.000000,1.784704,74.008550,-68.500541,0.352310,-0.894416,0.275494
6722,gamma,1.078362,580.975969,-2.696017,-92.000000,-1.371903,73.322847,-86.587982,0.057012,-0.956239,0.286979
6645,nu_mu,29.791916,3180.878353,-2.089586,-92.000000,1.617813,85.177161,-86.837732,0.054969,-0.994942,0.084075
6460,neutron,0.000006,1026.279768,1.303669,-92.000000,-2.122813,113.761083,-56.486984,0.505325,-0.763086,-0.402924
6559,neutron,6756.215934,2897.354285,-0.723778,-92.000000,-2.752368,96.676384,-90.654717,-0.011349,-0.993154,-0.116261
6560,neutron,19511.576325,0.000000,1.774901,-92.000000,0.298294,90.000000,-90.000000,0.000000,-1.000000,0.000000
6723,gamma,11.292573,710.041435,2.490427,-92.000000,2.455885,72.971828,-58.895079,0.493959,-0.818687,0.292842
6561,e+,90.755363,865.910512,-0.011198,-92.000000,1.739241,93.369348,-125.562847,-0.580590,-0.812072,-0.058772
6461,proton,1076.565679,1765.487339,2.371199,-92.000000,0.321839,99.691682,-80.439303,0.163722,-0.972036,-0.168346
6462,neutron,19511.576325,0.000000,0.066847,-92.000000,-2.700995,90.000000,-90.000000,0.000000,-1.000000,0.000000
6648,neutron,19313.234613,0.000000,-1.207835,-92.000000,-2.458347,89.816171,-89.775518,0.003918,-0.999987,0.003208
6724,pi+,375.499645,1442.673460,-1.616220,-92.000000,1.499331,106.479656,-68.089590,0.357827,-0.889656,-0.283675
6726,neutron,16996.669444,682.301266,0.852778,-92.000000,-2.960602,89.719265,-93.318218,-0.057881,-0.998311,0.004900
6562,neutron,0.376506,3261.890724,0.441456,-92.000000,2.567264,95.282435,-83.158598,0.118616,-0.988663,-0.092065
6563,neutron,19511.576325,0.000000,2.243775,-92.000000,-1.779731,90.000000,-90.000000,0.000000,-1.000000,0.000000
6564,neutron,19511.576325,0.104522,1.121478,-92.000000,2.478231,90.000000,-90.000000,0.000000,-1.000000,0.000000
6463,gamma,0.226648,1011.867207,-0.819024,-92.000000,2.289314,77.270300,-104.104572,-0.237703,-0.946014,0.220352
6650,neutron,6.571777,207.636037,-2.075808,-92.000000,-0.339343,69.107898,-132.939201,-0.636434,-0.683946,0.356609
6728,gamma,4.399649,204.089638,-2.617317,-92.000000,1.045913,51.827011,-84.738280,0.072094,-0.782836,0.618038
6565,mu-,51.759323,52.227141,1.611703,-92.000000,2.084376,94.315445,-61.794384,0.471297,-0.878759,-0.075248
6566,neutron,18905.846497,17.917923,-1.020295,-92.000000,2.938309,90.837505,-87.713390,0.039894,-0.999097,-0.014617
6464,neutron,2.993892,3756.052363,-0.937347,-92.000000,1.952434,51.566832,-89.517047,0.006603,-0.783306,0.621601
6567,neutron,19511.576325,405.579199,2.311287,-92.000000,1.512386,90.000000,-90.000000,0.000000,-1.000000,0.000000
6652,gamma,0.802866,3592.410564,-1.107455,-92.000000,0.975197,97.894795,-70.346494,0.333143,-0.932818,-0.137355
6653,neutron,19511.576325,0.000000,-2.311505,-92.000000,-2.530153,90.000000,-90.000000,0.000000,-1.000000,0.000000
6655,e+,36.138691,714.687891,-0.819111,-92.000000,-0.473035,89.711247,-103.387821,-0.231538,-0.972813,0.005040
6656,neutron,19511.576325,0.000000,-2.626895,-92.000000,-0.763150,90.000000,-90.000000,0.000000,-1.000000,0.000000
6465,neutron,19511.576325,2706.902654,0.184246,-92.000000,-2.899346,90.000000,-90.000000,0.000000,-1.000000,0.000000
6466,neutron,19511.576325,0.046852,-2.151614,-92.000000,0.279197,90.000000,-90.000000,0.000000,-1.000000,0.000000
6568,pi-,2532.771805,156.636086,0.377420,-92.000000,0.065928,90.849182,-88.187735,0.031621,-0.999390,-0.014820
6570,neutron,19511.576325,0.000000,1.903908,-92.000000,-1.113237,90.000000,-90.000000,0.000000,-1.000000,0.000000
6729,gamma,0.170935,103.400445,2.850209,-92.000000,0.551725,78.798074,-92.088237,-0.035744,-0.980297,0.194267
6731,neutron,19511.576325,0.000000,1.706905,-92.000000,-0.279373,90.000000,-90.000000,0.000000,-1.000000,0.000000
6732,neutron,19414.555050,0.304186,1.673979,-92.000000,-0.333569,88.827817,-89.796944,0.003543,-0.999784,0.020457
6467,kaon0L,2753.721391,1889.310925,-0.332270,-92.000000,-1.508282,89.602458,-88.001793,0.034867,-0.999368,0.006938
6468,neutron,19511.576325,0.000000,-2.124336,-92.000000,1.008070,90.000000,-90.000000,0.000000,-1.000000,0.000000
6469,neutron,13195.030956,0.373847,-0.448235,-92.000000,-1.102310,89.758695,-89.986202,0.000241,-0.999991,0.004212
6657,gamma,1120.627789,2410.522295,-2.662670,-92.000000,2.634638,92.083995,-91.709822,-0.029818,-0.998894,-0.036365
6658,neutron,19511.576325,0.000000,0.353698,-92.000000,-2.301482,90.000000,-90.000000,0.000000,-1.000000,0.000000
6470,neutron,19511.576325,987.693044,-1.777750,-92.000000,-0.944271,90.000000,-90.000000,0.000000,-1.000000,0.000000
6471,neutron,19511.576325,0.169864,-0.908280,-92.000000,2.566239,90.000000,-90.000000,0.000000,-1.000000,0.000000
6659,gamma,1.280134,610.906269,-0.080667,-92.000000,-1.783449,102.085982,-93.767010,-0.064243,-0.975722,-0.209379
6660,neutron,19511.217031,0.228536,-1.697645,-92.000000,0.424861,89.719013,-89.927638,0.001263,-0.999987,0.004904
6573,pi-,2111.523166,758.820022,0.375754,-92.000000,-2.238134,85.501410,-99.386740,-0.162595,-0.983570,0.078435
6734,neutron,19511.576325,231.213521,-1.841721,-92.000000,2.538363,90.000000,-90.000000,0.000000,-1.000000,0.000000
6472,gamma,0.074562,2123.749547,-0.556725,-92.000000,2.007028,69.574209,-139.597389,-0.713629,-0.607402,0.348994
6661,neutron,7780.742921,2721.138673,-2.061181,-92.000000,2.105787,90.230215,-91.998739,-0.034877,-0.999384,-0.004018
6662,neutron,18975.469590,0.000000,1.409272,-92.000000,-1.212399,89.096115,-88.584332,0.024702,-0.999570,0.015775
6574,pi-,312.196880,1210.315058,1.226423,-92.000000,-1.135721,81.796416,-120.432133,-0.501334,-0.853407,0.142691
6736,neutron,19510.876354,0.000000,-2.193196,-92.000000,-0.914520,89.728935,-90.300907,-0.005252,-0.999975,0.004731
6737,neutron,19511.576325,0.000000,-1.238476,-92.000000,2.074939,90.000000,-90.000000,0.000000,-1.000000,0.000000
6575,neutron,19511.576325,371.388120,2.841107,-92.000000,-2.691119,90.000000,-90.000000,0.000000,-1.000000,0.000000
6663,neutron,6439.075171,2226.497466,0.241966,-92.000000,1.435688,88.825565,-91.108373,-0.019339,-0.999603,0.020496
6664,neutron,19450.913815,90.323437,0.950346,-92.000000,2.172421,90.453761,-89.237870,0.013301,-0.999880,-0.007920
6473,mu-,707.533029,830.737826,1.014822,-92.000000,-1.525290,91.705874,-87.046239,0.051507,-0.998229,-0.029769
6474,neutron,19511.576325,114.084620,2.783924,-92.000000,-0.864127,90.000000,-90.000000,0.000000,-1.000000,0.000000
6665,neutron,19511.163975,688.278290,2.530058,-92.000000,-2.110108,90.287455,-89.812943,0.003265,-0.999982,-0.005017
6666,neutron,19511.576325,0.064711,-1.844871,-92.000000,-1.857474,90.000000,-90.000000,0.000000,-1.000000,0.000000
6738,gamma,0.721480,957.017715,0.773856,-92.000000,1.095311,85.353007,-130.852082,-0.651958,-0.753914,0.081016
6739,neutron,208.497860,172.475053,0.954843,-92.000000,2.465566,62.434708,-84.434349,0.085977,-0.882305,0.462759
6476,neutron,19511.576325,0.271579,-2.221059,-92.000000,-0.884206,90.000000,-90.000000,0.000000,-1.000000,0.000000
6740,proton,18891.953018,90.331629,-1.249025,-92.000000,-0.459885,90.433813,-89.444511,0.009695,-0.999924,-0.007571
6478,neutron,19510.157666,0.000000,0.038926,-92.000000,0.323623,89.539589,-89.748532,0.004389,-0.999958,0.008036
6479,neutron,19511.576325,0.541602,-0.720920,-92.000000,2.046635,90.000000,-90.000000,0.000000,-1.000000,0.000000
6480,neutron,19511.576325,0.000000,-1.640694,-92.000000,-2.425489,90.000000,-90.000000,0.000000,-1.000000,0.000000
6576,gamma,0.322921,2170.966980,1.814632,-92.000000,0.078079,118.382417,-116.659836,-0.394757,-0.786260,-0.475354
6481,neutron,1.693478,553.838370,-2.264289,-92.000000,1.104330,81.058749,-71.947263,0.306127,-0.939218,0.155422
6482,neutron,19410.996956,0.161800,0.257440,-92.000000,-0.667184,89.636679,-90.822722,-0.014358,-0.999877,0.006341
6667,gamma,821.252735,991.687284,2.767273,-92.000000,-1.421955,93.806282,-85.736082,0.074187,-0.995032,-0.066383
6577,gamma,0.051818,3064.882841,-2.525342,-92.000000,2.061771,70.798654,-84.120538,0.096737,-0.939401,0.328889
6578,neutron,19511.509727,489.459007,2.155817,-92.000000,0.449142,90.119186,-89.881403,0.002070,-0.999996,-0.002080
6483,neutron,1.132883,2329.489340,2.584947,-92.000000,-2.658253,130.220940,-90.259310,-0.003456,-0.763552,-0.645737
6484,neutron,19511.576325,0.000000,1.220112,-92.000000,-0.151901,90.000000,-90.000000,0.000000,-1.000000,0.000000
6485,neutron,19511.576325,0.000000,-1.466686,-92.000000,1.843694,90.000000,-90.000000,0.000000,-1.000000,0.000000
6486,pi+,1072.424168,1346.746424,2.181272,-92.000000,-1.598122,114.829903,-99.712374,-0.153107,-0.894550,-0.419926
6741,gamma,1.270170,2422.341065,0.789386,-92.000000,-0.541703,119.554276,-73.983792,0.240010,-0.836123,-0.493248
6668,gamma,0.175934,2805.427715,1.844976,-92.000000,-1.983637,103.842883,-101.112040,-0.187130,-0.952752,-0.239260
6669,neutron,19511.576325,0.469749,1.844591,-92.000000,0.197076,90.000000,-90.000000,0.000000,-1.000000,0.000000
6670,neutron,19511.576325,0.079522,-0.617264,-92.000000,-2.167119,90.000000,-90.000000,0.000000,-1.000000,0.000000
6671,neutron,19511.576325,0.000000,1.701991,-92.000000,1.447862,90.000000,-90.000000,0.000000,-1.000000,0.000000
6742,neutron,19511.576325,1843.971080,0.139740,-92.000000,1.431725,90.000000,-90.000000,0.000000,-1.000000,0.000000
6743,neutron,19361.760793,0.000000,0.995550,-92.000000,-2.220719,91.630661,-90.047884,-0.000835,-0.999595,-0.028457
6487,gamma,0.073384,3218.171344,1.312762,-92.000000,-0.771116,58.197138,-78.964251,0.162683,-0.834151,0.526998
6579,gamma,0.167517,3699.453883,0.370094,-92.000000,2.600395,81.834920,-83.040164,0.119945,-0.982569,0.142026
6580,gamma,1.708794,83.275403,2.501562,-92.000000,2.204848,104.298878,-83.074405,0.116845,-0.961950,-0.246980
6672,mu-,1267.845030,1812.853955,-0.702917,-92.000000,-0.658561,102.544565,-78.460651,0.195265,-0.956397,-0.217199
6488,pi-,512.839699,1256.798421,0.684034,-92.000000,1.207026,44.031011,-94.628919,-0.056092,-0.692781,0.718964
6744,gamma,0.190340,3420.849796,2.687625,-92.000000,-0.758001,115.267350,-83.861430,0.096703,-0.899141,-0.426843
6673,neutron,9191.845330,880.743155,-1.301865,-92.000000,-0.428511,89.830918,-86.461653,0.061716,-0.998089,0.002951
6489,neutron,13.028095,1082.896493,-0.739586,-92.000000,-0.198321,112.115847,-68.175737,0.344409,-0.860026,-0.376481
6581,neutron,7406.461680,326.682481,1.954572,-92.000000,-2.111842,89.837258,-85.659491,0.075683,-0.997128,0.002840
6675,gamma,107.221414,1184.334264,2.994507,-92.000000,2.363644,56.784687,-73.529110,0.237205,-0.802286,0.547787
6676,neutron,19511.576325,0.000000,2.849913,-92.000000,0.498251,90.000000,-90.000000,0.000000,-1.000000,0.000000
6745,neutron,5378.478326,2705.577581,0.932281,-92.000000,-0.528391,91.413905,-92.353746,-0.041057,-0.998852,-0.024675
6490,gamma,0.088250,2575.671283,0.321001,-92.000000,2.741784,71.305794,-78.646014,0.186484,-0.928705,0.320517
6491,neutron,19511.576325,0.395495,0.810118,-92.000000,-1.058966,90.000000,-90.000000,0.000000,-1.000000,0.000000
6583,neutron,19511.576325,1010.694112,-1.196039,-92.000000,0.851518,90.000000,-90.000000,0.000000,-1.000000,0.000000
6746,gamma,0.643840,1174.638216,-1.940060,-92.000000,2.543202,98.863870,-78.097227,0.203788,-0.966813,-0.154087
6747,neutron,19511.576325,0.000000,-0.541059,-92.000000,-2.923727,90.000000,-90.000000,0.000000,-1.000000,0.000000
6677,neutron,214.287414,2477.648058,1.485607,-92.000000,-0.332681,111.383528,-91.007480,-0.016373,-0.931017,-0.364609
6748,neutron,19511.576325,0.000000,-0.800745,-92.000000,0.559682,90.000000,-90.000000,0.000000,-1.000000,0.000000
6492,neutron,185.486761,1950.665299,1.321229,-92.000000,-0.384035,60.782732,-104.839337,-0.223526,-0.843666,0.488123
6584,gamma,0.292716,611.494379,2.989760,-92.000000,1.889832,99.265735,-88.473104,0.026299,-0.986602,-0.161014
6678,gamma,0.250523,2295.529445,1.830581,-92.000000,-1.989065,88.336068,-107.801842,-0.305597,-0.951718,0.029037
6493,nu_e,21.767657,1443.401158,1.512686,-92.000000,0.751263,53.414459,-111.712658,-0.297060,-0.745998,0.596022
6585,pi+,555.882773,2865.665153,-1.058157,-92.000000,0.428336,92.459141,-85.324075,0.081445,-0.995754,-0.042907
6586,neutron,19511.576325,0.000000,1.519668,-92.000000,2.252969,90.000000,-90.000000,0.000000,-1.000000,0.000000
6587,neutron,19511.039742,0.000000,2.187488,-92.000000,2.655291,89.883994,-90.335076,-0.005848,-0.999981,0.002025
6749,proton,906.339053,2215.111701,0.366715,-92.000000,0.165437,100.408322,-72.835619,0.290258,-0.939740,-0.180662
6679,neutron,27.140890,3759.116370,0.638185,-92.000000,-2.520822,104.715394,-96.611837,-0.111366,-0.960767,-0.254018
6680,neutron,19511.540086,0.000000,-0.375630,-92.000000,1.485200,89.980785,-89.909877,0.001573,-0.999999,0.000335
6589,gamma,0.933784,0.933784,-1.914972,-92.000000,-0.484344,140.349706,-66.629478,0.253119,-0.585750,-0.769953
6750,pi+,2158.055091,2131.418724,0.689981,-92.000000,-2.233099,93.893247,-75.538997,0.249145,-0.966083,-0.067898
6751,neutron,19511.576325,0.000000,1.212064,-92.000000,-1.435077,90.000000,-90.000000,0.000000,-1.000000,0.000000
6752,neutron,19511.576325,0.000000,1.823061,-92.000000,-2.527567,90.000000,-90.000000,0.000000,-1.000000,0.000000
6494,proton,1191.213515,1831.953830,-1.810740,-92.000000,-2.674795,88.519123,-96.259636,-0.108998,-0.993706,0.025843
6495,neutron,20.094107,480.760913,2.009956,-92.000000,1.510912,99.865095,-105.533050,-0.263835,-0.949230,-0.171329
6496,neutron,19511.576325,0.000000,2.010057,-92.000000,-1.985907,90.000000,-90.000000,0.000000,-1.000000,0.000000
6497,neutron,19511.310087,0.000000,-0.514352,-92.000000,2.286570,89.836170,-90.166660,-0.002909,-0.999992,0.002859
6498,neutron,19511.227983,0.000000,2.759892,-92.000000,-2.241404,90.453336,-89.796299,0.003555,-0.999962,-0.007912
6753,gamma,0.303469,1885.153460,-1.558095,-92.000000,0.167110,114.346135,-72.186260,0.278718,-0.867391,-0.412248
6499,gamma,0.405414,696.597154,0.944266,-92.000000,2.859353,74.281976,-52.778979,0.582272,-0.766531,0.270903
6800,neutron,19511.576325,0.000000,2.863073,-92.000000,-0.750322,90.000000,-90.000000,0.000000,-1.000000,0.000000
6801,neutron,19511.576325,0.000000,-0.070666,-92.000000,0.286536,90.000000,-90.000000,0.000000,-1.000000,0.000000
6803,neutron,19161.802089,0.000000,2.035297,-92.000000,2.844426,88.420290,-90.734830,-0.012820,-0.999538,0.027568
6590,neutron,381.347539,3166.855089,2.099212,-92.000000,2.119791,77.348210,-71.288527,0.313013,-0.924149,0.219025
6681,neutron,997.818249,3072.634167,1.299626,-92.000000,1.481189,82.711935,-49.392497,0.645615,-0.753053,0.126858
6682,neutron,19511.576325,0.000000,2.634744,-92.000000,1.796460,90.000000,-90.000000,0.000000,-1.000000,0.000000
6683,pi+,775.083557,917.598842,-0.852617,-92.000000,-1.708601,105.240346,-86.694074,0.055639,-0.963226,-0.262869
6684,neutron,19511.576325,0.000000,-1.804609,-92.000000,1.922544,90.000000,-90.000000,0.000000,-1.000000,0.000000
6591,gamma,429.914371,0.000000,0.812357,-92.000000,-0.501029,90.437545,-88.443166,0.027168,-0.999602,-0.007637
6804,neutron,57.376915,2924.555416,1.409834,-92.000000,-0.207813,106.453990,-86.108823,0.065083,-0.956837,-0.283245
6754,e+,241.214820,1444.899518,-0.447816,-92.000000,2.252600,96.306090,-96.205298,-0.107437,-0.988126,-0.109840
6592,neutron,0.002033,563.252450,-2.644927,-92.000000,-0.663567,97.592793,-107.965503,-0.305740,-0.942902,-0.132132
6806,gamma,1.910445,1.655450,1.079802,-92.000000,-1.824345,99.938857,-47.213012,0.669080,-0.722870,-0.172597
6807,neutron,19511.576325,0.000000,1.568807,-92.000000,-2.282438,90.000000,-90.000000,0.000000,-1.000000,0.000000
6685,gamma,1.033040,1067.531545,-1.609478,-92.000000,1.301051,73.906897,-145.509870,-0.791924,-0.544074,0.277199
6808,kaon-,409.398949,1371.460152,2.499626,-92.000000,1.722740,75.683644,-94.596771,-0.077654,-0.965828,0.247276
6755,neutron,131.742054,2883.169910,0.372632,-92.000000,0.042888,53.649669,-55.992317,0.450468,-0.667653,0.592721
6593,neutron,1263.631817,2865.901458,-0.591192,-92.000000,-0.963047,87.852378,-81.893010,0.140923,-0.989311,0.037474
6595,neutron,19508.975972,0.000000,1.114651,-92.000000,-1.315815,89.535075,-89.961192,0.000677,-0.999967,0.008114
6756,gamma,213.167507,1648.336518,-1.097943,-92.000000,-2.170581,89.687533,-141.128189,-0.778540,-0.627571,0.005454
6809,pi+,1289.776535,3459.628608,-0.463622,-92.000000,-1.093131,88.529606,-72.311253,0.303746,-0.952407,0.025660
6810,neutron,19511.576325,0.000000,-0.379278,-92.000000,1.297601,90.000000,-90.000000,0.000000,-1.000000,0.000000
6757,neutron,19511.495863,3058.186104,2.134134,-92.000000,-2.455253,89.868956,-90.041001,-0.000716,-0.999997,0.002287
6811,gamma,0.143912,61.944693,-1.343960,-92.000000,2.687918,93.425570,-147.898990,-0.845599,-0.530464,-0.059752
6812,neutron,19511.108090,0.066917,1.392330,-92.000000,0.797485,89.781083,-90.219386,-0.003829,-0.999985,0.003821
6758,kaon+,484.735600,1317.280423,-2.206898,-92.000000,1.493246,75.959348,-103.569640,-0.227617,-0.943043,0.242610
6596,gamma,1.290811,3.889189,-1.111393,-92.000000,-1.273334,79.395145,-46.547638,0.676004,-0.713547,0.184035
6687,gamma,0.437166,2131.711848,-1.663518,-92.000000,-2.785848,99.440405,-55.489042,0.558891,-0.812858,-0.164022
6688,neutron,19511.576325,0.000000,-0.320130,-92.000000,-2.180707,90.000000,-90.000000,0.000000,-1.000000,0.000000
6597,neutron,19511.576325,9.893389,1.214904,-92.000000,-2.659060,90.000000,-90.000000,0.000000,-1.000000,0.000000
6689,gamma,5.445221,1561.761362,-1.475753,-92.000000,-0.898258,61.376702,-115.548989,-0.378575,-0.791955,0.479049
6759,kaon+,3899.637206,2930.514501,1.413603,-92.000000,-1.430830,90.549725,-87.048844,0.051482,-0.998628,-0.009594
6598,kaon+,7075.993516,1636.935687,-1.998824,-92.000000,-0.996678,89.344838,-85.534835,0.077848,-0.996900,0.011434
6599,neutron,7256.347948,1218.585248,-1.407461,-92.000000,-2.714986,86.538231,-91.039508,-0.018109,-0.998011,0.060383
6900,neutron,19511.576325,0.000000,0.366219,-92.000000,0.332572,90.000000,-90.000000,0.000000,-1.000000,0.000000
6901,neutron,19511.576325,0.000000,1.347194,-92.000000,1.325353,90.000000,-90.000000,0.000000,-1.000000,0.000000
6902,neutron,19511.576325,578.756902,1.702459,-92.000000,-2.712898,90.000000,-90.000000,0.000000,-1.000000,0.000000
6760,neutron,0.000018,564.192023,-0.796143,-92.000000,1.242919,84.052862,-122.470845,-0.533981,-0.839124,0.103611
6814,pi+,5525.089578,1428.097624,-2.826890,-92.000000,2.294884,90.693739,-96.739220,-0.117342,-0.993018,-0.012108
6815,neutron,19510.401170,0.000000,2.125802,-92.000000,-1.937198,90.187954,-89.663029,0.005881,-0.999977,-0.003280
6816,neutron,4.201055,146.106014,-2.277244,-92.000000,-0.401631,127.887284,-83.452767,0.089989,-0.784073,-0.614110
6903,neutron,19511.576325,4152.995441,-0.189045,-92.000000,0.758737,90.000000,-90.000000,0.000000,-1.000000,0.000000
6690,gamma,0.079741,64.848161,-0.238649,-92.000000,1.250165,85.141184,-140.946320,-0.773765,-0.627784,0.084701
6761,gamma,0.381506,1666.652941,-0.376174,-92.000000,-2.638551,110.068893,-101.673060,-0.190042,-0.919855,-0.343150
6762,neutron,19511.576325,0.000000,-2.653279,-92.000000,0.630741,90.000000,-90.000000,0.000000,-1.000000,0.000000
6692,neutron,19511.576325,0.000000,0.589996,-92.000000,-1.506097,90.000000,-90.000000,0.000000,-1.000000,0.000000
6763,gamma,0.229317,1130.860862,-1.895461,-92.000000,-2.053325,95.845088,-83.615610,0.110620,-0.988631,-0.101839
6904,neutron,355.373531,2889.742925,-1.345452,-92.000000,-0.212489,107.045998,-90.800241,-0.013353,-0.955976,-0.293139
6905,neutron,19511.576325,0.000000,1.625823,-92.000000,-2.533905,90.000000,-90.000000,0.000000,-1.000000,0.000000
6693,proton,8686.199038,1507.087779,0.970480,-92.000000,-1.907153,91.460102,-90.834231,-0.014555,-0.999569,-0.025481
6817,neutron,0.006303,4793.202248,0.504718,-92.000000,-1.991563,101.220887,-116.038964,-0.430591,-0.881320,-0.194592
6764,gamma,2.413550,1935.212736,0.200563,-92.000000,1.366387,66.823166,-104.098443,-0.223930,-0.891604,0.393570
6765,gamma,0.092238,94.782038,-0.840071,-92.000000,-1.068801,72.603867,-141.356867,-0.745326,-0.595905,0.298976
6818,proton,550.563986,1666.535142,-2.748849,-92.000000,-1.506667,92.233617,-100.939956,-0.189636,-0.981081,-0.038974
6819,gamma,0.924096,769.461822,-0.670643,-92.000000,-1.556040,80.529260,-69.518339,0.345138,-0.924016,0.164544
6766,proton,6314.962863,2280.622817,1.657893,-92.000000,2.050366,85.683369,-88.655520,0.023397,-0.996889,0.075268
6906,neutron,13946.134042,1743.133285,-2.080279,-92.000000,-2.059562,91.744355,-90.789007,-0.013764,-0.999442,-0.030440
6907,neutron,19511.576325,0.231542,-2.725853,-92.000000,0.610954,90.000000,-90.000000,0.000000,-1.000000,0.000000
6694,gamma,0.449996,1182.769992,-2.438188,-92.000000,-1.158405,144.507172,-64.312050,0.251673,-0.523219,-0.814188
6820,pi+,522.802371,1939.377001,-0.697044,-92.000000,2.809210,60.067772,-113.756844,-0.349122,-0.793182,0.498975
6908,pi-,5987.606921,2274.920928,0.165453,-92.000000,1.485282,99.623275,-82.990374,0.120319,-0.978559,-0.167169
6768,neutron,19511.576325,0.000000,-2.755406,-92.000000,-0.068484,90.000000,-90.000000,0.000000,-1.000000,0.000000
6821,proton,268.858760,2875.649358,2.613273,-92.000000,1.291244,96.217237,-47.779385,0.668035,-0.736207,-0.108298
6695,neutron,19511.576325,1568.292537,-0.617766,-92.000000,-1.606357,90.000000,-90.000000,0.000000,-1.000000,0.000000
6769,neutron,5.120084,1427.914140,1.074266,-92.000000,-2.997239,127.088400,-36.791738,0.638817,-0.477753,-0.603046
6696,neutron,7426.729748,1063.054633,1.247772,-92.000000,-2.739541,92.797385,-88.257199,0.030377,-0.998346,-0.048804
6822,pi-,5551.639457,1557.364198,2.023344,-92.000000,-1.926119,87.068433,-88.466791,0.026721,-0.998334,0.051143
6697,gamma,0.427102,670.696981,-0.346799,-92.000000,-1.823113,105.763665,-53.026055,0.578831,-0.768863,-0.271670
6698,neutron,19511.576325,0.002299,2.559635,-92.000000,2.298462,90.000000,-90.000000,0.000000,-1.000000,0.000000
6699,neutron,19511.576325,0.000000,2.514316,-92.000000,-0.914123,90.000000,-90.000000,0.000000,-1.000000,0.000000
6770,neutron,8766.517899,2301.442085,-1.118921,-92.000000,-0.610300,88.646989,-90.790908,-0.013800,-0.999626,0.023612
6771,neutron,19511.576325,334.533110,-2.977222,-92.000000,1.196659,90.000000,-90.000000,0.000000,-1.000000,0.000000
7000,pi-,2528.709483,918.983705,-1.351607,-92.000000,-2.666257,88.551882,-76.410942,0.234881,-0.971695,0.025272
7001,anti_nu_mu,84.340072,0.000000,-0.645200,-92.000000,1.841113,83.163622,-87.539215,0.042630,-0.991975,0.119034
6773,pi+,2204.670721,1133.685296,-0.505687,-92.000000,-2.793859,88.285956,-93.079457,-0.053697,-0.998109,0.029911
6910,gamma,0.267892,2105.742205,1.133799,-92.000000,2.777066,81.201662,-107.800380,-0.302104,-0.940924,0.152957
6774,neutron,9904.029659,0.000000,-2.975846,-92.000000,-1.424044,91.290220,-91.371530,-0.023929,-0.999460,-0.022517
7002,neutron,5.586230,1110.736803,0.923348,-92.000000,1.267362,66.594949,-118.854932,-0.442886,-0.803780,0.397229
7003,neutron,19511.576325,0.000000,1.359148,-92.000000,-1.944261,90.000000,-90.000000,0.000000,-1.000000,0.000000
7004,neutron,19511.576325,0.000000,1.135413,-92.000000,0.383697,90.000000,-90.000000,0.000000,-1.000000,0.000000
6823,proton,12685.103225,1417.231850,-0.538415,-92.000000,-0.610574,90.386632,-90.908195,-0.015850,-0.999852,-0.006748
7005,neutron,19510.945153,358.076777,2.309313,-92.000000,1.928075,89.760423,-90.268484,-0.004686,-0.999980,0.004181
6824,e+,155.058652,1070.656410,1.936985,-92.000000,-0.547835,67.994459,-107.469559,-0.278329,-0.884384,0.374696
6825,neutron,19511.323023,0.000000,0.492766,-92.000000,-0.731804,89.800041,-90.109446,-0.001910,-0.999992,0.003490
6775,neutron,0.007188,2458.920359,0.743957,-92.000000,-2.427708,96.474315,-49.084894,0.650763,-0.750861,-0.112758
6912,neutron,19511.576325,0.000000,-1.088509,-92.000000,-0.005884,90.000000,-90.000000,0.000000,-1.000000,0.000000
6776,neutron,8178.693929,0.000000,-2.543312,-92.000000,-1.267218,94.187677,-91.489688,-0.025928,-0.996993,-0.073024
6826,neutron,19511.576325,2773.978300,0.617947,-92.000000,-2.635317,90.000000,-90.000000,0.000000,-1.000000,0.000000
6777,neutron,19511.576325,1959.248039,0.720888,-92.000000,-1.144815,90.000000,-90.000000,0.000000,-1.000000,0.000000
6778,neutron,18988.461460,0.018951,-0.272590,-92.000000,0.095469,88.619312,-87.190974,0.048993,-0.998508,0.024095
7006,pi-,672.743714,3493.108416,-0.653987,-92.000000,1.867679,92.399189,-80.683890,0.161739,-0.985945,-0.041862
7007,neutron,19510.349082,0.000000,-0.747622,-92.000000,0.315944,90.201127,-89.502878,0.008676,-0.999956,-0.003510
7008,gamma,0.054394,97.121825,1.952271,-92.000000,0.860573,40.771819,-61.380650,0.312802,-0.573260,0.757316
6827,pi+,8544.684645,1412.596540,-0.566474,-92.000000,1.418949,91.428392,-89.311947,0.012005,-0.999617,-0.024928
6914,neutron,19511.576325,0.000000,-2.227391,-92.000000,0.871835,90.000000,-90.000000,0.000000,-1.000000,0.000000
6915,neutron,19511.446168,0.000000,1.563228,-92.000000,-1.799071,90.173430,-90.020493,-0.000358,-0.999995,-0.003027
6916,neutron,19427.656994,840.455197,0.003712,-92.000000,2.936700,89.850092,-90.378450,-0.006605,-0.999975,0.002616
6917,neutron,19510.957458,0.000000,-1.531778,-92.000000,-1.293827,90.320088,-90.206298,-0.003601,-0.999978,-0.005587
6918,neutron,19511.576325,0.297313,-2.383061,-92.000000,0.289516,90.000000,-90.000000,0.000000,-1.000000,0.000000
6919,neutron,19511.526181,0.000000,-0.061145,-92.000000,-1.922887,90.159546,-90.062460,-0.001090,-0.999996,-0.002785
6828,pi+,4159.707495,1999.800071,2.361683,-92.000000,1.197028,95.408957,-89.371200,0.010926,-0.995487,-0.094264
6779,gamma,0.096106,3069.940758,1.740752,-92.000000,1.047374,111.244977,-49.292244,0.607877,-0.706529,-0.362356
6829,e-,4.863323,1247.512152,0.893653,-92.000000,-0.751969,61.242361,-67.735684,0.332150,-0.811304,0.481106
6830,neutron,2.492753,89.519178,0.338699,-92.000000,0.705349,89.836994,-119.945008,-0.499167,-0.866501,0.002845
6831,gamma,0.167453,3207.941301,-2.158239,-92.000000,-0.847914,104.778146,-127.071651,-0.582873,-0.771489,-0.255077
6832,neutron,19511.576325,0.000000,-0.506714,-92.000000,1.278611,90.000000,-90.000000,0.000000,-1.000000,0.000000
6921,gamma,0.220118,2977.007096,-1.624321,-92.000000,-0.134933,72.066103,-136.743722,-0.692910,-0.651968,0.307920
6780,gamma,0.121268,543.954732,2.891764,-92.000000,0.453810,86.240151,-71.521753,0.316262,-0.946403,0.065575
6922,proton,6524.063369,2699.164310,1.574431,-92.000000,-0.422332,89.415432,-90.835804,-0.014586,-0.999842,0.010202
6923,neutron,7.204576,1714.365151,-2.043164,-92.000000,-1.367499,83.079517,-85.987561,0.069463,-0.990281,0.120492
7012,neutron,0.000404,387.116511,0.601483,-92.000000,-0.403060,116.322504,-45.795153,0.624932,-0.642523,-0.443423
6924,neutron,19484.733654,38.195670,1.717546,-92.000000,-0.519167,89.829926,-89.683647,0.005521,-0.999980,0.002968
6925,neutron,19511.576325,0.000000,0.025518,-92.000000,1.374125,90.000000,-90.000000,0.000000,-1.000000,0.000000
6926,neutron,19511.391119,0.000000,2.517059,-92.000000,-2.253216,90.153170,-90.141195,-0.002464,-0.999993,-0.002673
6927,neutron,19511.277469,0.000000,-0.967001,-92.000000,-1.172206,89.976909,-90.183719,-0.003206,-0.999995,0.000403
6928,gamma,0.078798,0.230976,-2.614582,-92.000000,-1.216211,60.200545,-117.687519,-0.403209,-0.768406,0.496966
6929,neutron,7.086034,187.599872,-2.704964,-92.000000,-1.960720,72.521148,-85.765517,0.070429,-0.951224,0.300354
6930,neutron,19511.576325,0.000000,-0.507081,-92.000000,-1.494155,90.000000,-90.000000,0.000000,-1.000000,0.000000
6931,neutron,19511.576325,0.000000,-1.051631,-92.000000,-2.705459,90.000000,-90.000000,0.000000,-1.000000,0.000000
6932,neutron,19511.504630,0.000000,-1.652664,-92.000000,-1.336546,89.925141,-90.095413,-0.001665,-0.999998,0.001307
6782,nu_mu,91.706224,2689.353012,-0.393146,-92.000000,0.379216,100.370871,-129.009711,-0.619169,-0.764345,-0.180019
6833,gamma,225.809979,6006.956116,-2.289209,-92.000000,1.480989,83.579323,-104.789501,-0.253667,-0.960806,0.111828
7013,neutron,19511.576325,2028.967787,-1.761937,-92.000000,-0.855079,90.000000,-90.000000,0.000000,-1.000000,0.000000
7014,neutron,19511.576325,0.000000,1.477217,-92.000000,2.721147,90.000000,-90.000000,0.000000,-1.000000,0.000000
7015,neutron,2.425285,180.972998,-0.742143,-92.000000,-0.788037,118.299558,-94.551081,-0.069864,-0.877705,-0.474081
7016,neutron,19511.576325,0.000000,1.393740,-92.000000,1.428511,90.000000,-90.000000,0.000000,-1.000000,0.000000
7017,neutron,19511.444131,3270.850126,-0.784301,-92.000000,2.078406,89.998010,-89.835337,0.002874,-0.999996,0.000035
6783,neutron,1.210358,3926.920941,0.540712,-92.000000,-0.509235,123.341384,-59.741878,0.420960,-0.721598,-0.549626
6784,gamma,0.641486,3.012324,0.072100,-92.000000,0.053455,107.208479,-75.178566,0.244356,-0.923452,-0.295849
6933,neutron,197.146288,4745.744813,-1.530869,-92.000000,1.323007,80.084555,-109.385624,-0.326966,-0.929216,0.172195
6834,gamma,0.151714,580.861091,-0.841345,-92.000000,0.458708,70.170047,-110.530557,-0.329911,-0.880955,0.339230
6835,neutron,19511.576325,0.000000,-1.219015,-92.000000,-2.904590,90.000000,-90.000000,0.000000,-1.000000,0.000000
6934,neutron,19511.576325,2138.215352,0.206587,-92.000000,-0.015641,90.000000,-90.000000,0.000000,-1.000000,0.000000
7019,proton,19040.591951,3231.889888,-0.409562,-92.000000,2.443360,90.653087,-90.777241,-0.013564,-0.999843,-0.011398
6785,neutron,19511.576325,2970.608026,-1.258111,-92.000000,-2.695602,90.000000,-90.000000,0.000000,-1.000000,0.000000
6836,neutron,5.538598,96.395388,-0.951223,-92.000000,-2.509255,93.388680,-95.547943,-0.096510,-0.993575,-0.059109
6786,neutron,19511.119760,291.231749,-2.946166,-92.000000,-0.156553,90.149568,-90.267002,-0.004660,-0.999986,-0.002610
6935,pi+,1101.915272,1607.588463,-0.497418,-92.000000,-2.134679,94.583537,-97.014934,-0.121737,-0.989340,-0.079913
7020,proton,14825.918374,661.967280,1.206631,-92.000000,-0.129998,88.416205,-91.272107,-0.022192,-0.999372,0.027639
6837,proton,8899.606131,4029.414934,-1.457169,-92.000000,-0.869999,90.966423,-88.356642,0.028674,-0.999447,-0.016866
6838,neutron,19511.576325,0.000000,-0.791751,-92.000000,-0.311556,90.000000,-90.000000,0.000000,-1.000000,0.000000
6839,neutron,19176.355085,0.000000,2.201534,-92.000000,-2.397616,90.311908,-92.010296,-0.035079,-0.999370,-0.005444
7021,neutron,16.794515,2478.718243,-0.629027,-92.000000,-1.263344,96.650327,-102.744165,-0.219114,-0.968802,-0.115810
7022,proton,19071.267247,208.747023,-2.726596,-92.000000,-0.146693,90.745303,-90.453312,-0.007911,-0.999884,-0.013008
6787,proton,8813.979635,1985.303409,0.044651,-92.000000,2.055426,86.884781,-89.739675,0.004537,-0.998512,0.054344
6936,proton,2117.208933,3625.068394,2.631853,-92.000000,1.518314,75.927569,-93.072161,-0.051985,-0.968595,0.243148
6937,neutron,19511.576325,309.047872,-2.255239,-92.000000,2.744219,90.000000,-90.000000,0.000000,-1.000000,0.000000
6938,neutron,19489.833185,0.000000,-0.015562,-92.000000,-0.798278,90.150204,-90.515079,-0.008990,-0.999956,-0.002622
6939,neutron,19511.576325,148.199451,-1.533395,-92.000000,-1.771550,90.000000,-90.000000,0.000000,-1.000000,0.000000
6788,neutron,19354.011841,2775.165550,2.289883,-92.000000,-2.671992,90.082191,-89.755234,0.004272,-0.999990,-0.001434
6840,gamma,0.506044,345.759228,-1.776022,-92.000000,0.674322,125.570414,-113.515332,-0.324543,-0.745851,-0.581703
6841,neutron,19511.576325,0.000000,1.480228,-92.000000,-0.512071,90.000000,-90.000000,0.000000,-1.000000,0.000000
6940,neutron,0.000000,1684.088934,-1.461371,-92.000000,1.265984,48.385000,-133.110547,-0.510933,-0.545793,0.664122
7023,gamma,0.557997,2152.259840,1.852245,-92.000000,-1.858726,96.702738,-85.009525,0.086396,-0.989400,-0.116718
7024,neutron,19511.576325,0.000000,-0.188417,-92.000000,-0.420387,90.000000,-90.000000,0.000000,-1.000000,0.000000
7025,neutron,19511.576325,418.029248,1.231885,-92.000000,-2.683944,90.000000,-90.000000,0.000000,-1.000000,0.000000
6941,neutron,19511.525852,2454.350514,-1.120758,-92.000000,-0.404545,89.990210,-89.856506,0.002504,-0.999997,0.000171
6789,neutron,19511.576325,3141.972905,-2.526672,-92.000000,2.333946,90.000000,-90.000000,0.000000,-1.000000,0.000000
6790,neutron,19511.576325,0.037509,-2.926364,-92.000000,-1.440740,90.000000,-90.000000,0.000000,-1.000000,0.000000
6842,gamma,0.808157,2245.304970,2.707240,-92.000000,-0.650433,76.587691,-72.729305,0.288789,-0.928869,0.231957
6843,gamma,0.059524,85.815396,-2.027882,-92.000000,1.113235,109.757930,-134.722151,-0.662244,-0.668698,-0.338047
7027,proton,3606.854814,220.178460,-1.968296,-92.000000,-2.668648,95.678809,-89.184387,0.014165,-0.994991,-0.098952
7028,neutron,19511.462899,0.000000,-1.912814,-92.000000,-1.324203,90.110410,-90.185195,-0.003232,-0.999993,-0.001927
6791,gamma,0.336497,656.590887,1.931248,-92.000000,2.626975,92.819179,-52.472267,0.608408,-0.792099,-0.049184
6792,neutron,19511.576325,0.000000,0.933562,-92.000000,0.574123,90.000000,-90.000000,0.000000,-1.000000,0.000000
7029,neutron,19445.746606,556.257158,-0.544533,-92.000000,1.937440,89.849052,-89.226230,0.013504,-0.999905,0.002635
7030,neutron,19511.519349,0.000000,2.450619,-92.000000,-0.904476,89.907202,-90.121408,-0.002119,-0.999996,0.001620
7031,neutron,19511.576325,0.000000,1.206577,-92.000000,2.330408,90.000000,-90.000000,0.000000,-1.000000,0.000000
7032,neutron,19511.090354,0.000000,1.225458,-92.000000,2.121693,89.688952,-89.679955,0.005586,-0.999970,0.005429
6942,neutron,19511.576325,920.261088,1.996722,-92.000000,1.248447,90.000000,-90.000000,0.000000,-1.000000,0.000000
7033,neutron,10061.844559,343.294326,1.468721,-92.000000,1.555035,90.574297,-86.844538,0.055043,-0.998434,-0.010023
7034,neutron,19511.576325,0.000000,-1.618978,-92.000000,2.305479,90.000000,-90.000000,0.000000,-1.000000,0.000000
6944,mu-,3478.413330,91.067390,0.274481,-92.000000,0.812937,90.564310,-89.890801,0.001906,-0.999950,-0.009849
6844,neutron,52.978838,3905.852285,0.012013,-92.000000,1.037641,82.508285,-61.768429,0.468998,-0.873522,0.130383
6794,neutron,19511.251841,579.074479,-2.006609,-92.000000,0.576705,89.693671,-89.799326,0.003502,-0.999980,0.005346
6945,gamma,0.108858,165.024691,2.191736,-92.000000,2.003035,82.300852,-63.607827,0.440506,-0.887697,0.133971
7035,pi+,1702.490873,4223.158711,1.127288,-92.000000,-0.931743,80.101820,-85.821810,0.071774,-0.982497,0.171898
7036,neutron,19511.576325,0.588476,2.462315,-92.000000,1.535622,90.000000,-90.000000,0.000000,-1.000000,0.000000
6946,neutron,72.770192,2267.499850,0.916960,-92.000000,-1.547234,83.496723,-76.759137,0.227571,-0.967152,0.113260
6947,neutron,19511.576325,0.000000,2.438363,-92.000000,2.243765,90.000000,-90.000000,0.000000,-1.000000,0.000000
6948,neutron,19511.576325,0.000000,-1.417820,-92.000000,-2.652186,90.000000,-90.000000,0.000000,-1.000000,0.000000
6796,neutron,19511.576325,2713.362767,-0.760003,-92.000000,-2.958317,90.000000,-90.000000,0.000000,-1.000000,0.000000
6845,gamma,0.149313,3576.284191,2.444341,-92.000000,1.704183,87.684444,-76.495447,0.233332,-0.971557,0.040403
6846,neutron,19511.576325,0.000000,-2.165372,-92.000000,2.092015,90.000000,-90.000000,0.000000,-1.000000,0.000000
7037,proton,175.518973,2723.402362,2.519550,-92.000000,-1.792954,87.030144,-65.991760,0.406322,-0.912260,0.051811
6797,neutron,19511.576325,189.952617,-0.392132,-92.000000,-1.458936,90.000000,-90.000000,0.000000,-1.000000,0.000000
6848,neutron,2.320316,1582.120215,-0.528326,-92.000000,0.412109,77.179060,-61.379850,0.467058,-0.855929,0.221905
6798,pi-,870.224916,405.505624,-2.367843,-92.000000,2.121571,75.294700,-91.755344,-0.029628,-0.966790,0.253847
6799,neutron,19510.775223,0.000000,-0.319827,-92.000000,-0.428630,90.469990,-89.690524,0.005401,-0.999952,-0.008203
7038,neutron,7.603690,492.573125,0.849992,-92.000000,-2.121668,86.982143,-81.509993,0.147432,-0.987670,0.052647
7039,neutron,19511.576325,105.809002,2.354903,-92.000000,-2.625535,90.000000,-90.000000,0.000000,-1.000000,0.000000
6849,neutron,3165.204894,722.168920,1.952957,-92.000000,2.569564,92.339183,-86.192555,0.066348,-0.996961,-0.040815
6949,gamma,5.504966,4359.874211,0.251945,-92.000000,0.814638,95.521594,-41.870619,0.741199,-0.664354,-0.096221
7040,neutron,4.963525,785.962721,1.393583,-92.000000,2.139074,31.044230,-92.936235,-0.026416,-0.515023,0.856769
7041,neutron,19511.538371,0.000000,2.294687,-92.000000,-2.099919,89.892727,-89.936378,0.001110,-0.999998,0.001872
7100,gamma,0.424625,3238.805536,-2.433106,-92.000000,-2.143656,84.566403,-131.027437,-0.653471,-0.751006,0.094692
7042,neutron,19511.576325,1743.874399,-2.406524,-92.000000,-2.074919,90.000000,-90.000000,0.000000,-1.000000,0.000000
6950,neutron,9496.175333,2065.451118,-0.581885,-92.000000,-0.841385,94.202174,-93.920287,-0.068185,-0.994978,-0.073276
6951,neutron,19125.390085,0.000000,2.342486,-92.000000,-0.632075,91.012408,-91.134950,-0.019804,-0.999648,-0.017669
6850,e+,43.945758,3316.317372,-0.522414,-92.000000,0.979984,68.926596,-62.432823,0.431837,-0.827182,0.359564
7101,gamma,0.145095,1560.490095,-0.180845,-92.000000,2.123659,40.916711,-75.128844,0.168093,-0.633024,0.755662
7102,neutron,19511.576325,0.000000,0.584836,-92.000000,0.444087,90.000000,-90.000000,0.000000,-1.000000,0.000000
7043,neutron,83.198174,1725.534609,-1.507140,-92.000000,2.845520,71.181754,-95.992983,-0.098826,-0.941373,0.322567
6952,pi+,727.392561,2874.181771,-0.751352,-92.000000,-1.677890,124.610621,-92.611699,-0.037503,-0.822176,-0.567996
7044,neutron,19511.576325,1770.314742,-1.954899,-92.000000,1.999449,90.000000,-90.000000,0.000000,-1.000000,0.000000
7045,neutron,19511.576325,210.944131,-1.883458,-92.000000,2.008234,90.000000,-90.000000,0.000000,-1.000000,0.000000
6851,gamma,0.184853,3460.239797,0.196687,-92.000000,1.759867,38.462786,-100.938181,-0.118026,-0.610706,0.783012
7103,gamma,63.327486,2549.183150,0.606643,-92.000000,1.097415,95.321055,-109.091638,-0.325670,-0.940924,-0.092736
7046,neutron,0.000002,2473.267042,-2.457710,-92.000000,0.006973,68.711178,-93.109937,-0.050550,-0.930390,0.363069
7047,neutron,19511.576325,0.000000,1.546553,-92.000000,-0.468845,90.000000,-90.000000,0.000000,-1.000000,0.000000
7048,neutron,12925.568097,0.000000,-1.496635,-92.000000,0.419612,90.200216,-90.393054,-0.006860,-0.999970,-0.003494
7049,neutron,19511.576325,0.000000,2.815976,-92.000000,-1.642795,90.000000,-90.000000,0.000000,-1.000000,0.000000
7104,neutron,1876.815585,2178.536872,0.290943,-92.000000,1.646544,90.463410,-105.565236,-0.268327,-0.963294,-0.008088
7050,gamma,0.293958,428.362039,-0.575811,-92.000000,-0.508165,77.317938,-136.380742,-0.706278,-0.673033,0.219541
7051,neutron,19511.576325,199.671817,-2.065794,-92.000000,0.303648,90.000000,-90.000000,0.000000,-1.000000,0.000000
6953,pi+,1218.312573,3580.595936,-1.469375,-92.000000,0.368879,81.836454,-85.813121,0.072270,-0.987225,0.141999
7052,gamma,2.500787,601.075900,1.089708,-92.000000,1.542985,101.275078,-113.993053,-0.398778,-0.895962,-0.195520
7053,neutron,19511.576325,0.279361,-1.182131,-92.000000,0.268781,90.000000,-90.000000,0.000000,-1.000000,0.000000
6954,pi+,6626.780591,1591.230267,-1.129722,-92.000000,-0.661843,93.865785,-90.021183,-0.000369,-0.997725,-0.067420
6852,neutron,9.261718,3614.390884,-1.928715,-92.000000,1.753861,57.544457,-137.446086,-0.621584,-0.570654,0.536645
6853,neutron,19511.576325,0.000000,0.492435,-92.000000,2.145142,90.000000,-90.000000,0.000000,-1.000000,0.000000
7054,e+,10.197835,909.451185,1.609227,-92.000000,1.434125,108.529755,-80.947381,0.149185,-0.936349,-0.317797
6854,gamma,0.599475,1088.213502,-2.597149,-92.000000,-0.536225,130.986753,-129.279248,-0.477903,-0.584315,-0.655885
6955,pi-,1494.734140,183.477967,-2.430473,-92.000000,1.573888,86.861171,-92.585236,-0.045038,-0.997484,0.054756
7056,neutron,19511.576325,483.898938,-0.053281,-92.000000,2.884588,90.000000,-90.000000,0.000000,-1.000000,0.000000
7106,neutron,0.146860,1411.116149,0.850028,-92.000000,-2.489699,103.817313,-55.038785,0.556440,-0.795824,-0.238827
7057,neutron,61.795823,1056.098416,-1.311511,-92.000000,-1.327593,70.405603,-86.965712,0.049868,-0.940769,0.335359
6956,neutron,19511.426767,3472.308354,1.155482,-92.000000,1.534472,90.184911,-90.029188,-0.000509,-0.999995,-0.003227
6957,neutron,19511.576325,0.000000,2.005247,-92.000000,-2.773299,90.000000,-90.000000,0.000000,-1.000000,0.000000
7108,neutron,19511.576325,0.000000,-1.006859,-92.000000,2.322889,90.000000,-90.000000,0.000000,-1.000000,0.000000
6856,neutron,19509.860141,1279.525868,-1.454252,-92.000000,2.230908,89.677614,-89.501849,0.008694,-0.999946,0.005627
7058,gamma,0.067816,4536.780428,1.517576,-92.000000,-0.313709,100.033947,-77.127597,0.219373,-0.959958,-0.174232
6958,pi+,1133.985255,2887.952547,1.303838,-92.000000,0.074553,97.091267,-99.088543,-0.156752,-0.979892,-0.123450
7059,neutron,82.519183,2219.928184,0.527986,-92.000000,-2.138833,132.055420,-96.266620,-0.081047,-0.738061,-0.669849
7110,neutron,57.733368,1897.813048,-1.646577,-92.000000,1.847790,34.300228,-104.503858,-0.141133,-0.545570,0.826096
7111,proton,19328.381366,89.555074,-1.205988,-92.000000,-2.388078,90.191148,-89.870819,0.002255,-0.999992,-0.003336
6857,neutron,0.265483,950.276297,-2.166027,-92.000000,2.691627,88.224454,-100.846430,-0.188087,-0.981664,0.030984
7060,gamma,3.937494,1823.211907,-1.469332,-92.000000,-1.518933,127.353435,-124.842779,-0.454152,-0.652399,-0.606730
6858,gamma,6.003955,382.333335,-0.459613,-92.000000,-2.893717,149.318321,-51.615673,0.316842,-0.399980,-0.860015
7061,gamma,1.064490,3.247346,0.268001,-92.000000,-2.832849,71.837117,-102.710173,-0.209057,-0.926891,0.311719
7062,neutron,19511.576325,0.000000,2.445565,-92.000000,-2.449565,90.000000,-90.000000,0.000000,-1.000000,0.000000
7113,neutron,0.001288,1882.203198,-0.536712,-92.000000,2.353482,92.392534,-119.748070,-0.495755,-0.867459,-0.041745
7063,neutron,127.215397,1153.182955,1.592742,-92.000000,1.716362,76.725435,-103.847775,-0.232948,-0.944993,0.229618
6961,neutron,19511.576325,1303.845751,-2.904085,-92.000000,1.617707,90.000000,-90.000000,0.000000,-1.000000,0.000000
6859,neutron,42.174502,3532.544944,1.421230,-92.000000,1.263371,105.233453,-85.657250,0.073062,-0.962093,-0.262753
6962,neutron,19511.576325,330.008404,-0.877559,-92.000000,2.377074,90.000000,-90.000000,0.000000,-1.000000,0.000000
6963,neutron,19511.576325,0.000000,-2.817209,-92.000000,1.828054,90.000000,-90.000000,0.000000,-1.000000,0.000000
6860,gamma,1.975149,315.574916,-1.303333,-92.000000,-2.045263,62.634666,-92.058891,-0.031906,-0.887520,0.459663
7065,neutron,19511.576325,0.000000,0.129617,-92.000000,0.690065,90.000000,-90.000000,0.000000,-1.000000,0.000000
7114,neutron,24.554961,2476.091262,2.436245,-92.000000,1.136200,52.541034,-45.114400,0.560172,-0.562413,0.608193
7115,proton,121.224947,1724.143265,-2.653090,-92.000000,-0.883566,76.729117,-103.437027,-0.226171,-0.946653,0.229555
7068,neutron,19511.021223,0.000000,0.402957,-92.000000,0.871093,90.335769,-90.131652,-0.002298,-0.999980,-0.005860
6964,anti_nu_mu,36.357941,1175.040026,-0.981303,-92.000000,0.889384,38.957230,-58.781283,0.325880,-0.537695,0.777616
7069,pi+,2622.022044,606.107139,1.516684,-92.000000,-2.587983,86.580926,-87.654429,0.040854,-0.997384,0.059639
7070,neutron,14297.402618,403.815844,1.725890,-92.000000,-2.092346,90.263130,-90.699375,-0.012206,-0.999915,-0.004592
7071,neutron,19510.794533,490.717690,-2.415922,-92.000000,-0.792568,90.021831,-89.996344,0.000064,-1.000000,-0.000381
6861,neutron,57.141324,2934.537724,0.366530,-92.000000,0.810335,92.013111,-113.135781,-0.392669,-0.919009,-0.035128
7072,neutron,19511.576325,655.164737,-0.098048,-92.000000,2.017956,90.000000,-90.000000,0.000000,-1.000000,0.000000
7116,pi+,127.836613,1018.564644,2.220818,-92.000000,-2.593011,100.895492,-73.059076,0.286133,-0.939362,-0.189018
7117,neutron,19511.576325,96.413460,-0.442831,-92.000000,-2.652012,90.000000,-90.000000,0.000000,-1.000000,0.000000
7118,neutron,19511.576325,0.000000,-2.839609,-92.000000,-2.410282,90.000000,-90.000000,0.000000,-1.000000,0.000000
7073,neutron,56.696402,1871.822377,0.492374,-92.000000,-2.594876,84.742273,-117.899704,-0.465956,-0.880050,0.091636
7074,neutron,19511.576325,0.000000,-1.909508,-92.000000,2.109580,90.000000,-90.000000,0.000000,-1.000000,0.000000
7119,neutron,0.000284,2878.076553,1.058720,-92.000000,-1.363101,69.374643,-74.652417,0.247709,-0.902527,0.352256
7120,neutron,22.992312,127.927201,-2.353553,-92.000000,2.782273,66.401946,-80.455751,0.151944,-0.903692,0.400318
6863,neutron,19511.135997,1895.562270,-1.392045,-92.000000,2.296419,90.408451,-89.883217,0.002038,-0.999973,-0.007129
6864,neutron,19363.868674,0.128301,2.399437,-92.000000,-1.928798,90.667031,-90.353869,-0.006176,-0.999913,-0.011642
6865,proton,18307.441803,298.849980,2.807646,-92.000000,0.800338,90.597184,-89.427471,0.009992,-0.999896,-0.010423
6866,neutron,19511.576325,0.000000,2.745561,-92.000000,-1.320012,90.000000,-90.000000,0.000000,-1.000000,0.000000
7075,gamma,1.755055,2046.355800,1.104990,-92.000000,-1.587525,99.325058,-62.138386,0.461162,-0.872396,-0.162035
6867,neutron,19511.576325,249.706907,-0.413056,-92.000000,2.337037,90.000000,-90.000000,0.000000,-1.000000,0.000000
6868,neutron,19511.576325,1536.591672,-0.012912,-92.000000,0.630554,90.000000,-90.000000,0.000000,-1.000000,0.000000
6967,neutron,45.019504,2335.214895,0.325441,-92.000000,-2.830536,119.733968,-121.123850,-0.448835,-0.743342,-0.495974
7122,gamma,6.571677,499.351395,-0.191639,-92.000000,2.844154,91.355226,-64.513077,0.430185,-0.902431,-0.023651
6968,proton,672.775932,1891.658358,1.878028,-92.000000,-2.035006,89.694538,-102.436617,-0.215356,-0.976521,0.005331
6969,neutron,19511.576325,0.000000,1.886708,-92.000000,-0.229644,90.000000,-90.000000,0.000000,-1.000000,0.000000
6869,gamma,0.945201,1934.897133,2.934643,-92.000000,-0.459672,82.734327,-77.536910,0.214078,-0.968595,0.126470
6970,neutron,19511.576325,509.031416,-1.841916,-92.000000,-0.595969,90.000000,-90.000000,0.000000,-1.000000,0.000000
7076,gamma,7.782609,1264.438346,0.233497,-92.000000,-2.993300,93.131333,-100.988119,-0.190321,-0.980201,-0.054625
7123,gamma,7.488067,1640.782866,-2.085339,-92.000000,-2.437102,95.898805,-150.713800,-0.867569,-0.486582,-0.102772
7124,neutron,19511.576325,0.083309,0.734063,-92.000000,1.625499,90.000000,-90.000000,0.000000,-1.000000,0.000000
6871,neutron,0.000074,1537.313526,-1.517490,-92.000000,-0.638169,77.316116,-101.590168,-0.196007,-0.955704,0.219572
7077,neutron,0.676763,1187.208679,1.928213,-92.000000,-0.749267,66.241270,-47.491808,0.618430,-0.674705,0.402886
7078,neutron,19511.134629,0.000000,0.742518,-92.000000,2.068782,89.751707,-90.196297,-0.003426,-0.999985,0.004334
7079,neutron,19511.576325,0.000000,-1.029159,-92.000000,-0.128875,90.000000,-90.000000,0.000000,-1.000000,0.000000
7080,neutron,19367.061250,530.397076,-2.485424,-92.000000,0.477028,91.648370,-91.006214,-0.017554,-0.999432,-0.028766
7125,proton,339.486940,1151.617501,2.323876,-92.000000,-1.328614,93.763465,-101.719017,-0.202674,-0.977044,-0.065638
7126,neutron,19509.217403,0.000000,1.452116,-92.000000,0.950118,90.786750,-89.783326,0.003781,-0.999899,-0.013731
6971,gamma,0.834242,2115.321024,0.297530,-92.000000,0.398232,106.053596,-129.458400,-0.610735,-0.741978,-0.276536
6972,proton,266.392238,155.086007,-1.897715,-92.000000,-2.152155,67.189013,-74.420647,0.247567,-0.887922,0.387692
6872,pi+,692.714986,2232.831090,-2.874460,-92.000000,-2.805255,101.791229,-87.753715,0.038368,-0.978146,-0.204346
7127,proton,12523.254051,565.249611,-2.441453,-92.000000,-0.192061,91.092667,-90.508083,-0.008866,-0.999779,-0.019069
7128,neutron,19511.576325,0.000000,1.588433,-92.000000,1.161285,90.000000,-90.000000,0.000000,-1.000000,0.000000
7081,proton,5421.036440,2082.447872,-0.853322,-92.000000,2.542526,93.979622,-90.524679,-0.009135,-0.997547,-0.069402
6973,pi+,653.054187,1735.248939,1.250964,-92.000000,-0.754456,89.027103,-86.995419,0.052408,-0.998481,0.016979
6974,neutron,19511.576325,0.000000,-1.310229,-92.000000,-0.417294,90.000000,-90.000000,0.000000,-1.000000,0.000000
6975,neutron,19511.283639,0.000000,-0.507519,-92.000000,0.455017,89.727819,-90.231841,-0.004046,-0.999981,0.004750
7082,neutron,273.493644,1055.694225,1.264710,-92.000000,-1.792727,79.467562,-89.851750,0.002544,-0.983148,0.182792
6977,neutron,19373.456339,1181.127214,0.223436,-92.000000,-1.776889,89.807333,-90.255507,-0.004459,-0.999984,0.003363
7129,gamma,7363.454308,1861.352337,0.920827,-92.000000,-1.852304,93.013315,-88.512888,0.025916,-0.998281,-0.052568
6873,pi-,3033.728055,2303.332561,-0.249264,-92.000000,0.926184,88.013337,-94.280575,-0.074596,-0.996611,0.034667
7130,neutron,19511.576325,0.000000,1.552198,-92.000000,2.296147,90.000000,-90.000000,0.000000,-1.000000,0.000000
7131,neutron,19511.576325,797.374250,0.213002,-92.000000,-1.925157,90.000000,-90.000000,0.000000,-1.000000,0.000000
7132,neutron,19511.151177,0.000000,-1.647747,-92.000000,-1.142015,90.172839,-90.066013,-0.001152,-0.999995,-0.003017
7083,proton,6573.083582,1777.522971,2.852668,-92.000000,-0.423432,90.610495,-87.163620,0.049481,-0.998718,-0.010655
6874,neutron,19511.576325,3422.503124,-1.922085,-92.000000,2.014437,90.000000,-90.000000,0.000000,-1.000000,0.000000
6875,neutron,19299.465292,0.000000,1.580373,-92.000000,2.376867,90.704853,-89.028463,0.016954,-0.999781,-0.012302
7133,neutron,83.277665,2169.638608,1.096033,-92.000000,-1.467607,86.770214,-99.582134,-0.166197,-0.984482,0.056341
7084,gamma,2.827697,1620.836873,-0.363713,-92.000000,1.220526,64.263353,-96.789392,-0.106493,-0.894483,0.434235
7135,neutron,19511.346248,0.000000,-2.232545,-92.000000,0.225118,89.829761,-89.665818,0.005833,-0.999979,0.002971
6979,pi+,515.717501,3824.140545,-1.557496,-92.000000,-1.218973,71.563239,-97.160391,-0.118250,-0.941275,0.316258
6980,gamma,0.091757,838.439555,-1.551648,-92.000000,-2.217640,80.162556,-73.483712,0.280108,-0.944642,0.170853
6981,neutron,19511.576325,0.362670,-0.734480,-92.000000,-1.704484,90.000000,-90.000000,0.000000,-1.000000,0.000000
6876,gamma,0.156873,3273.042295,-1.980705,-92.000000,1.259572,66.772600,-79.579638,0.166209,-0.903791,0.394381
6982,neutron,19509.661124,1005.449013,0.069550,-92.000000,-2.476087,89.391581,-89.719577,0.004894,-0.999932,0.010619
6983,gamma,0.172420,1.204066,-0.358629,-92.000000,1.520636,103.133548,-47.757849,0.654681,-0.720946,-0.227222
7086,neutron,19511.576325,2382.343177,-1.094075,-92.000000,2.310586,90.000000,-90.000000,0.000000,-1.000000,0.000000
6984,neutron,19511.576325,1003.852516,-2.353310,-92.000000,-2.409709,90.000000,-90.000000,0.000000,-1.000000,0.000000
7136,gamma,653.300749,2332.454707,1.762071,-92.000000,-1.116144,91.359408,-91.672179,-0.029173,-0.999293,-0.023724
7087,neutron,8.906867,3498.069663,1.557557,-92.000000,1.357569,72.133929,-67.280783,0.367591,-0.877927,0.306793
6877,gamma,5.401374,4769.421643,-1.276137,-92.000000,-0.043604,76.723285,-122.383835,-0.521274,-0.821908,0.229654
7137,pi-,5072.148944,2569.406969,-1.597089,-92.000000,-0.658356,94.117127,-93.868208,-0.067288,-0.995147,-0.071796
7138,neutron,19511.576325,0.000000,-0.050947,-92.000000,-0.716499,90.000000,-90.000000,0.000000,-1.000000,0.000000
6985,gamma,1.477077,3016.530936,-2.098238,-92.000000,1.757384,72.424794,-136.058998,-0.686444,-0.661526,0.301957
6986,neutron,19511.575967,0.000000,1.976290,-92.000000,-1.494979,89.990975,-89.998413,0.000028,-1.000000,0.000158
7088,neutron,11465.253410,2017.540950,-2.182975,-92.000000,-1.364273,88.763340,-90.706122,-0.012321,-0.999691,0.021582
7089,neutron,19511.041604,0.000000,0.006784,-92.000000,0.910219,89.980589,-89.646559,0.006169,-0.999981,0.000339
6987,neutron,19511.576325,494.744916,-0.944314,-92.000000,2.634219,90.000000,-90.000000,0.000000,-1.000000,0.000000
6988,neutron,19511.576325,0.000000,-0.707730,-92.000000,-0.693964,90.000000,-90.000000,0.000000,-1.000000,0.000000
7090,neutron,19510.939970,431.766033,0.309535,-92.000000,-2.730718,89.486663,-89.834638,0.002886,-0.999956,0.008959
7139,neutron,19511.371138,1951.217256,-0.394304,-92.000000,-1.131582,89.837449,-90.147161,-0.002568,-0.999993,0.002837
7140,neutron,19511.481971,0.000000,1.364171,-92.000000,1.194782,89.926160,-90.148422,-0.002590,-0.999996,0.001289
7141,neutron,19511.576325,0.000000,-2.114462,-92.000000,0.598497,90.000000,-90.000000,0.000000,-1.000000,0.000000
7142,neutron,19511.576325,1241.651429,1.520326,-92.000000,-1.843554,90.000000,-90.000000,0.000000,-1.000000,0.000000
7143,neutron,19511.576325,0.000000,0.414313,-92.000000,2.751157,90.000000,-90.000000,0.000000,-1.000000,0.000000
6878,gamma,2.452885,3055.057588,-1.411907,-92.000000,-2.433852,127.372091,-97.986267,-0.110414,-0.787003,-0.606989
7091,neutron,501.281389,1487.376617,-2.126636,-92.000000,0.052286,102.016619,-119.942141,-0.488188,-0.847542,-0.208195
7092,neutron,19510.637100,0.000000,0.063958,-92.000000,-2.547701,89.921590,-89.675731,0.005660,-0.999983,0.001369
6879,neutron,0.008175,2059.236553,-1.320200,-92.200000,1.692197,84.414814,22.877620,0.916963,0.386918,0.097326
6880,neutron,19511.242650,0.000000,-2.303890,-92.000000,-0.981835,90.331613,-90.163679,-0.002857,-0.999979,-0.005788
6990,e+,407.501475,3430.657668,-2.074886,-92.000000,0.706881,81.424279,-85.480133,0.077924,-0.985744,0.149116
6991,neutron,19511.576325,0.000000,-1.937070,-92.000000,0.762683,90.000000,-90.000000,0.000000,-1.000000,0.000000
7145,e-,0.952914,706.729469,0.205168,-92.000000,2.513674,110.639175,-117.188825,-0.427598,-0.832416,-0.352482
6881,neutron,20.321546,216.580732,-0.387002,-92.000000,-2.886533,121.514186,-94.057924,-0.060328,-0.850374,-0.522710
7094,neutron,19511.576325,411.028403,-2.674319,-92.000000,-1.527692,90.000000,-90.000000,0.000000,-1.000000,0.000000
7095,proton,14411.148247,797.815206,-2.370694,-92.000000,-2.813584,90.009705,-90.546632,-0.009540,-0.999954,-0.000169
6992,gamma,0.725692,4594.261441,0.100231,-92.000000,-2.862880,115.696829,-66.367776,0.361219,-0.825532,-0.433609
6993,neutron,19511.576325,0.000000,0.176390,-92.000000,-2.015520,90.000000,-90.000000,0.000000,-1.000000,0.000000
7146,neutron,19511.080733,3354.199432,0.519064,-92.000000,-2.050141,89.813245,-90.258437,-0.004511,-0.999985,0.003259
6882,gamma,5.047260,2009.935312,0.222601,-92.000000,-1.882717,73.936459,-121.021151,-0.495233,-0.823517,0.276703
6883,neutron,19509.871329,0.000000,-0.950465,-92.000000,-1.746436,90.663681,-89.739684,0.004543,-0.999923,-0.011583
7096,gamma,0.225789,2288.924492,-1.847249,-92.000000,2.556736,77.134014,-108.489910,-0.309175,-0.924569,0.222671
7147,pi-,1591.464462,1036.392122,-0.969540,-92.000000,2.033397,84.556172,-105.472351,-0.265570,-0.959412,0.094870
7148,neutron,19511.576325,442.140285,1.610185,-92.000000,1.990450,90.000000,-90.000000,0.000000,-1.000000,0.000000
6884,neutron,19511.576325,1832.506779,0.864430,-92.000000,2.862168,90.000000,-90.000000,0.000000,-1.000000,0.000000
7097,neutron,19511.576325,2320.591293,0.687189,-92.000000,1.946443,90.000000,-90.000000,0.000000,-1.000000,0.000000
7098,gamma,0.509780,1422.228305,-1.191882,-92.000000,-1.778010,107.053205,-93.118421,-0.052008,-0.954617,-0.293260
7149,pi+,673.158368,2578.103522,-1.467936,-92.000000,0.647171,97.945645,-95.317149,-0.091779,-0.986138,-0.138234
7150,neutron,19511.576325,0.000000,-0.870062,-92.000000,0.194458,90.000000,-90.000000,0.000000,-1.000000,0.000000
7099,neutron,11468.275862,1354.725370,0.412035,-92.000000,2.553327,89.494216,-92.200242,-0.038391,-0.999224,0.008827
7200,neutron,19511.576325,0.000000,-2.906764,-92.000000,1.013405,90.000000,-90.000000,0.000000,-1.000000,0.000000
7201,proton,18844.925520,406.224967,-0.586594,-92.000000,-1.864512,89.861840,-89.186985,0.014189,-0.999896,0.002411
6885,proton,8.193094,3323.344222,2.226851,-92.000000,0.305023,82.562759,-80.064856,0.171082,-0.976717,0.129440
6994,gamma,0.111171,3889.389329,0.221617,-92.000000,0.251659,106.989299,-125.830610,-0.559844,-0.775369,-0.292193
6995,neutron,19511.576325,0.000000,-1.870862,-92.000000,1.218873,90.000000,-90.000000,0.000000,-1.000000,0.000000
6996,neutron,19511.389459,188.143949,1.412280,-92.000000,-1.926097,90.139853,-90.309130,-0.005395,-0.999982,-0.002441
7151,neutron,19511.576325,618.719163,-2.367187,-92.000000,1.492926,90.000000,-90.000000,0.000000,-1.000000,0.000000
7152,neutron,19511.576325,0.000000,-0.775101,-92.000000,0.735745,90.000000,-90.000000,0.000000,-1.000000,0.000000
6997,neutron,19195.186813,585.584286,2.674227,-92.000000,-2.398065,88.215946,-90.872911,-0.015227,-0.999399,0.031133
7202,neutron,19511.576325,992.466125,2.078794,-92.000000,2.541991,90.000000,-90.000000,0.000000,-1.000000,0.000000
6886,pi+,750.518015,1456.886222,-2.393629,-92.000000,0.825595,101.768213,-81.632458,0.142464,-0.968559,-0.203953
7153,neutron,19510.902902,1605.038169,-1.412925,-92.000000,0.705583,90.219126,-90.300221,-0.005240,-0.999979,-0.003824
7154,gamma,0.104357,2182.531508,-1.587962,-92.000000,-0.313359,116.608728,-121.209647,-0.463289,-0.764691,-0.447895
6887,neutron,5713.716467,2564.133850,2.660868,-92.000000,-0.249188,87.168822,-90.355440,-0.006196,-0.998760,0.049393
6998,pi+,426.757830,2692.460579,0.624094,-92.000000,2.234929,75.642240,-119.038259,-0.470233,-0.846988,0.247976
7300,neutron,19511.576325,0.000000,-1.960159,-92.000000,-2.530890,90.000000,-90.000000,0.000000,-1.000000,0.000000
6888,proton,13598.053040,100.248359,0.171480,-92.000000,2.307018,88.607170,-90.210226,-0.003668,-0.999698,0.024307
7203,gamma,0.998745,3805.848065,-0.156277,-92.000000,-0.724046,80.649254,-123.057444,-0.538231,-0.826987,0.162478
7155,kaon+,493.401706,3777.619886,0.212707,-92.000000,1.562319,87.511166,-94.504480,-0.078463,-0.995971,0.043425
7156,neutron,19404.785560,0.000000,2.185427,-92.000000,0.225331,89.534425,-90.131571,-0.002296,-0.999964,0.008126
7157,neutron,19511.576325,0.000000,2.937954,-92.000000,-0.798334,90.000000,-90.000000,0.000000,-1.000000,0.000000
7204,gamma,748.920886,1533.464562,-0.917896,-92.000000,-1.200494,93.011762,-62.217699,0.465470,-0.883503,-0.052541
7158,neutron,19511.576325,1016.664199,0.313433,-92.000000,-1.961030,90.000000,-90.000000,0.000000,-1.000000,0.000000
7159,neutron,19511.576325,0.000000,2.789637,-92.000000,-2.650880,90.000000,-90.000000,0.000000,-1.000000,0.000000
6889,gamma,0.510999,653.217101,-0.758734,-92.000000,-2.096921,110.923378,-84.707285,0.086161,-0.930076,-0.357119
6890,neutron,19511.576325,6.034617,-1.237233,-92.000000,-1.509192,90.000000,-90.000000,0.000000,-1.000000,0.000000
6891,gamma,0.079032,1350.644547,2.018242,-92.000000,-0.458648,61.472331,-105.787920,-0.239044,-0.845442,0.477583
7160,pi+,7877.012514,2758.934856,0.425690,-92.000000,-0.415820,88.222977,-88.796538,0.020993,-0.999299,0.031010
7161,neutron,19511.576325,0.000000,2.681083,-92.000000,2.364066,90.000000,-90.000000,0.000000,-1.000000,0.000000
7302,pi-,118.070046,3169.313052,-1.812631,-92.000000,-0.286461,94.995635,-138.163752,-0.742224,-0.664470,-0.087080
7205,anti_nu_mu,20.058507,2493.671302,1.296491,-92.000000,-0.886593,88.965216,-92.823497,-0.049251,-0.998623,0.018059
6892,anti_nu_mu,156.768153,0.000000,-0.045280,-92.000000,1.074739,88.750674,-92.826949,-0.049308,-0.998546,0.021803
6895,neutron,19509.775615,1176.676385,-1.351782,-92.000000,0.358722,89.435498,-90.225314,-0.003932,-0.999944,0.009852
6896,neutron,19511.576325,0.574625,-0.175007,-92.000000,2.064576,90.000000,-90.000000,0.000000,-1.000000,0.000000
7206,gamma,0.529533,2254.285504,-2.183012,-92.000000,1.627887,109.137859,-127.697842,-0.577701,-0.747516,-0.327842
7162,gamma,1.064090,2487.041731,-0.154133,-92.000000,2.222714,101.764024,-92.540209,-0.043390,-0.978034,-0.203881
7163,gamma,0.131538,361.227349,2.933671,-92.000000,-2.261256,130.070241,-56.692458,0.420227,-0.639551,-0.643726
7207,neutron,19511.576325,1075.594220,2.056403,-92.000000,1.911291,90.000000,-90.000000,0.000000,-1.000000,0.000000
7164,neutron,19511.381444,1050.027739,1.345466,-92.000000,2.644532,90.005440,-89.786378,0.003728,-0.999993,-0.000095
7303,neutron,0.532633,3765.162133,-0.274011,-92.000000,0.810292,91.277501,-95.758397,-0.100309,-0.994707,-0.022295
7304,gamma,280.379340,299.467700,0.075357,-92.000000,-2.022524,79.136122,-65.473299,0.407677,-0.893463,0.188476
7305,neutron,1.493367,243.179663,-0.813361,-92.000000,-1.334171,70.912653,-51.986342,0.581991,-0.744548,0.327009
7208,neutron,19511.576325,2674.036797,0.705534,-92.000000,2.090704,90.000000,-90.000000,0.000000,-1.000000,0.000000
7209,neutron,19511.576325,0.000000,-1.026712,-92.000000,1.328351,90.000000,-90.000000,0.000000,-1.000000,0.000000
7210,neutron,19511.576325,0.000000,-2.018050,-92.000000,-1.858532,90.000000,-90.000000,0.000000,-1.000000,0.000000
7165,gamma,0.117161,3132.868474,-1.712049,-92.000000,-1.081706,133.899222,-88.897551,0.013864,-0.720427,-0.693392
7400,neutron,19511.576325,33.279063,-0.664932,-92.000000,-2.524938,90.000000,-90.000000,0.000000,-1.000000,0.000000
7166,gamma,0.113332,1394.312859,0.193738,-92.000000,1.532872,95.039633,-83.703136,0.109256,-0.990124,-0.087845
7307,neutron,56.321311,3453.648085,2.191754,-92.000000,-0.109558,106.388525,-46.095457,0.665284,-0.691223,-0.282149
7211,gamma,0.324641,600.297248,-1.963212,-92.000000,-1.874558,65.902253,-105.973781,-0.251214,-0.877603,0.408295
7401,gamma,0.195108,889.258229,0.878764,-92.000000,-2.513621,72.676103,-106.511585,-0.271317,-0.915270,0.297773
7212,neutron,1.415191,1328.416983,0.310681,-92.000000,0.126180,64.476389,-98.367765,-0.131324,-0.892801,0.430883
7309,gamma,364.201976,240.406282,-0.338091,-92.000000,-1.322019,112.723589,-110.902849,-0.329091,-0.861674,-0.386286
7169,neutron,19511.576325,819.218871,1.401713,-92.000000,0.492614,90.000000,-90.000000,0.000000,-1.000000,0.000000
7170,neutron,19511.576325,0.000000,-0.507081,-92.000000,-2.414745,90.000000,-90.000000,0.000000,-1.000000,0.000000
7310,neutron,2.005419,684.876113,-1.266743,-92.000000,0.275327,118.786903,-110.156293,-0.301998,-0.822742,-0.481553
7311,neutron,19511.423021,0.000000,-0.826809,-92.000000,-0.481851,90.139764,-89.786592,0.003725,-0.999990,-0.002439
7402,gamma,0.346295,2072.344497,-1.885753,-92.000000,1.586134,96.620560,-92.103353,-0.036457,-0.992662,-0.115294
7403,neutron,19511.576325,125.318976,-2.307604,-92.000000,1.441381,90.000000,-90.000000,0.000000,-1.000000,0.000000
7214,neutron,0.000275,1013.134212,0.910204,-92.000000,-1.599909,87.812371,-65.867303,0.408553,-0.911936,0.038172
7312,neutron,19511.576325,1040.090581,-0.387863,-92.000000,-2.442713,90.000000,-90.000000,0.000000,-1.000000,0.000000
7404,neutron,26.918070,1045.984605,-2.983597,-92.000000,-1.593164,87.483878,-108.145023,-0.311123,-0.949355,0.043900
7405,neutron,19511.576325,0.000000,1.250522,-92.000000,0.073198,90.000000,-90.000000,0.000000,-1.000000,0.000000
7406,neutron,19511.576325,0.000000,-2.247615,-92.000000,2.557388,90.000000,-90.000000,0.000000,-1.000000,0.000000
7408,gamma,0.108213,1054.088056,0.239864,-92.000000,-1.669257,89.113003,-123.736223,-0.555304,-0.831504,0.015480
7172,neutron,19511.576325,0.000000,2.602323,-92.000000,0.915362,90.000000,-90.000000,0.000000,-1.000000,0.000000
7215,gamma,0.284727,1496.174825,-2.114579,-92.000000,0.488718,94.058537,-99.774672,-0.169348,-0.983012,-0.070776
7216,neutron,0.000029,1572.625974,-0.011894,-92.000000,0.905844,74.218992,-85.717615,0.071858,-0.959622,0.271961
7217,neutron,19511.576325,0.000000,2.877591,-92.000000,-2.295565,90.000000,-90.000000,0.000000,-1.000000,0.000000
7218,neutron,19511.576325,0.000000,1.753413,-92.000000,-0.946456,90.000000,-90.000000,0.000000,-1.000000,0.000000
7219,neutron,86.549265,134.949047,-0.501551,-92.000000,2.850116,78.805753,-130.678415,-0.639412,-0.743952,0.194136
7220,neutron,19511.576325,0.000000,-0.721852,-92.000000,0.107524,90.000000,-90.000000,0.000000,-1.000000,0.000000
7313,neutron,2.413440,3779.235013,-1.084573,-92.000000,1.268823,64.248213,-74.551060,0.239924,-0.868141,0.434473
7314,neutron,19511.576325,0.000000,2.029547,-92.000000,-0.573182,90.000000,-90.000000,0.000000,-1.000000,0.000000
7315,neutron,19511.576325,0.000000,2.681819,-92.000000,1.760657,90.000000,-90.000000,0.000000,-1.000000,0.000000
7409,proton,1005.979289,4220.848350,1.393352,-92.000000,1.547616,91.276429,-76.449340,0.234247,-0.971922,-0.022276
7410,neutron,19511.532189,0.000000,-0.252328,-92.000000,1.699538,90.050888,-89.875503,0.002173,-0.999997,-0.000888
7222,neutron,17642.140941,0.000000,-1.457889,-92.000000,-1.947316,88.991823,-90.716606,-0.012505,-0.999767,0.017595
7173,pi-,1307.052531,2379.611775,1.698016,-92.000000,-2.817995,113.333445,-100.989420,-0.175037,-0.901377,-0.396082
7174,neutron,19511.450600,0.000000,2.918871,-92.000000,0.645114,89.906157,-89.869676,0.002275,-0.999996,0.001638
7175,neutron,19511.515004,641.563551,1.244431,-92.000000,1.217697,89.977082,-89.882342,0.002054,-0.999998,0.000400
7411,proton,7296.935561,1784.500021,2.859858,-92.000000,-0.821135,85.199472,-92.042181,-0.035510,-0.995859,0.083687
7223,neutron,19511.545412,2585.143551,1.065717,-92.000000,1.344562,90.089925,-89.951785,0.000842,-0.999998,-0.001569
7176,neutron,19511.576325,1894.382947,-0.648629,-92.000000,-1.202005,90.000000,-90.000000,0.000000,-1.000000,0.000000
7413,neutron,19511.576325,428.506957,2.585233,-92.000000,2.662918,90.000000,-90.000000,0.000000,-1.000000,0.000000
7177,neutron,1.034259,1539.035041,-0.555209,-92.000000,1.337045,117.350893,-105.234273,-0.233392,-0.856997,-0.459439
7178,neutron,19511.576325,430.969916,-1.484124,-92.000000,2.821678,90.000000,-90.000000,0.000000,-1.000000,0.000000
7316,gamma,0.426637,2356.702165,-0.139646,-92.000000,2.092974,63.538029,-141.526055,-0.700868,-0.556975,0.445604
7180,neutron,19511.321911,0.000000,-1.628597,-92.000000,0.146820,89.860394,-89.799689,0.003496,-0.999991,0.002437
7414,neutron,19511.576325,1551.123091,-0.956962,-92.000000,1.642032,90.000000,-90.000000,0.000000,-1.000000,0.000000
7317,neutron,65.253829,2333.888670,-1.398636,-92.000000,-2.461973,94.161612,-105.351458,-0.264041,-0.961777,-0.072570
7318,gamma,0.214983,524.618946,-0.044115,-92.000000,-0.057106,81.867078,-126.132675,-0.583727,-0.799531,0.141470
7225,neutron,4.512760,7.364740,1.339368,-92.000000,-0.698069,128.991082,-123.750551,-0.431820,-0.646251,-0.629199
7226,neutron,2.692554,172.871905,0.154589,-92.000000,1.388557,108.197603,-131.174380,-0.625426,-0.715063,-0.312295
7227,neutron,19511.576325,0.000000,-1.475604,-92.000000,1.234169,90.000000,-90.000000,0.000000,-1.000000,0.000000
7415,neutron,12.234644,1725.156245,0.449469,-92.000000,2.189376,97.978078,-55.322087,0.563456,-0.814404,-0.138794
7319,neutron,35.562327,1589.334460,0.071067,-92.000000,-0.321133,95.764048,-100.361916,-0.178956,-0.978718,-0.100432
7416,neutron,19312.834708,0.000000,-1.500289,-92.000000,-0.420729,88.602843,-89.053530,0.016513,-0.999566,0.024383
7182,neutron,19510.714829,0.113383,2.199195,-92.000000,0.375313,89.987863,-90.214253,-0.003739,-0.999993,0.000212
7228,gamma,0.732715,205.435228,0.278789,-92.000000,1.405493,89.198641,-117.886434,-0.467675,-0.883790,0.013986
7320,neutron,2279.037155,524.506511,-2.817898,-92.000000,2.199599,86.300877,-81.094629,0.154480,-0.985887,0.064517
7321,anti_nu_mu,20.299793,679.653914,0.906930,-92.000000,-2.755515,143.300831,-47.279488,0.405435,-0.439050,-0.801784
7183,e-,44.784758,2385.221551,1.335617,-92.000000,2.147046,73.243113,-66.624802,0.379903,-0.878948,0.288311
7184,neutron,19511.576325,514.963639,-0.095030,-92.000000,-2.906380,90.000000,-90.000000,0.000000,-1.000000,0.000000
7185,gamma,2.648204,590.239931,0.994302,-92.000000,-0.472579,78.365756,-110.085147,-0.336361,-0.919888,0.201663
7186,neutron,19511.576325,0.013002,0.577251,-92.000000,0.069047,90.000000,-90.000000,0.000000,-1.000000,0.000000
7322,neutron,19249.167422,3033.864297,-0.650507,-92.000000,-1.100574,89.592397,-90.898814,-0.015686,-0.999852,0.007114
7323,neutron,19511.490744,151.213315,2.290389,-92.000000,-2.451268,89.883965,-89.918827,0.001417,-0.999997,0.002025
7324,proton,19384.921665,1880.851670,2.850153,-92.000000,0.419126,89.764093,-90.522491,-0.009119,-0.999950,0.004117
7418,gamma,0.698575,1212.522948,0.971067,-92.000000,0.667459,71.685385,-97.485766,-0.123681,-0.941254,0.314235
7187,e+,377.666574,1117.186476,1.120443,-92.000000,0.600740,90.889911,-90.411695,-0.007184,-0.999854,-0.015531
7188,neutron,19511.566371,0.000000,-0.053034,-92.000000,-1.023432,89.990767,-89.936798,0.001103,-0.999999,0.000161
7325,gamma,0.436184,1155.225004,-1.508591,-92.000000,0.585817,117.032479,-84.667564,0.082781,-0.886894,-0.454496
7189,gamma,2.273186,3007.060313,-2.704055,-92.000000,0.026258,63.401849,-120.674480,-0.456169,-0.769056,0.447730
7419,gamma,0.149290,2523.522325,-0.261324,-92.000000,1.638284,59.819281,-86.138437,0.058217,-0.862481,0.502729
7420,neutron,19511.576325,0.000000,1.863632,-92.000000,-0.360788,90.000000,-90.000000,0.000000,-1.000000,0.000000
7190,neutron,1.728631,1207.838336,0.821481,-92.000000,-2.096764,89.732261,-74.003323,0.275579,-0.961267,0.004673
7326,neutron,172.068604,1879.142725,2.280933,-92.000000,1.031921,103.608619,-73.187338,0.281123,-0.930381,-0.235288
7230,gamma,0.059391,2841.154407,0.616484,-92.000000,-1.319840,95.831834,-62.208496,0.463842,-0.880072,-0.101609
7191,neutron,19413.131148,2309.691638,0.052665,-92.000000,-0.167584,91.258275,-90.076861,-0.001341,-0.999758,-0.021959
7231,neutron,19511.576325,2395.390328,-1.803788,-92.000000,-1.830049,90.000000,-90.000000,0.000000,-1.000000,0.000000
7327,neutron,0.079993,1483.143386,-1.109056,-92.000000,0.916090,89.438168,-130.659081,-0.651525,-0.758563,0.009806
7328,neutron,19511.576325,0.000000,0.471606,-92.000000,-1.463709,90.000000,-90.000000,0.000000,-1.000000,0.000000
7233,neutron,19511.576325,0.297086,2.686452,-92.000000,2.502119,90.000000,-90.000000,0.000000,-1.000000,0.000000
7329,proton,19314.617265,1195.748535,2.241517,-92.000000,2.058346,90.148175,-90.167921,-0.002931,-0.999992,-0.002586
7192,gamma,3.015403,1866.301702,-2.017630,-92.000000,2.996711,85.090070,-136.031785,-0.717084,-0.691712,0.085590
7421,neutron,0.009635,1502.942580,-2.872796,-92.000000,-0.471806,88.969165,-139.775800,-0.763400,-0.645676,0.017990
7234,gamma,1.162143,1220.597543,1.561308,-92.000000,0.078945,65.436225,-64.120095,0.396984,-0.818286,0.415706
7422,neutron,7302.673065,3492.604984,2.874713,-92.000000,-2.542178,91.198346,-90.792372,-0.013826,-0.999686,-0.020914
7423,neutron,16.638415,655.721545,0.332775,-92.000000,2.674297,92.141905,-110.734094,-0.353784,-0.934580,-0.037375
7330,gamma,0.071160,3104.916522,2.546286,-92.000000,-0.241647,71.304691,-91.204941,-0.019919,-0.947027,0.320535
7331,neutron,19511.576325,0.000000,1.158403,-92.000000,1.707898,90.000000,-90.000000,0.000000,-1.000000,0.000000
7424,neutron,0.059618,1653.306375,2.386326,-92.000000,1.362674,84.717473,-86.180834,0.066325,-0.993541,0.092067
7194,proton,5967.704099,1803.605764,1.299087,-92.000000,2.406475,85.776957,-91.597496,-0.027802,-0.996897,0.073639
7425,neutron,6518.787661,1248.081649,-2.782385,-92.000000,0.702679,83.379902,-89.664261,0.005821,-0.993315,0.115286
7426,neutron,19434.097629,0.000000,-0.634879,-92.000000,-2.634411,89.587173,-91.197623,-0.020900,-0.999756,0.007205
7427,neutron,19367.009465,0.000000,-0.095254,-92.000000,0.561496,91.767354,-90.742041,-0.012945,-0.999440,-0.030841
7428,neutron,19511.576325,0.000000,0.074181,-92.000000,0.774145,90.000000,-90.000000,0.000000,-1.000000,0.000000
7429,neutron,19511.273931,0.000000,-2.095331,-92.000000,1.705260,90.348162,-89.947850,0.000910,-0.999981,-0.006077
7430,neutron,19511.576325,0.000000,-1.196098,-92.000000,-0.045730,90.000000,-90.000000,0.000000,-1.000000,0.000000
7431,neutron,24.390806,1548.770279,1.622407,-92.000000,-2.741129,98.949330,-71.006711,0.321495,-0.934046,-0.155561
7195,gamma,0.266098,1866.945835,-1.689599,-92.000000,-0.180531,114.077445,-107.414590,-0.273245,-0.871147,-0.407971
7332,gamma,0.999764,3369.778284,-1.659131,-92.000000,-1.667159,121.688855,-111.005575,-0.305017,-0.794366,-0.525306
7333,neutron,19511.576325,0.194054,-1.054478,-92.000000,2.927371,90.000000,-90.000000,0.000000,-1.000000,0.000000
7235,e+,116.764068,5058.396175,-0.244623,-92.000000,-1.239847,92.203075,-95.337103,-0.092947,-0.994929,-0.038441
7334,neutron,19204.884993,0.369193,-2.145821,-92.000000,0.879781,91.833759,-89.113390,0.015466,-0.999368,-0.032000
7196,neutron,6.780925,1830.937779,-2.498129,-92.000000,-2.376397,79.356454,-92.603997,-0.044651,-0.981780,0.184698
7433,neutron,19511.503179,0.000000,0.321593,-92.000000,2.419656,89.967144,-89.830003,0.002967,-0.999995,0.000573
7335,pi+,3038.035969,1327.206847,0.110995,-92.000000,-2.543018,85.980977,-88.012521,0.034596,-0.996941,0.070088
7197,gamma,0.415386,4005.110632,2.162407,-92.000000,0.495887,99.686878,-40.310616,0.751676,-0.637707,-0.168264
7236,gamma,78.238038,711.267561,0.944004,-92.000000,1.101728,79.640529,-125.541391,-0.571815,-0.800432,0.179823
7237,gamma,0.123681,320.063113,2.071492,-92.000000,1.266257,86.373297,-33.854638,0.828790,-0.555972,0.063256
7434,pi+,3693.745763,1494.764890,2.045565,-92.000000,-2.418414,92.205956,-87.536226,0.042956,-0.998335,-0.038492
7435,neutron,19260.747526,0.000000,-1.998290,-92.000000,0.177751,91.456447,-88.996660,0.017505,-0.999524,-0.025417
7336,neutron,1.855255,1905.891083,1.053556,-92.000000,-0.613793,75.600994,-106.257702,-0.271164,-0.929856,0.248673
7436,neutron,35.411868,637.640276,-1.421239,-92.000000,-2.061616,121.601538,-65.930538,0.347366,-0.777658,-0.524009
7437,neutron,19511.576325,22.421485,-2.915517,-92.000000,0.935287,90.000000,-90.000000,0.000000,-1.000000,0.000000
7438,neutron,19511.576325,0.000000,1.909889,-92.000000,2.807556,90.000000,-90.000000,0.000000,-1.000000,0.000000
7439,neutron,19511.576325,1175.858798,-0.010609,-92.000000,1.639462,90.000000,-90.000000,0.000000,-1.000000,0.000000
7440,neutron,19511.576325,738.492711,2.858756,-92.000000,-1.051558,90.000000,-90.000000,0.000000,-1.000000,0.000000
7441,neutron,19511.296347,0.047427,2.429409,-92.000000,0.923260,89.889208,-90.230932,-0.004030,-0.999990,0.001934
7238,neutron,1.690858,2452.871680,-0.325897,-92.000000,-2.229713,99.306985,-91.866302,-0.032139,-0.986313,-0.161724
7198,nu_mu,23.019020,3517.854126,0.005150,-92.200000,-0.386155,78.174047,50.342972,0.624645,0.753537,0.204939
7337,mu+,82.766274,2694.080373,-0.230000,-92.000000,-0.001887,96.768395,-125.215184,-0.572630,-0.811298,-0.117856
7442,gamma,2.624109,3.188008,2.574508,-92.000000,1.704499,86.548746,-106.121132,-0.277165,-0.958935,0.060199
7239,neutron,32.780554,1938.962135,1.642017,-92.000000,-0.589821,103.538393,-100.098942,-0.170476,-0.957150,-0.234097
7338,gamma,4.533898,2002.197193,1.428058,-92.000000,0.507732,84.352657,-57.122427,0.540211,-0.835756,0.098405
7500,gamma,0.155401,2068.557239,-0.329198,-92.000000,-2.934062,104.948279,-90.238697,-0.004025,-0.966151,-0.257947
7501,neutron,19511.576325,1213.915244,-0.321446,-92.000000,0.916838,90.000000,-90.000000,0.000000,-1.000000,0.000000
7443,neutron,15146.694477,3320.741992,1.487172,-92.000000,2.651025,90.198257,-90.385223,-0.006723,-0.999971,-0.003460
7502,e+,727.385532,596.095281,-2.531806,-92.000000,2.868964,89.953480,-90.080013,-0.001396,-0.999999,0.000812
7339,neutron,264.210758,240.163305,0.525093,-92.000000,-0.014618,84.602546,-134.586519,-0.698873,-0.709033,0.094064
7503,proton,332.932396,1769.275797,2.762775,-92.000000,-1.214437,64.120485,-59.766448,0.453029,-0.777335,0.436480
7340,gamma,1.027509,127.254129,1.096324,-92.000000,1.263684,128.422559,-105.472147,-0.209001,-0.755057,-0.621456
7444,gamma,0.069624,1543.094072,-0.486484,-92.000000,-1.642862,104.978016,-133.796486,-0.668585,-0.697279,-0.258448
7445,neutron,19511.576325,0.000000,0.979826,-92.000000,1.137197,90.000000,-90.000000,0.000000,-1.000000,0.000000
7446,neutron,19511.576325,0.000000,2.971589,-92.000000,-0.484788,90.000000,-90.000000,0.000000,-1.000000,0.000000
7341,neutron,19511.372536,1312.792292,-2.846832,-92.000000,-2.576994,89.853292,-90.161951,-0.002827,-0.999993,0.002561
7342,neutron,19498.028170,0.000000,2.487911,-92.000000,-1.308461,89.714317,-89.978557,0.000374,-0.999987,0.004986
7240,pi-,3552.932459,2106.139120,1.069971,-92.000000,0.810268,87.900959,-90.870512,-0.015183,-0.999214,0.036627
7343,neutron,262.172425,814.160409,0.164376,-92.000000,0.964149,87.184636,-112.978346,-0.389912,-0.919541,0.049118
7241,gamma,0.076165,78.410634,1.117476,-92.000000,2.658855,92.212404,-68.125259,0.372301,-0.927309,-0.038604
7447,mu+,2573.526415,110.208118,2.541622,-92.000000,0.817012,88.849250,-90.618062,-0.010785,-0.999740,0.020083
7448,proton,5949.929832,113.619382,-2.683228,-92.000000,2.232686,88.843716,-90.062831,-0.001096,-0.999796,0.020180
7344,proton,335.525348,1444.089723,-2.239129,-92.000000,2.948371,89.075754,-75.699144,0.246981,-0.968886,0.016130
7449,gamma,0.088029,0.088029,-3.000000,-92.182478,-0.186733,68.852177,47.453145,0.630653,0.687108,0.360775
7504,proton,584.752103,3007.225570,-0.641139,-92.000000,-0.869173,94.924174,-93.651422,-0.063451,-0.994287,-0.085837
7242,gamma,0.101988,2968.228457,-1.484682,-92.000000,-2.326339,88.979862,-105.257551,-0.263117,-0.964600,0.017804
7243,gamma,0.474114,609.713727,0.975601,-92.000000,-0.520890,55.940944,-122.136257,-0.440687,-0.701529,0.560047
7345,neutron,20.093058,3308.867525,0.949452,-92.000000,2.857046,80.890155,-72.221795,0.301482,-0.940235,0.158328
7346,neutron,19511.531076,0.000000,2.413263,-92.000000,2.441714,90.128421,-89.954691,0.000791,-0.999997,-0.002241
7450,neutron,2.414376,2050.436425,1.689798,-92.000000,1.563100,55.737150,-42.198590,0.612262,-0.555137,0.562990
7451,neutron,19511.576325,0.000000,1.912234,-92.000000,-0.016091,90.000000,-90.000000,0.000000,-1.000000,0.000000
7348,neutron,19510.587403,0.000000,0.931165,-92.000000,2.140604,89.954898,-89.551848,0.007822,-0.999969,0.000787
7452,neutron,23.722515,724.949203,0.644332,-92.000000,-1.023631,94.564627,-73.902851,0.276387,-0.957746,-0.079584
7506,neutron,0.000002,2234.944692,1.218442,-92.000000,-1.864280,131.919928,-45.676883,0.519891,-0.532322,-0.668091
7244,gamma,4.004752,1542.119693,1.316821,-92.000000,0.214090,53.887167,-94.117468,-0.058005,-0.805773,0.589377
7245,proton,3062.090918,1507.757931,2.949168,-92.000000,1.526829,93.765899,-84.989500,0.087150,-0.994028,-0.065680
7453,neutron,19511.253635,2820.892569,-2.378246,-92.000000,-0.406311,89.669560,-89.930390,0.001215,-0.999983,0.005767
7507,gamma,0.298014,2804.694998,-0.252393,-92.000000,0.634323,118.020515,-89.262297,0.011366,-0.882706,-0.469788
7508,neutron,19511.576325,0.000000,2.979649,-92.000000,2.686458,90.000000,-90.000000,0.000000,-1.000000,0.000000
7349,neutron,2.067886,4380.835536,-1.151020,-92.000000,2.785810,58.597278,-93.541742,-0.052727,-0.851896,0.521050
7509,neutron,4.499937,1182.736064,-1.558906,-92.000000,-2.522211,142.834319,-124.281405,-0.340276,-0.499175,-0.796892
7246,pi-,792.332295,3013.414624,0.120717,-92.000000,-2.271941,90.148145,-91.092798,-0.019072,-0.999815,-0.002586
7247,neutron,19511.307840,0.000000,1.956836,-92.000000,-2.720675,89.872945,-90.386022,-0.006737,-0.999975,0.002218
7455,neutron,183.366709,772.860396,-2.346346,-92.000000,-1.031754,66.426059,-78.946584,0.175724,-0.899542,0.399932
7248,pi-,916.980915,2403.469730,0.798743,-92.000000,2.408343,81.268223,-95.981911,-0.103007,-0.983028,0.151809
7249,neutron,19511.337130,0.000000,-2.597397,-92.000000,-1.717282,89.744574,-89.828813,0.002988,-0.999986,0.004458
7251,neutron,19464.369789,0.218100,-0.078217,-92.000000,-2.244160,90.862892,-90.858862,-0.014988,-0.999774,-0.015060
7252,neutron,19511.455505,0.000000,0.527960,-92.000000,2.573297,90.099540,-89.864346,0.002368,-0.999996,-0.001737
7253,neutron,19511.576325,0.000000,1.036680,-92.000000,-0.565419,90.000000,-90.000000,0.000000,-1.000000,0.000000
7351,pi+,372.022887,213.410871,2.521008,-92.000000,0.903040,86.670130,-102.401573,-0.214400,-0.975017,0.058084
7456,gamma,0.234507,3972.105450,2.839126,-92.000000,-0.666109,109.738945,-74.451794,0.252299,-0.906797,-0.337735
7457,neutron,19511.576325,0.099285,2.457573,-92.000000,-2.594157,90.000000,-90.000000,0.000000,-1.000000,0.000000
7510,nu_mu,23.594349,2173.336887,-0.973156,-92.000000,-0.763249,86.605369,-64.279848,0.433215,-0.899344,0.059213
7511,neutron,19511.576325,0.000000,0.374967,-92.000000,1.068184,90.000000,-90.000000,0.000000,-1.000000,0.000000
7512,neutron,19511.576325,865.650857,-2.979937,-92.000000,-0.333014,90.000000,-90.000000,0.000000,-1.000000,0.000000
7255,neutron,19511.545624,0.000000,0.184662,-92.000000,-0.206010,90.037492,-89.871284,0.002247,-0.999997,-0.000654
7256,neutron,19510.968830,0.000000,0.589408,-92.000000,-0.739983,89.843956,-90.343512,-0.005995,-0.999978,0.002723
7458,gamma,0.706467,4.907629,0.015378,-92.000000,-2.636026,79.729439,-64.775319,0.419340,-0.890148,0.178297
7352,neutron,13.571899,2770.788278,0.123834,-92.000000,-1.862399,139.783267,-120.394741,-0.326685,-0.556938,-0.763607
7513,proton,119.843433,221.440515,-2.647789,-92.000000,-0.303967,87.983921,-70.500886,0.333586,-0.942063,0.035180
7257,neutron,228.647896,2225.633345,0.437874,-92.000000,-1.603089,124.787155,-46.094069,0.569536,-0.591713,-0.570529
7459,pi+,690.181816,2343.327098,0.263244,-92.000000,-0.323036,74.178884,-78.218894,0.196439,-0.941850,0.272635
7460,neutron,19511.576325,0.000000,2.332360,-92.000000,-1.188361,90.000000,-90.000000,0.000000,-1.000000,0.000000
7514,pi-,846.193129,837.278963,-1.812071,-92.000000,-2.492620,93.339116,-91.741961,-0.030347,-0.997841,-0.058246
7353,gamma,0.241928,196.632709,-1.429238,-92.000000,2.083298,80.363655,-118.818568,-0.475236,-0.863788,0.167394
7258,neutron,27.788171,93.788118,1.832576,-92.000000,0.336016,98.332669,-69.698641,0.343295,-0.927980,-0.144920
7354,kaon0L,448.130252,949.962302,-1.363763,-92.000000,2.197257,96.985886,-93.023547,-0.052355,-0.991194,-0.121625
7461,neutron,2.794673,2728.564424,-1.435090,-92.000000,-1.115299,131.094724,-84.823707,0.067992,-0.750550,-0.657306
7355,neutron,69.609327,888.702856,1.622951,-92.000000,-2.627995,139.140189,-110.968801,-0.234115,-0.610886,-0.756313
7515,pi-,2919.011175,2550.955019,-2.435833,-92.000000,-0.600237,74.451891,-96.367113,-0.106840,-0.957463,0.268047
7516,neutron,19511.576325,0.000000,-1.461319,-92.000000,-0.264807,90.000000,-90.000000,0.000000,-1.000000,0.000000
7462,neutron,17468.615786,2407.813786,-2.591094,-92.000000,0.688467,90.963535,-89.975471,0.000428,-0.999859,-0.016816
7356,e+,14.886763,304.799075,-2.944276,-92.000000,2.494834,82.644661,-85.019322,0.086105,-0.988026,0.128023
7517,gamma,0.109646,2113.043857,1.579919,-92.000000,0.016956,92.110543,-78.304349,0.202575,-0.978574,-0.036828
7518,neutron,19511.576325,0.093066,0.667186,-92.000000,1.934855,90.000000,-90.000000,0.000000,-1.000000,0.000000
7519,neutron,19511.576325,0.000000,-2.162238,-92.000000,2.618916,90.000000,-90.000000,0.000000,-1.000000,0.000000
7520,neutron,0.736998,652.738115,-1.937826,-92.000000,-0.039407,123.225771,-120.806685,-0.428417,-0.718485,-0.547940
7357,neutron,4.996255,895.183919,2.969765,-92.000000,1.684118,89.257158,-65.780467,0.410199,-0.911904,0.012965
7358,neutron,19511.576325,0.000000,-0.221552,-92.000000,-0.473115,90.000000,-90.000000,0.000000,-1.000000,0.000000
7259,neutron,1.639602,4160.995791,-1.080777,-92.000000,-1.335008,121.071750,-79.727459,0.152744,-0.842792,-0.516111
7463,neutron,19510.943570,3522.738028,1.909276,-92.000000,-2.607885,90.097786,-89.739679,0.004543,-0.999988,-0.001707
7464,neutron,19511.576325,0.000000,-1.254308,-92.000000,-1.154600,90.000000,-90.000000,0.000000,-1.000000,0.000000
7260,e+,24.301737,1115.343429,-1.292142,-92.000000,-2.435520,85.898179,-66.915216,0.391088,-0.917569,0.071529
7465,neutron,19511.576325,1269.923275,-2.909533,-92.000000,-0.191814,90.000000,-90.000000,0.000000,-1.000000,0.000000
7261,gamma,0.356279,330.180822,1.433232,-92.000000,-0.101074,76.160922,-73.975402,0.268037,-0.933243,0.239196
7466,neutron,19511.576325,1278.519160,-0.574578,-92.000000,-2.337632,90.000000,-90.000000,0.000000,-1.000000,0.000000
7521,gamma,0.129227,2535.992566,-1.270851,-92.000000,-0.199461,87.487889,-117.545892,-0.462015,-0.885789,0.043831
7522,neutron,19441.607248,947.098808,-2.090019,-92.000000,0.266665,90.311938,-89.031008,0.016911,-0.999842,-0.005444
7523,neutron,19511.576325,1505.611631,-2.924853,-92.000000,0.026421,90.000000,-90.000000,0.000000,-1.000000,0.000000
7263,neutron,0.000023,1458.454761,1.770943,-92.000000,-0.280254,112.912371,-41.602631,0.688770,-0.611575,-0.389323
7359,gamma,0.674773,3395.450165,-1.818739,-92.000000,-1.034462,63.266486,-100.974330,-0.170020,-0.876776,0.449841
7467,neutron,2745.367506,2080.136349,-0.274761,-92.000000,2.126551,74.833658,-88.606980,0.023464,-0.964885,0.261622
7468,neutron,19511.576325,0.000000,-1.758967,-92.000000,1.243839,90.000000,-90.000000,0.000000,-1.000000,0.000000
7469,proton,18178.242186,85.201648,-2.450478,-92.000000,0.447125,90.579147,-90.446564,-0.007794,-0.999919,-0.010108
7470,neutron,19511.402509,0.000000,0.546132,-92.000000,2.659611,89.748737,-89.925359,0.001303,-0.999990,0.004385
7471,neutron,19511.576325,672.020429,2.674679,-92.000000,1.564755,90.000000,-90.000000,0.000000,-1.000000,0.000000
7525,neutron,19511.576325,0.000000,2.155639,-92.000000,-0.076356,90.000000,-90.000000,0.000000,-1.000000,0.000000
7526,neutron,19511.366672,0.000000,-2.825616,-92.000000,1.600714,90.302315,-90.184742,-0.003224,-0.999981,-0.005276
7472,proton,18726.062457,86.305177,0.484737,-92.000000,1.994050,90.067077,-90.550718,-0.009612,-0.999953,-0.001171
7527,neutron,5914.558628,751.388526,-2.665400,-92.000000,0.532039,86.623688,-87.750413,0.039184,-0.997495,0.058894
7528,neutron,19510.045242,0.000000,-0.492821,-92.000000,0.912568,90.522154,-89.706498,0.005122,-0.999945,-0.009113
7361,pi+,10401.045828,2955.754532,1.178974,-92.000000,0.095784,89.232131,-91.670699,-0.029152,-0.999485,0.013401
7264,neutron,5.124480,1730.781629,-1.229753,-92.000000,-1.976353,98.134255,-89.376817,0.010767,-0.989881,-0.141493
7473,gamma,0.088153,1893.079461,-1.992087,-92.000000,-0.556417,107.113306,-134.473483,-0.669561,-0.681981,-0.294262
7362,neutron,16337.686730,532.219889,-2.219835,-92.000000,-1.149487,89.921331,-90.527415,-0.009205,-0.999957,0.001373
7529,pi+,2425.176428,3831.582017,1.828443,-92.000000,0.569756,92.055990,-86.768349,0.056337,-0.997767,-0.035876
7474,pi+,7244.433622,1192.652645,-0.254327,-92.000000,2.462892,90.689084,-85.685555,0.075225,-0.997094,-0.012026
7530,neutron,19511.576325,489.474698,0.611538,-92.000000,-2.574513,90.000000,-90.000000,0.000000,-1.000000,0.000000
7531,pi+,510.612971,965.058233,1.814792,-92.000000,-0.658405,101.126553,-94.658048,-0.079682,-0.977963,-0.192977
7265,pi-,2029.694233,2694.459304,1.527380,-92.000000,2.031913,95.039694,-101.134656,-0.192369,-0.977383,-0.087846
7532,neutron,10610.686249,598.485144,-2.857958,-92.000000,-0.644728,86.781433,-89.270546,0.012711,-0.998342,0.056145
7475,pi-,933.008820,2758.525626,1.018258,-92.000000,0.826269,75.978475,-99.877327,-0.166428,-0.955824,0.242286
7363,anti_nu_mu,11.008859,2695.933043,0.334949,-92.000000,-1.887336,106.144210,-55.816951,0.539682,-0.794624,-0.278056
7364,neutron,19511.325637,0.000000,1.945477,-92.000000,0.956037,90.053246,-89.620623,0.006621,-0.999978,-0.000929
7266,neutron,19511.576325,1053.259495,2.291739,-92.000000,-1.859643,90.000000,-90.000000,0.000000,-1.000000,0.000000
7267,gamma,1.217119,180.644082,-0.897901,-92.000000,-0.807138,87.596435,-74.486418,0.267231,-0.962719,0.041938
7268,neutron,19511.576325,0.000000,2.839203,-92.000000,0.814396,90.000000,-90.000000,0.000000,-1.000000,0.000000
7365,proton,13965.114596,978.277019,1.010014,-92.000000,-2.478543,90.386169,-91.361772,-0.023765,-0.999695,-0.006740
7533,gamma,0.170565,1965.315970,-2.156154,-92.000000,-1.296113,113.910234,-111.168139,-0.330117,-0.852497,-0.405305
7476,neutron,6.145840,1854.165072,0.815053,-92.000000,0.941481,104.596780,-110.053103,-0.331824,-0.909055,-0.252015
7534,neutron,19511.576325,887.550318,-0.539032,-92.000000,-1.304442,90.000000,-90.000000,0.000000,-1.000000,0.000000
7366,neutron,19511.576325,472.852257,0.676456,-92.000000,-2.247481,90.000000,-90.000000,0.000000,-1.000000,0.000000
7269,neutron,19511.576325,2737.396447,-2.141100,-92.000000,0.119633,90.000000,-90.000000,0.000000,-1.000000,0.000000
7367,neutron,19510.729138,1314.073669,0.801286,-92.000000,0.172654,89.513797,-89.667071,0.005810,-0.999947,0.008486
7477,neutron,0.006043,1973.256173,1.835066,-92.000000,1.087476,91.270126,-93.524335,-0.061457,-0.997864,-0.022166
7478,neutron,19511.576325,0.070968,-0.959492,-92.000000,2.459763,90.000000,-90.000000,0.000000,-1.000000,0.000000
7368,neutron,7636.262556,628.529604,-2.288457,-92.000000,0.711105,91.027934,-92.683674,-0.046814,-0.998743,-0.017940
7369,neutron,19510.455769,0.000000,-2.023724,-92.000000,1.148399,89.396112,-89.920568,0.001386,-0.999943,0.010540
7535,neutron,19234.419138,751.498084,0.293044,-92.000000,-2.462082,89.478760,-90.192461,-0.003359,-0.999953,0.009097
7270,gamma,0.084432,115.259168,2.346123,-92.000000,-2.083374,97.588035,-76.279397,0.235110,-0.962957,-0.132049
7271,neutron,19511.389339,0.000000,-2.706626,-92.000000,-0.139571,90.175851,-89.913777,0.001505,-0.999994,-0.003069
7272,neutron,19511.576325,0.000000,1.083733,-92.000000,0.956924,90.000000,-90.000000,0.000000,-1.000000,0.000000
7479,mu-,1811.710766,90.270213,0.348256,-92.000000,0.185528,88.561078,-89.213581,0.013721,-0.999590,0.025111
7273,proton,11790.869366,2093.519616,2.681124,-92.000000,-2.164925,91.763017,-90.589876,-0.010290,-0.999474,-0.030766
7370,e+,1016.824452,1825.218055,0.279303,-92.000000,0.488479,89.195184,-88.619440,0.024091,-0.999611,0.014046
7371,neutron,19511.576325,143.728042,-1.952809,-92.000000,2.831886,90.000000,-90.000000,0.000000,-1.000000,0.000000
7480,pi+,4909.477667,737.161624,1.239408,-92.000000,0.348639,85.781292,-86.784130,0.055946,-0.995720,0.073564
7537,pi+,3915.290497,1194.867159,2.652032,-92.000000,1.024910,93.264207,-96.315709,-0.109828,-0.992318,-0.056940
7482,neutron,19511.576325,323.883501,0.777362,-92.000000,0.951378,90.000000,-90.000000,0.000000,-1.000000,0.000000
7274,gamma,0.193374,385.073236,0.633685,-92.000000,-2.638995,136.909055,-70.770983,0.224995,-0.645045,-0.730270
7538,gamma,0.605861,2778.000246,0.022348,-92.000000,2.859178,85.848579,-121.517243,-0.521384,-0.850246,0.072393
7275,gamma,105.770072,1932.372610,1.262925,-92.000000,-1.232601,138.794171,-77.070638,0.147399,-0.642064,-0.752348
7276,neutron,4.999895,1449.996701,-0.330850,-92.000000,0.605938,83.406142,-120.171373,-0.499263,-0.858807,0.114831
7483,pi-,5281.263116,4354.845765,0.688667,-92.000000,-1.268069,90.361976,-99.030062,-0.156950,-0.987586,-0.006318
7539,pi+,847.289375,2498.698550,1.752645,-92.000000,0.149430,98.546579,-67.101219,0.384783,-0.910964,-0.148613
7373,neutron,2180.554641,2428.280198,-0.268914,-92.000000,-0.893960,99.888783,-96.193081,-0.106277,-0.979394,-0.171736
7374,neutron,19511.034936,0.000000,0.421351,-92.000000,1.446336,89.679801,-90.155989,-0.002722,-0.999981,0.005588
7540,gamma,2.176338,211.148540,1.007343,-92.000000,1.254119,66.391772,-36.426418,0.737278,-0.544093,0.400481
7375,neutron,19511.576325,1363.896421,0.807951,-92.000000,-2.682060,90.000000,-90.000000,0.000000,-1.000000,0.000000
7277,neutron,19511.576325,3626.143967,-0.249638,-92.000000,-2.652191,90.000000,-90.000000,0.000000,-1.000000,0.000000
7485,neutron,19511.576325,1027.962394,0.148410,-92.000000,-2.402535,90.000000,-90.000000,0.000000,-1.000000,0.000000
7542,gamma,0.116869,1416.102976,1.745438,-92.000000,-2.208432,122.299525,-72.424814,0.255234,-0.805811,-0.534345
7278,gamma,1.769933,2486.409853,-1.157748,-92.000000,-0.003074,60.291535,-128.620879,-0.542123,-0.678599,0.495587
7279,neutron,19511.576325,0.000000,0.532465,-92.000000,2.001061,90.000000,-90.000000,0.000000,-1.000000,0.000000
7543,neutron,298.907151,2470.280033,0.308341,-92.000000,1.207108,57.311550,-49.052267,0.551573,-0.635682,0.540071
7376,gamma,0.232214,4506.894887,1.997413,-92.000000,-1.250817,93.221029,-90.879909,-0.015332,-0.998302,-0.056188
7280,neutron,19511.433175,3994.370276,-1.227710,-92.000000,2.637742,90.232742,-90.067090,-0.001171,-0.999991,-0.004062
7281,neutron,19511.576325,0.000000,2.720558,-92.000000,-2.673948,90.000000,-90.000000,0.000000,-1.000000,0.000000
7377,mu-,685.436833,105.862824,-1.163501,-92.000000,0.219572,89.058117,-92.040879,-0.035608,-0.999231,0.016438
7544,neutron,144.543851,1898.075491,-2.918682,-92.000000,-0.863156,88.373598,-94.550496,-0.079306,-0.996446,0.028382
7378,neutron,19511.576325,637.279546,2.556971,-92.000000,-2.217212,90.000000,-90.000000,0.000000,-1.000000,0.000000
7487,gamma,0.092153,804.257149,0.191965,-92.000000,1.277947,84.024882,-90.996702,-0.017300,-0.994417,0.104097
7282,pi+,2607.799700,1786.276622,2.449544,-92.000000,1.144163,94.267559,-82.842755,0.124247,-0.989457,-0.074414
7488,proton,709.347012,2456.407198,1.492535,-92.000000,2.627138,87.770709,-88.234963,0.030778,-0.998769,0.038899
7545,neutron,205.577805,1852.349814,-1.621068,-92.000000,2.541149,39.383970,-67.775102,0.240001,-0.587374,0.772911
7546,neutron,19511.576325,0.000000,-0.904278,-92.000000,-1.503082,90.000000,-90.000000,0.000000,-1.000000,0.000000
7490,neutron,19510.112383,0.000000,0.683810,-92.000000,-0.997095,89.600497,-89.654283,0.006034,-0.999957,0.006973
7491,gamma,0.208882,87.802405,-1.752950,-92.000000,-1.250087,76.991721,-139.818147,-0.744394,-0.628658,0.225092
7492,neutron,19511.021658,0.011721,-0.068274,-92.000000,0.708445,90.447730,-89.862936,0.002392,-0.999967,-0.007814
7493,neutron,19511.576325,0.000000,2.617443,-92.000000,2.854769,90.000000,-90.000000,0.000000,-1.000000,0.000000
7379,neutron,50.009260,2593.943355,-1.645564,-92.000000,1.122728,66.436621,-111.311208,-0.333130,-0.853940,0.399763
7283,neutron,2.648092,277.155202,-2.331448,-92.000000,-1.633698,76.510980,-105.315790,-0.256852,-0.937879,0.233259
7380,neutron,19364.903910,2351.073987,1.517011,-92.000000,-0.606480,90.109827,-90.069748,-0.001217,-0.999997,-0.001917
7381,neutron,19511.576325,0.000000,-1.176708,-92.000000,-2.343680,90.000000,-90.000000,0.000000,-1.000000,0.000000
7494,neutron,17.417683,1033.058939,-2.837061,-92.000000,1.798055,105.827894,-106.693395,-0.276359,-0.921539,-0.272749
7284,kaon-,1758.072721,1615.008217,-0.610867,-92.000000,-0.265475,112.505489,-91.061903,-0.017121,-0.923684,-0.382772
7548,gamma,0.134862,1842.977635,2.967541,-92.000000,-0.218058,56.428282,-64.909906,0.353310,-0.754576,0.552980
7285,pi-,3540.298954,1024.001531,-2.084459,-92.000000,2.089260,85.065916,-95.886057,-0.102170,-0.991042,0.086010
7549,neutron,19511.576325,0.000000,0.537820,-92.000000,-2.796324,90.000000,-90.000000,0.000000,-1.000000,0.000000
7382,pi-,3414.328402,282.490786,-1.538470,-92.000000,-2.261531,90.168372,-88.968987,0.017994,-0.999834,-0.002939
7383,neutron,19511.576325,0.000000,0.468365,-92.000000,0.285505,90.000000,-90.000000,0.000000,-1.000000,0.000000
7384,neutron,19511.576325,0.000000,0.507153,-92.000000,0.950470,90.000000,-90.000000,0.000000,-1.000000,0.000000
7496,neutron,16596.710431,725.501116,2.658978,-92.000000,-0.099776,90.398070,-89.493651,0.008837,-0.999937,-0.006948
7286,gamma,3.015790,883.680445,2.326062,-92.000000,1.511982,116.251768,-102.642037,-0.196286,-0.875116,-0.442316
7550,neutron,2.276310,497.237322,-2.991503,-92.000000,-2.985797,125.256624,-112.642629,-0.314367,-0.753637,-0.577240
7551,nu_e,44.333241,802.616152,-2.206137,-92.000000,1.805130,107.740317,-134.793452,-0.671050,-0.675905,-0.304703
7497,neutron,155.176659,1.137765,2.957890,-92.000000,-0.638314,117.232255,-107.746545,-0.271022,-0.846848,-0.457599
7385,proton,6630.411180,4994.518607,0.459916,-92.000000,-1.655441,85.301759,-90.529873,-0.009217,-0.996597,0.081908
7498,neutron,19511.301933,1369.390066,1.288364,-92.000000,-2.658713,89.921043,-89.759042,0.004206,-0.999990,0.001378
7499,neutron,19511.576325,0.000000,1.304704,-92.000000,-2.828453,90.000000,-90.000000,0.000000,-1.000000,0.000000
7600,neutron,19511.576325,0.000000,0.117693,-92.000000,0.192764,90.000000,-90.000000,0.000000,-1.000000,0.000000
7601,neutron,19511.576325,0.000000,-0.792396,-92.000000,1.666090,90.000000,-90.000000,0.000000,-1.000000,0.000000
7602,neutron,5.097783,0.757334,-0.202845,-92.000000,-1.888527,103.500784,-120.631771,-0.495439,-0.836682,-0.233459
7287,neutron,86.327435,3183.305130,-0.461115,-92.000000,-1.825150,71.158052,-107.404150,-0.283082,-0.903085,0.322959
7386,neutron,28.203192,685.077375,2.755810,-92.000000,0.219866,56.562164,-85.211344,0.069663,-0.831571,0.551032
7289,neutron,19511.576325,0.000000,-0.107375,-92.000000,-0.794358,90.000000,-90.000000,0.000000,-1.000000,0.000000
7552,gamma,0.128240,540.923128,2.476166,-92.000000,1.523931,112.207663,-71.373845,0.295699,-0.877328,-0.377965
7553,neutron,19511.576325,0.000000,1.140479,-92.000000,1.662196,90.000000,-90.000000,0.000000,-1.000000,0.000000
7554,neutron,19511.576325,66.510636,0.265226,-92.000000,1.509205,90.000000,-90.000000,0.000000,-1.000000,0.000000
7290,neutron,19511.576325,997.543883,-0.302086,-92.000000,0.324203,90.000000,-90.000000,0.000000,-1.000000,0.000000
7387,neutron,11788.512441,1337.309871,-2.659929,-92.000000,-2.024933,89.965829,-91.431871,-0.024988,-0.999688,0.000596
7388,neutron,19498.134237,0.000000,-2.466398,-92.000000,-0.239627,89.558516,-89.939780,0.001051,-0.999970,0.007705
7555,neutron,19511.576325,1946.819973,2.907105,-92.000000,0.904900,90.000000,-90.000000,0.000000,-1.000000,0.000000
7603,gamma,0.062095,2800.297189,-2.486413,-92.000000,-2.346074,89.439226,-121.478004,-0.522146,-0.852800,0.009787
7556,neutron,28.653464,2181.327502,1.811178,-92.000000,-1.992763,83.996011,-72.883427,0.292702,-0.950465,0.104598
7557,neutron,19511.576325,102.213927,0.532967,-92.000000,-2.347695,90.000000,-90.000000,0.000000,-1.000000,0.000000
7558,neutron,19511.576325,0.000000,-1.303404,-92.000000,1.450430,90.000000,-90.000000,0.000000,-1.000000,0.000000
7559,neutron,19511.576325,0.000000,1.258232,-92.000000,0.804399,90.000000,-90.000000,0.000000,-1.000000,0.000000
7604,neutron,10413.105769,0.000000,0.091723,-92.000000,-2.390124,92.035397,-89.210374,0.013772,-0.999274,-0.035517
7605,neutron,19508.486916,197.012866,-0.700890,-92.000000,-1.112956,89.051450,-90.655749,-0.011443,-0.999797,0.016555
7389,neutron,603.916298,3208.746246,-0.663365,-92.000000,2.693669,90.962883,-74.225727,0.271810,-0.962204,-0.016805
7291,mu-,480.211816,1592.405367,0.848162,-92.000000,-2.139653,95.058864,-74.402357,0.267833,-0.959422,-0.088179
7292,neutron,115.366613,1668.031514,2.432122,-92.000000,-1.857366,100.622508,-99.222039,-0.157514,-0.970159,-0.184337
7391,gamma,0.094446,647.608506,1.966387,-92.000000,2.472042,85.645727,-108.646642,-0.318808,-0.944774,0.075923
7560,proton,599.367216,4268.875383,1.481992,-92.000000,0.382115,77.498599,-79.728466,0.174086,-0.960644,0.216463
7561,neutron,19510.716940,0.000000,0.372375,-92.000000,-0.228583,89.564132,-89.893247,0.001863,-0.999969,0.007607
7606,gamma,0.510999,817.406550,1.404788,-92.000000,-0.955158,57.042265,-57.002858,0.456956,-0.703728,0.544020
7294,neutron,19511.576325,1054.830700,0.347286,-92.000000,2.603115,90.000000,-90.000000,0.000000,-1.000000,0.000000
7562,neutron,19508.283282,4151.351154,1.449641,-92.000000,-1.136170,90.148740,-89.259577,0.012922,-0.999913,-0.002596
7392,gamma,0.182449,1946.539569,1.623684,-92.000000,-1.211932,87.234839,-103.145178,-0.227154,-0.972663,0.048242
7608,neutron,12507.150957,747.957973,-1.434273,-92.000000,2.525658,92.579116,-90.967584,-0.016870,-0.998845,-0.044999
7295,neutron,10.084278,3155.738125,2.221299,-92.000000,-2.294409,80.172312,-66.266602,0.396575,-0.901995,0.170686
7609,neutron,19511.576325,1054.397056,-0.818288,-92.000000,-0.104445,90.000000,-90.000000,0.000000,-1.000000,0.000000
7296,gamma,0.169357,636.613849,-1.162947,-92.000000,2.880389,96.784463,-91.942452,-0.033658,-0.992427,-0.118135
7610,gamma,0.083691,1674.172845,1.219713,-92.000000,0.440952,92.992367,-66.834350,0.392854,-0.918118,-0.052203
7611,neutron,19511.576325,0.000000,2.003730,-92.000000,-2.736964,90.000000,-90.000000,0.000000,-1.000000,0.000000
7612,neutron,19510.600040,464.933157,0.563789,-92.000000,1.243984,89.623434,-90.294907,-0.005147,-0.999965,0.006572
7563,gamma,1.978363,1827.853191,-0.978293,-92.000000,2.004152,104.397990,-69.905085,0.332785,-0.909629,-0.248656
7564,neutron,823.414954,1013.945878,2.611117,-92.000000,-0.211011,81.335212,-50.078366,0.634415,-0.758170,0.150653
7613,neutron,0.073427,1889.168381,1.571428,-92.000000,-0.705551,67.574106,-92.952936,-0.047620,-0.923146,0.381488
7614,neutron,19511.576325,0.000000,-0.466119,-92.000000,-1.063294,90.000000,-90.000000,0.000000,-1.000000,0.000000
7615,neutron,19511.576325,0.000000,2.145104,-92.000000,2.077356,90.000000,-90.000000,0.000000,-1.000000,0.000000
7616,neutron,19511.576325,0.000000,-2.916393,-92.000000,1.342943,90.000000,-90.000000,0.000000,-1.000000,0.000000
7394,pi+,584.679283,2965.730945,-0.192266,-92.000000,0.945538,118.753218,-88.812480,0.018169,-0.876511,-0.481038
7565,neutron,19511.576325,470.266298,2.406450,-92.000000,-1.339257,90.000000,-90.000000,0.000000,-1.000000,0.000000
7566,neutron,19511.576325,0.000000,-1.406900,-92.000000,1.244215,90.000000,-90.000000,0.000000,-1.000000,0.000000
7617,gamma,0.141750,416.270482,-0.798084,-92.000000,0.310670,104.421661,-79.232304,0.180940,-0.951437,-0.249056
7297,gamma,385.804948,3148.187570,-1.440337,-92.000000,2.777254,86.733321,-91.479173,-0.025772,-0.998042,0.056983
7298,neutron,3.296788,2.851853,-0.224327,-92.000000,1.677736,102.651830,-52.595860,0.592684,-0.775083,-0.219026
7299,gamma,0.298975,2338.591982,-2.419334,-92.000000,0.965070,44.651365,-115.982276,-0.307888,-0.631760,0.711396
7700,nu_e,22.113087,2206.584319,1.328677,-92.000000,-0.005659,103.666622,-66.856890,0.381901,-0.893491,-0.236272
7395,neutron,0.000006,4176.524546,1.137816,-92.000000,-0.590420,116.677625,-83.814960,0.096271,-0.888346,-0.448970
7618,gamma,0.280310,3383.755639,2.150898,-92.000000,-0.802220,106.967818,-102.255914,-0.203038,-0.934670,-0.291835
7701,gamma,0.494451,1462.067335,-1.621912,-92.000000,-1.193797,114.480165,-94.545683,-0.072129,-0.907242,-0.414378
7568,neutron,252.471721,3185.169948,1.914694,-92.000000,1.424626,86.677107,-61.832371,0.471259,-0.880088,0.057963
7396,gamma,0.138018,2385.194262,-0.599850,-92.000000,-0.935553,108.621278,-59.521780,0.480658,-0.816706,-0.319311
7619,gamma,0.126480,2739.235094,-2.962247,-92.000000,1.171153,84.828506,-138.509541,-0.746017,-0.659799,0.090137
7620,neutron,19511.266932,0.000000,1.922946,-92.000000,-2.646341,89.759973,-90.121999,-0.002129,-0.999989,0.004189
7621,neutron,19511.576325,804.670583,-2.003371,-92.000000,-0.638334,90.000000,-90.000000,0.000000,-1.000000,0.000000
7703,proton,15480.962347,800.968432,-1.836281,-92.000000,1.197896,89.758289,-90.092200,-0.001609,-0.999990,0.004219
7622,neutron,1.286306,1409.620401,0.988239,-92.000000,0.625731,116.627377,-44.994588,0.632171,-0.632051,-0.448186
7623,neutron,19511.576325,0.000000,2.434126,-92.000000,0.496056,90.000000,-90.000000,0.000000,-1.000000,0.000000
7624,proton,4184.135620,1390.987018,2.051111,-92.000000,-1.826566,93.193715,-94.178754,-0.072755,-0.995793,-0.055712
7397,pi+,3089.832692,3117.232454,0.301889,-92.000000,-0.724696,85.477737,-94.965983,-0.086295,-0.993145,0.078846
7569,e+,292.160878,792.709848,-0.415195,-92.000000,1.234193,87.365400,-89.668910,0.005772,-0.998926,0.045966
7704,neutron,72.675396,3462.227089,-2.025603,-92.000000,-1.475920,100.996014,-117.006108,-0.445749,-0.874601,-0.190741
7625,neutron,19510.571889,469.127932,2.582114,-92.000000,-1.742266,89.796324,-89.559677,0.007685,-0.999964,0.003555
7398,neutron,55.281798,2022.601441,2.091954,-92.000000,1.544565,43.095006,-102.387688,-0.146566,-0.667304,0.730222
7705,neutron,1.756538,2566.657366,1.455973,-92.000000,1.223987,103.668258,-63.464881,0.434095,-0.869324,-0.236300
7399,proton,1012.961914,569.344538,1.020394,-92.000000,-2.498361,83.078578,-97.541954,-0.130296,-0.984124,0.120508
7570,neutron,79.529960,3846.422629,-0.970170,-92.000000,0.778764,76.114382,-118.859360,-0.468556,-0.850213,0.239984
7800,neutron,19509.367923,1080.619296,-2.793172,-92.000000,2.919040,90.295556,-89.245974,0.013160,-0.999900,-0.005158
7706,pi-,2639.691530,1056.212851,1.838896,-92.000000,-2.789112,86.758641,-87.834676,0.037723,-0.997687,0.056542
7626,neutron,9.648267,709.898037,-1.239134,-92.000000,-0.691459,76.996924,-100.347445,-0.175011,-0.958512,0.225003
7571,gamma,0.210968,2988.699661,-2.982167,-92.000000,-1.573435,83.471471,-124.790381,-0.566876,-0.815920,0.113698
7572,neutron,19511.194022,0.000000,0.126899,-92.000000,0.388571,90.223850,-89.801322,0.003468,-0.999986,-0.003907
7707,e+,31.833389,647.693446,1.822835,-92.000000,-2.716679,87.769375,-83.100675,0.120034,-0.992006,0.038922
7573,anti_nu_mu,19.800886,1908.049536,0.977516,-92.000000,-0.713228,123.799886,-100.364981,-0.149509,-0.817425,-0.556294
7708,gamma,0.123826,2541.047043,-1.707086,-92.000000,-1.722162,65.388500,-125.457244,-0.527395,-0.740549,0.416463
7628,gamma,3.703666,2959.789394,0.268455,-92.000000,0.940678,45.305336,-94.573830,-0.056687,-0.708601,0.703329
7709,gamma,482.558217,2419.494278,1.050585,-92.000000,2.008031,57.731364,-87.398604,0.038377,-0.844683,0.533890
7629,neutron,19511.143350,1629.096952,2.520593,-92.000000,-2.388325,89.917344,-89.692391,0.005369,-0.999985,0.001443
7802,proton,6008.451881,3575.219601,-1.814965,-92.000000,0.532991,93.572157,-89.132645,0.015108,-0.997943,-0.062306
7803,neutron,19511.576325,0.000000,2.055554,-92.000000,2.117413,90.000000,-90.000000,0.000000,-1.000000,0.000000
7574,gamma,2.642075,2785.724964,2.143276,-92.000000,-1.485559,121.397379,-41.588382,0.638416,-0.566581,-0.520971
7575,proton,18726.165686,95.669863,2.713776,-92.000000,2.653011,89.778233,-89.959753,0.000702,-0.999992,0.003871
7576,neutron,19511.576325,61.622012,0.806863,-92.000000,-0.811908,90.000000,-90.000000,0.000000,-1.000000,0.000000
7577,neutron,19511.576325,0.000000,0.314766,-92.000000,2.770231,90.000000,-90.000000,0.000000,-1.000000,0.000000
7578,neutron,15.516550,6.694714,0.707191,-92.000000,0.614421,84.293743,-125.664743,-0.580152,-0.808417,0.099428
7710,gamma,0.224283,2312.050738,-0.893046,-92.000000,-0.227425,99.386793,-100.349305,-0.177243,-0.970558,-0.163099
7711,neutron,19511.531182,0.000000,0.933346,-92.000000,-0.555511,89.998620,-89.903778,0.001679,-0.999999,0.000024
7712,neutron,19511.576325,0.000000,-0.619934,-92.000000,0.709101,90.000000,-90.000000,0.000000,-1.000000,0.000000
7579,pi-,6765.277812,1128.505167,-0.468723,-92.000000,2.089576,88.565870,-89.454711,0.009514,-0.999641,0.025028
7630,pi+,1395.485002,4043.630120,0.868917,-92.000000,-0.465335,86.283359,-91.437454,-0.025033,-0.997583,0.064822
7631,neutron,19511.576325,0.000000,-0.758153,-92.000000,-1.502611,90.000000,-90.000000,0.000000,-1.000000,0.000000
7805,gamma,0.866258,218.525148,-0.742640,-92.000000,-0.998816,55.026526,-58.208708,0.431691,-0.696483,0.573197
7806,neutron,19510.979095,0.000000,1.907558,-92.000000,1.154733,89.684528,-89.848358,0.002647,-0.999981,0.005506
7807,neutron,19511.576325,149.025403,1.913132,-92.000000,1.730520,90.000000,-90.000000,0.000000,-1.000000,0.000000
7713,gamma,1.468178,3669.171164,-1.143864,-92.000000,-1.540118,99.790928,-120.753755,-0.503902,-0.846856,-0.170053
7714,neutron,19511.453619,0.000000,-1.961663,-92.000000,-0.207974,90.111395,-90.194632,-0.003397,-0.999992,-0.001944
7808,neutron,10761.779817,1066.124243,-1.920464,-92.000000,0.849401,86.628145,-89.243850,0.013174,-0.998182,0.058816
7580,pi+,3622.512946,3673.073040,-1.508892,-92.000000,0.407208,94.417328,-87.444018,0.044463,-0.996038,-0.077021
7809,neutron,19511.576325,2296.053317,-1.120135,-92.000000,-2.216878,90.000000,-90.000000,0.000000,-1.000000,0.000000
7581,gamma,0.071359,288.739409,0.034495,-92.000000,-0.696667,59.418649,-134.505042,-0.603472,-0.613990,0.508761
7633,neutron,19511.576325,939.117372,0.789056,-92.000000,-0.079135,90.000000,-90.000000,0.000000,-1.000000,0.000000
7582,gamma,0.207277,1593.782753,1.289962,-92.000000,-2.998539,121.269681,-63.718608,0.378459,-0.766380,-0.519067
7715,proton,243.572524,353.569984,-2.856550,-92.000000,-0.323615,85.657798,-70.818998,0.327610,-0.941774,0.075713
7716,neutron,19511.576325,0.000000,2.014227,-92.000000,0.001608,90.000000,-90.000000,0.000000,-1.000000,0.000000
7634,neutron,5.251108,1681.869820,-2.605339,-92.000000,0.156489,110.395685,-83.769040,0.101732,-0.931771,-0.348501
7635,neutron,19511.576325,1054.247593,0.818257,-92.000000,-2.654618,90.000000,-90.000000,0.000000,-1.000000,0.000000
7810,neutron,0.004872,3327.182140,2.020477,-92.000000,1.829178,57.695611,-72.209248,0.258250,-0.804801,0.534417
7811,neutron,19511.576325,0.000000,0.603678,-92.000000,0.511007,90.000000,-90.000000,0.000000,-1.000000,0.000000
7812,neutron,19511.576325,0.000000,-0.130630,-92.000000,2.440199,90.000000,-90.000000,0.000000,-1.000000,0.000000
7813,neutron,19511.567746,0.619213,2.479922,-92.000000,1.236115,90.056970,-89.983553,0.000287,-0.999999,-0.000994
7583,mu-,2657.622798,516.434922,2.834658,-92.000000,2.799601,87.972862,-87.459168,0.044304,-0.998392,0.035373
7717,pi-,1492.452298,3127.831788,0.554303,-92.000000,-0.956885,75.300346,-106.735742,-0.278533,-0.926299,0.253752
7718,neutron,19511.293092,43.135322,1.695140,-92.000000,0.124910,89.888479,-90.321942,-0.005619,-0.999982,0.001946
7814,nu_mu,138.854796,609.683647,-2.670375,-92.000000,1.660772,93.695439,-88.882041,0.019470,-0.997731,-0.064453
7584,neutron,1169.758866,1201.662137,-1.740609,-92.000000,0.697704,82.806215,-90.646898,-0.011201,-0.992065,0.125226
7585,neutron,19511.576325,0.000000,1.316993,-92.000000,2.727267,90.000000,-90.000000,0.000000,-1.000000,0.000000
7719,neutron,18707.593593,2131.428726,2.453727,-92.000000,0.000544,90.693192,-90.685900,-0.011970,-0.999855,-0.012098
7636,gamma,0.237986,3559.585016,1.496682,-92.000000,-2.526377,110.875981,-63.491938,0.417024,-0.836127,-0.356346
7815,neutron,19511.576325,2428.817565,-1.347608,-92.000000,-0.884994,90.000000,-90.000000,0.000000,-1.000000,0.000000
7720,gamma,0.551353,397.905647,1.453264,-92.000000,-0.639800,82.822540,-114.686304,-0.414377,-0.901488,0.124943
7816,neutron,7.376028,842.513691,2.504659,-92.000000,0.215487,59.724125,-44.996441,0.610701,-0.610625,0.504164
7817,neutron,19511.576325,0.002457,-2.576181,-92.000000,2.190297,90.000000,-90.000000,0.000000,-1.000000,0.000000
7637,neutron,19511.576325,2708.400676,1.333342,-92.000000,-0.265527,90.000000,-90.000000,0.000000,-1.000000,0.000000
7586,neutron,976.043732,2089.714920,-1.461563,-92.000000,2.753820,84.951860,-85.332084,0.081065,-0.992817,0.087993
7587,neutron,19511.576325,71.206609,1.652172,-92.000000,1.123537,90.000000,-90.000000,0.000000,-1.000000,0.000000
7818,neutron,12663.735541,888.995793,-2.633586,-92.000000,0.298675,90.254236,-92.142784,-0.037390,-0.999291,-0.004437
7589,neutron,19511.576325,0.000000,-1.882644,-92.000000,-0.135082,90.000000,-90.000000,0.000000,-1.000000,0.000000
7819,neutron,19511.474449,936.500699,2.914012,-92.000000,2.867356,90.104032,-90.114231,-0.001994,-0.999996,-0.001816
7638,gamma,492.651530,2152.601565,-2.570604,-92.000000,0.112988,95.099193,-90.490372,-0.008525,-0.996006,-0.088880
7721,neutron,16.801053,442.933013,-2.719804,-92.000000,-1.889961,66.885689,-132.021347,-0.615670,-0.683258,0.392567
7722,neutron,19511.576325,0.061408,-2.322154,-92.000000,-1.177552,90.000000,-90.000000,0.000000,-1.000000,0.000000
7821,neutron,19511.576325,2214.583931,1.955523,-92.000000,0.283533,90.000000,-90.000000,0.000000,-1.000000,0.000000
7822,neutron,19511.518521,0.000000,1.020937,-92.000000,-1.176332,89.874045,-89.911534,0.001544,-0.999996,0.002198
7639,neutron,19511.576325,1542.194364,-1.244382,-92.000000,0.601190,90.000000,-90.000000,0.000000,-1.000000,0.000000
7823,neutron,19511.576325,776.995981,-1.650857,-92.000000,2.113422,90.000000,-90.000000,0.000000,-1.000000,0.000000
7824,neutron,19511.575866,0.000000,2.240681,-92.000000,-0.340141,90.013148,-89.996088,0.000068,-1.000000,-0.000229
7640,neutron,19511.576325,752.199524,-2.756613,-92.000000,1.531637,90.000000,-90.000000,0.000000,-1.000000,0.000000
7825,proton,26.619697,253.175719,-2.845027,-92.000000,-1.070961,134.512146,-124.741404,-0.406378,-0.585979,-0.701060
7826,neutron,19452.113297,0.000000,-1.461736,-92.000000,-2.772910,89.445349,-90.756690,-0.013206,-0.999866,0.009680
7827,neutron,19511.576325,0.000000,2.036208,-92.000000,-0.192974,90.000000,-90.000000,0.000000,-1.000000,0.000000
7828,neutron,19511.459818,0.114234,2.782917,-92.000000,-2.198165,89.952408,-90.213273,-0.003722,-0.999993,0.000831
7591,neutron,19511.576325,0.000000,-0.261417,-92.000000,-0.960778,90.000000,-90.000000,0.000000,-1.000000,0.000000
7592,neutron,19511.576325,471.874393,-2.984077,-92.000000,-2.368558,90.000000,-90.000000,0.000000,-1.000000,0.000000
7829,neutron,0.000004,649.576886,2.450376,-92.000000,1.382752,93.584424,-102.492544,-0.215889,-0.974414,-0.062519
7830,neutron,19511.576325,766.572414,2.843601,-92.000000,-0.739810,90.000000,-90.000000,0.000000,-1.000000,0.000000
7642,neutron,19511.492267,0.000000,-0.435287,-92.000000,-1.921125,89.912721,-90.109902,-0.001918,-0.999997,0.001523
7831,neutron,19511.522664,1028.505224,-2.857220,-92.000000,-2.692330,89.906153,-89.849643,0.002624,-0.999995,0.001638
7723,proton,2951.547460,4809.800218,1.046129,-92.000000,-1.003318,83.855287,-86.536463,0.060066,-0.992439,0.107040
7644,neutron,0.066658,825.658825,1.350230,-92.000000,1.538403,72.995290,-74.836193,0.250143,-0.922985,0.292450
7832,proton,11965.084507,1696.590110,-0.242397,-92.000000,-1.506265,87.950728,-89.212801,0.013730,-0.999266,0.035759
7833,neutron,19511.576325,0.000000,2.900610,-92.000000,-0.879935,90.000000,-90.000000,0.000000,-1.000000,0.000000
7645,neutron,19511.576325,285.773098,-2.825090,-92.000000,-2.650704,90.000000,-90.000000,0.000000,-1.000000,0.000000
7834,neutron,19511.576325,0.000000,0.776320,-92.000000,2.828707,90.000000,-90.000000,0.000000,-1.000000,0.000000
7593,gamma,0.510999,2419.443142,1.976708,-92.000000,1.370584,67.880601,-86.683191,0.053599,-0.924849,0.376538
7594,neutron,10588.209658,105.504699,1.485562,-92.000000,-2.793328,90.500420,-88.513244,0.025945,-0.999625,-0.008734
7646,neutron,19509.746557,2504.502476,-1.125345,-92.000000,-2.645225,90.154727,-90.636275,-0.011105,-0.999935,-0.002700
7724,neutron,13030.639718,542.163494,0.864131,-92.000000,-2.808978,91.201699,-89.692430,0.005367,-0.999766,-0.020972
7595,pi+,11234.302672,1618.568311,1.385118,-92.000000,-1.112927,92.374729,-87.721942,0.039715,-0.998352,-0.041435
7725,neutron,19510.848231,2352.929240,2.519902,-92.000000,-0.641842,89.471785,-90.049686,-0.000867,-0.999957,0.009219
7835,neutron,2.203634,3371.366231,1.414975,-92.000000,2.680900,69.937921,-49.294315,0.612601,-0.712071,0.343038
7726,neutron,10330.107186,697.671710,0.675944,-92.000000,-2.652592,90.538675,-90.174990,-0.003054,-0.999951,-0.009402
7836,neutron,19511.141175,1736.455506,0.977262,-92.000000,0.835103,90.212558,-90.364922,-0.006369,-0.999973,-0.003710
7647,proton,4668.247699,2998.501582,1.937261,-92.000000,0.256021,91.442933,-92.760670,-0.048149,-0.998523,-0.025181
7648,neutron,19511.576325,0.000000,2.883697,-92.000000,0.421810,90.000000,-90.000000,0.000000,-1.000000,0.000000
7596,proton,1341.370771,4201.375533,-1.827831,-92.000000,2.972202,63.552881,-95.706322,-0.089024,-0.890909,0.445372
7727,neutron,24.220343,2005.191320,-0.961354,-92.000000,-2.734731,96.125825,-69.796419,0.343385,-0.933113,-0.106712
7598,neutron,19511.532616,0.000000,-2.651092,-92.000000,-1.027790,90.010034,-90.094158,-0.001643,-0.999999,-0.000175
7649,gamma,299.302164,646.531825,2.058715,-92.000000,-0.764743,98.009192,-109.213461,-0.325878,-0.935088,-0.139332
7599,gamma,0.087745,1556.438696,2.393374,-92.000000,-0.870677,63.768658,-62.014016,0.420930,-0.792122,0.441997
7837,neutron,190.467107,5276.419292,1.296793,-92.000000,1.803447,82.610286,-62.640331,0.455758,-0.880762,0.128618
7650,neutron,19511.576325,1010.932795,-0.979019,-92.000000,1.136663,90.000000,-90.000000,0.000000,-1.000000,0.000000
7728,proton,242.088896,3699.379529,0.475482,-92.000000,2.183537,78.160508,-119.347374,-0.479677,-0.853121,0.205171
7729,neutron,19511.576325,0.000000,-1.758457,-92.000000,2.243583,90.000000,-90.000000,0.000000,-1.000000,0.000000
7651,anti_nu_mu,51.480341,0.000000,-1.170049,-92.000000,0.506306,94.784745,-92.458789,-0.042751,-0.995598,-0.083413
7730,neutron,19002.014675,1328.519002,-2.765559,-92.000000,-0.978328,91.154105,-89.076336,0.016117,-0.999667,-0.020142
7838,neutron,231.390561,1146.262219,2.784978,-92.000000,0.431224,117.236851,-92.629780,-0.040795,-0.888186,-0.457670
7900,neutron,222.212799,1850.725993,-0.745881,-92.000000,-1.745041,93.482328,-100.028165,-0.173811,-0.982904,-0.060741
7839,pi-,1986.476985,418.155834,1.158788,-92.000000,-2.434702,89.770160,-95.172120,-0.090147,-0.995920,0.004011
7731,gamma,0.071345,1035.563380,-2.198783,-92.000000,-1.573036,88.324713,-76.892272,0.226686,-0.973529,0.029235
7652,mu+,196.179382,217.131698,0.825424,-92.000000,0.713499,134.726696,-88.212555,0.022161,-0.710126,-0.703726
7653,neutron,0.370496,4.031562,1.458017,-92.000000,-2.729799,97.273766,-72.052298,0.305669,-0.943682,-0.126610
7732,neutron,31.403127,1620.905825,-1.800830,-92.000000,2.006793,107.183753,-93.912504,-0.065187,-0.953136,-0.295437
7901,gamma,34.424704,1862.886513,-1.822177,-92.000000,0.023784,91.299112,-86.600534,0.059282,-0.997984,-0.022672
7733,pi+,7237.906953,1196.505216,-2.290890,-92.000000,-0.091974,98.765241,-88.837542,0.020050,-0.988118,-0.152386
7840,neutron,214.819499,3319.998850,1.524675,-92.000000,-0.960047,102.418239,-103.004690,-0.219766,-0.951556,-0.215046
7655,neutron,19511.235830,0.000000,-1.863073,-92.000000,-2.769366,90.255718,-89.880029,0.002094,-0.999988,-0.004463
7656,neutron,19511.576325,0.166871,-1.764891,-92.000000,-2.992902,90.000000,-90.000000,0.000000,-1.000000,0.000000
7841,neutron,19511.576325,2998.316613,-1.030672,-92.000000,2.678749,90.000000,-90.000000,0.000000,-1.000000,0.000000
7842,neutron,19511.576325,0.000000,2.083653,-92.000000,-1.483447,90.000000,-90.000000,0.000000,-1.000000,0.000000
7843,neutron,19511.456256,0.000000,-1.646261,-92.000000,-0.621627,90.166101,-89.976658,0.000407,-0.999996,-0.002899
7734,mu+,1140.676996,89.147830,1.151205,-92.000000,2.397858,86.995620,-89.765948,0.004079,-0.998617,0.052412
7657,neutron,6.834637,3404.434110,-0.429745,-92.000000,1.382455,59.052567,-92.307576,-0.034532,-0.856944,0.514251
7844,pi+,475.034978,1046.286345,-2.012981,-92.000000,-0.578002,95.889659,-122.812225,-0.539027,-0.836015,-0.102613
7902,gamma,0.285406,1500.193678,-1.406955,-92.000000,0.541193,36.715404,-87.717338,0.023812,-0.597366,0.801615
7735,gamma,0.588589,1630.772396,1.390772,-92.000000,1.881244,48.388641,-62.376154,0.346667,-0.662440,0.664074
7658,neutron,3.563851,4261.806931,-0.006777,-92.000000,2.467520,56.349452,-80.447342,0.138146,-0.820890,0.554126
7736,pi+,2162.547914,2298.371286,-0.890294,-92.000000,-2.158154,83.762143,-86.012654,0.069124,-0.991673,0.108656
7737,neutron,19511.576325,0.000000,-2.396602,-92.000000,0.707495,90.000000,-90.000000,0.000000,-1.000000,0.000000
7659,neutron,163.328125,1164.069245,-0.085762,-92.000000,-2.380854,116.901034,-117.217946,-0.407883,-0.793044,-0.452451
7660,neutron,19511.576325,537.354088,-0.851615,-92.000000,-1.849103,90.000000,-90.000000,0.000000,-1.000000,0.000000
7845,gamma,0.353154,3898.774017,0.471147,-92.000000,-2.385036,110.160595,-91.380362,-0.022614,-0.938458,-0.344653
7846,neutron,19511.445703,50.328977,2.766430,-92.000000,-2.445688,90.169537,-90.082022,-0.001432,-0.999995,-0.002959
7903,neutron,19511.576325,1647.487566,1.265945,-92.000000,-0.081721,90.000000,-90.000000,0.000000,-1.000000,0.000000
7904,neutron,19511.203885,0.000000,-1.319200,-92.000000,0.253553,89.979099,-89.609860,0.006809,-0.999977,0.000365
7738,neutron,3147.873964,1656.557996,-1.711920,-92.000000,-1.336037,82.754306,-89.431040,0.009851,-0.991966,0.126124
7739,neutron,19511.576325,0.000000,2.695144,-92.000000,-2.090433,90.000000,-90.000000,0.000000,-1.000000,0.000000
7847,pi+,621.472994,2369.834845,2.040689,-92.000000,2.744977,69.116696,-76.143592,0.223757,-0.907119,0.356466
7848,neutron,19511.576325,0.000000,2.337450,-92.000000,1.916568,90.000000,-90.000000,0.000000,-1.000000,0.000000
7661,proton,233.127466,2241.975645,0.916327,-92.000000,2.165010,68.342015,-91.392680,-0.022589,-0.929129,0.369065
7740,gamma,6.314609,102.324219,-1.816632,-92.000000,-2.130494,78.297341,-134.637198,-0.688010,-0.696779,0.202833
7741,neutron,19511.362827,0.000000,-0.447600,-92.000000,2.613247,90.188271,-90.120750,-0.002107,-0.999992,-0.003286
7906,neutron,19317.209241,1402.376997,-0.868091,-92.000000,2.642621,88.625086,-90.496122,-0.008656,-0.999675,0.023994
7850,neutron,1.799560,1591.119942,-2.460414,-92.000000,-0.185321,97.352892,-105.786107,-0.269810,-0.954371,-0.127980
7662,gamma,0.083952,1768.196561,1.720767,-92.000000,-1.686647,118.056737,-96.566197,-0.100913,-0.876694,-0.470346
7851,gamma,0.291876,1244.196514,1.708761,-92.000000,2.957109,88.609327,-109.683719,-0.336729,-0.941289,0.024269
7852,neutron,19511.481018,541.798047,1.876840,-92.000000,1.417761,90.106382,-90.104952,-0.001832,-0.999997,-0.001857
7908,neutron,19511.576325,666.561317,0.565006,-92.000000,0.629062,90.000000,-90.000000,0.000000,-1.000000,0.000000
7663,neutron,19511.576325,1974.525785,-2.499076,-92.000000,1.386581,90.000000,-90.000000,0.000000,-1.000000,0.000000
7742,kaon+,253.310445,2480.050294,0.202279,-92.000000,-0.573628,69.592978,-79.915574,0.164110,-0.922760,0.348687
7664,proton,927.196075,2117.902035,0.064751,-92.000000,-0.245083,92.861798,-81.656225,0.144931,-0.988181,-0.049927
7665,neutron,19511.576325,0.000000,-2.321782,-92.000000,-2.860504,90.000000,-90.000000,0.000000,-1.000000,0.000000
7909,gamma,2.161610,1335.458416,-0.911430,-92.000000,-2.449564,85.530039,-74.861947,0.260351,-0.962363,0.077936
7666,neutron,19178.960123,1736.851657,-1.387808,-92.000000,2.173997,91.640669,-89.228227,0.013464,-0.999499,-0.028631
7910,pi-,2115.255588,506.215358,1.541061,-92.000000,0.763839,88.532400,-96.506066,-0.113271,-0.993234,0.025612
7743,neutron,0.160293,1543.917598,0.811592,-92.000000,1.837652,73.659675,-38.230683,0.753796,-0.593833,0.281342
7853,gamma,3.365809,31.324580,-2.192739,-92.000000,2.978813,69.332867,-71.247711,0.300789,-0.885980,0.352938
7667,neutron,1.845429,829.176873,1.053140,-92.000000,-0.071875,97.490590,-119.918673,-0.494514,-0.859338,-0.130363
7911,gamma,0.246897,1200.382246,-0.574632,-92.000000,-0.920619,86.682297,-72.311194,0.303338,-0.951124,0.057872
7912,proton,12748.038880,953.857993,2.685618,-92.000000,2.978946,89.519249,-89.137147,0.015059,-0.999851,0.008391
7854,gamma,1948.392799,345.670341,-1.042625,-92.000000,0.995398,88.977984,-90.371506,-0.006483,-0.999820,0.017837
7744,neutron,0.000003,3045.738499,1.798946,-92.000000,-2.222033,112.968270,-44.931115,0.651830,-0.650265,-0.390221
7668,gamma,0.314446,2579.489231,2.235352,-92.000000,0.950696,54.864422,-86.264005,0.053287,-0.816055,0.575513
7913,gamma,0.198008,1170.861416,0.639646,-92.000000,1.670073,102.546103,-38.036910,0.768807,-0.601456,-0.217225
7669,deuteron,73.625764,2405.357088,0.236659,-92.000000,1.372551,81.340205,-57.547662,0.530481,-0.834218,0.150567
7670,neutron,19511.576325,0.000000,0.152498,-92.000000,0.572812,90.000000,-90.000000,0.000000,-1.000000,0.000000
7745,pi+,1014.519796,2788.154941,-0.955169,-92.000000,-0.036066,98.927420,-123.581373,-0.546420,-0.823009,-0.155183
7914,gamma,1.159814,787.623890,-0.220064,-92.000000,0.666876,97.187712,-67.826857,0.374441,-0.918770,-0.125120
7855,neutron,0.006446,2627.021662,1.283829,-92.000000,1.337702,75.668672,-69.609736,0.337570,-0.908172,0.247529
7856,neutron,72.590195,317.502037,1.634219,-92.000000,-0.068650,82.111081,-72.092104,0.304578,-0.942547,0.137253
7857,neutron,19511.576325,1164.682164,-1.021251,-92.000000,1.338611,90.000000,-90.000000,0.000000,-1.000000,0.000000
7915,gamma,2119.555565,3292.783345,-1.594260,-92.000000,-0.081626,95.489598,-74.226472,0.270589,-0.957930,-0.095665
7671,gamma,0.326605,3241.963480,0.630025,-92.000000,-0.157340,107.028026,-124.325845,-0.539178,-0.789640,-0.292839
7746,gamma,5.422844,3269.950836,-0.640738,-92.000000,0.045196,80.368640,-53.801752,0.582257,-0.795604,0.167308
7747,neutron,19511.294553,0.086764,-2.409262,-92.000000,-1.951198,89.743558,-90.016190,-0.000283,-0.999990,0.004476
7748,neutron,19451.352964,0.000000,1.828788,-92.000000,0.751539,89.409524,-90.943455,-0.016465,-0.999811,0.010306
7858,neutron,0.308945,1387.241400,2.794197,-92.000000,-0.424812,130.153780,-87.987661,0.026839,-0.763845,-0.644841
7916,neutron,0.109354,890.830542,2.575797,-92.000000,0.796350,61.217315,-94.389404,-0.067079,-0.873882,0.481489
7859,neutron,19511.576325,205.856400,1.406892,-92.000000,1.761511,90.000000,-90.000000,0.000000,-1.000000,0.000000
7860,neutron,19392.190764,0.000000,-2.437212,-92.000000,-2.078037,89.839413,-88.646540,0.023620,-0.999717,0.002803
7917,neutron,19511.576325,937.004258,-2.181040,-92.000000,2.980937,90.000000,-90.000000,0.000000,-1.000000,0.000000
7749,neutron,3.031306,1373.369856,1.984271,-92.000000,-2.167569,90.846071,-56.084574,0.557908,-0.829772,-0.014766
7750,gamma,6.270154,99.753152,-1.984341,-92.000000,-0.705004,119.266252,-114.134524,-0.356690,-0.796103,-0.488869
7751,neutron,19511.576325,0.000000,-2.716153,-92.000000,-0.256570,90.000000,-90.000000,0.000000,-1.000000,0.000000
7672,pi+,716.962985,1998.180388,-1.048371,-92.000000,-1.908800,116.407300,-109.949041,-0.305583,-0.841913,-0.444749
7752,neutron,6615.785178,172.055903,1.824724,-92.000000,1.996269,91.177782,-86.505808,0.060934,-0.997930,-0.020555
7861,gamma,0.397364,2124.872605,-2.054541,-92.000000,0.482808,54.295170,-72.901818,0.238746,-0.776144,0.583610
7862,proton,18645.553384,100.460814,2.786797,-92.000000,2.855257,89.217698,-89.982968,0.000297,-0.999907,0.013653
7863,neutron,19389.328848,0.000000,1.638058,-92.000000,-1.111762,90.136488,-88.711310,0.022490,-0.999744,-0.002382
7754,neutron,19511.576325,895.845592,2.777615,-92.000000,-2.820258,90.000000,-90.000000,0.000000,-1.000000,0.000000
7673,neutron,62.755906,692.190935,2.357467,-92.000000,1.481089,92.924188,-69.603064,0.348068,-0.936080,-0.051015
7919,neutron,101.109286,2676.538894,-2.276976,-92.000000,1.971942,65.075978,-100.829917,-0.170395,-0.890715,0.421416
7755,pi+,5162.148561,1187.987352,2.674172,-92.000000,-1.039402,88.884304,-89.750468,0.004354,-0.999801,0.019471
7756,neutron,19509.757291,0.000000,-1.014734,-92.000000,0.116166,90.386515,-89.497235,0.008775,-0.999939,-0.006746
7757,neutron,19511.576325,49.322218,-2.498314,-92.000000,-2.222492,90.000000,-90.000000,0.000000,-1.000000,0.000000
7674,gamma,0.810484,3048.453919,-1.134781,-92.000000,1.654924,87.388135,-82.586220,0.128900,-0.990610,0.045570
7920,neutron,113.490995,949.872440,-2.304540,-92.000000,-2.667395,115.251073,-87.531898,0.038948,-0.903608,-0.426586
7921,neutron,19511.576325,0.000000,-2.357007,-92.000000,2.472740,90.000000,-90.000000,0.000000,-1.000000,0.000000
7758,neutron,19511.576325,457.826949,2.409368,-92.000000,1.180987,90.000000,-90.000000,0.000000,-1.000000,0.000000
7864,neutron,1.464875,65.378477,1.352125,-92.000000,-0.851374,76.561704,-129.216848,-0.614946,-0.753546,0.232398
7759,kaon+,1994.467176,1289.156583,-2.541255,-92.000000,2.560509,84.921975,-83.090097,0.119836,-0.988840,0.088512
7676,neutron,19511.287906,279.228650,0.948229,-92.000000,0.678477,89.946873,-89.713911,0.004993,-0.999987,0.000927
7922,gamma,0.157564,4521.965909,-0.444242,-92.000000,2.368480,80.958308,-110.975794,-0.353525,-0.922129,0.157153
7760,neutron,128.867278,1256.538283,-0.280961,-92.000000,2.687977,92.250231,-103.030321,-0.225293,-0.973500,-0.039264
7677,gamma,6.901539,1597.262330,1.479382,-92.000000,-1.411725,80.243401,-91.726268,-0.029689,-0.985089,0.169463
7866,neutron,19511.576325,0.000000,0.207512,-92.000000,1.847149,90.000000,-90.000000,0.000000,-1.000000,0.000000
7867,neutron,19511.576325,0.000000,0.204837,-92.000000,1.169403,90.000000,-90.000000,0.000000,-1.000000,0.000000
7868,neutron,19509.578217,0.000000,-2.107935,-92.000000,-1.605269,89.764140,-89.357652,0.011211,-0.999929,0.004117
7923,gamma,0.778007,2523.097315,-1.900624,-92.000000,0.009861,73.187295,-103.287406,-0.220012,-0.931629,0.289244
7761,neutron,9.337512,694.453342,2.425462,-92.000000,-1.613791,98.849087,-87.558530,0.042092,-0.987200,-0.153832
7678,gamma,0.618296,2698.884130,0.997204,-92.000000,1.112607,66.726875,-89.561737,0.007027,-0.918605,0.395115
7924,neutron,19511.576325,1411.278473,-0.206253,-92.000000,1.118164,90.000000,-90.000000,0.000000,-1.000000,0.000000
7925,neutron,19511.576325,617.007559,-0.531019,-92.000000,1.190670,90.000000,-90.000000,0.000000,-1.000000,0.000000
7926,neutron,19511.576325,0.000000,0.954947,-92.000000,1.839448,90.000000,-90.000000,0.000000,-1.000000,0.000000
7679,neutron,0.224947,1634.322280,2.835504,-92.000000,-1.155569,108.733127,-56.141167,0.527634,-0.786421,-0.321161
7927,gamma,0.162553,633.108404,-0.184980,-92.000000,-0.841863,122.358125,-134.539649,-0.592488,-0.602087,-0.535210
7870,neutron,19511.548475,0.000000,2.489741,-92.000000,0.783681,89.948668,-90.091506,-0.001597,-0.999998,0.000896
7871,pi+,615.069740,439.770521,0.605259,-92.000000,-2.768471,94.892248,-94.060943,-0.070559,-0.993855,-0.085282
7929,neutron,19511.576325,0.240322,2.981729,-92.000000,0.064078,90.000000,-90.000000,0.000000,-1.000000,0.000000
7764,gamma,0.198732,2142.690827,1.454777,-92.000000,1.319094,104.860222,-53.663692,0.572706,-0.778611,-0.256462
7765,neutron,19511.576325,0.000000,-0.363019,-92.000000,-0.587184,90.000000,-90.000000,0.000000,-1.000000,0.000000
7873,neutron,0.482672,954.593916,0.771451,-92.000000,-0.240961,83.718344,-87.886548,0.036657,-0.993320,0.109416
7930,pi-,1512.971099,2969.791657,0.025019,-92.000000,2.026978,92.906729,-71.575847,0.315642,-0.947522,-0.050710
7766,gamma,0.593782,1848.842138,-0.346500,-92.000000,-2.453617,90.552588,-61.254484,0.480898,-0.876724,-0.009644
7874,gamma,0.193910,1437.041067,-0.979192,-92.000000,-2.284845,101.190386,-66.996611,0.383356,-0.902981,-0.194070
7932,gamma,0.533776,693.888859,-1.735028,-92.000000,-2.407653,77.065868,-78.601768,0.192613,-0.955406,0.223831
7681,proton,2325.822943,2444.022793,-0.773793,-92.000000,-2.174908,80.016314,-83.255312,0.115667,-0.978041,0.173368
7682,neutron,19511.576325,0.000000,2.917378,-92.000000,0.824398,90.000000,-90.000000,0.000000,-1.000000,0.000000
7683,neutron,19511.570263,0.000613,-0.167228,-92.000000,-2.245938,90.023078,-89.970201,0.000520,-1.000000,-0.000403
7684,pi-,586.782795,391.407484,-1.988413,-92.000000,0.661876,91.767267,-78.270922,0.203188,-0.978654,-0.030840
7685,neutron,19511.576325,0.037048,-1.102358,-92.000000,-1.475771,90.000000,-90.000000,0.000000,-1.000000,0.000000
7767,nu_mu,29.791916,82.347656,0.280744,-92.000000,0.646156,81.136992,-82.554837,0.128030,-0.979730,0.154072
7933,neutron,19511.479412,1673.315555,0.581502,-92.000000,1.815185,90.062402,-90.189276,-0.003303,-0.999994,-0.001089
7934,neutron,19509.725907,725.875022,0.161144,-92.000000,-1.524735,89.748913,-89.921299,0.001374,-0.999989,0.004382
7686,pi+,344.678260,1201.812687,2.722111,-92.000000,2.823755,86.877329,-79.055360,0.189579,-0.980353,0.054474
7936,neutron,19511.576325,149.183439,0.948095,-92.000000,1.384884,90.000000,-90.000000,0.000000,-1.000000,0.000000
7937,neutron,19511.421740,0.000000,1.709096,-92.000000,-2.415182,90.008011,-89.650588,0.006098,-0.999981,-0.000140
7876,gamma,0.335856,1478.403379,-2.977826,-92.000000,1.316303,116.254261,-109.159677,-0.294345,-0.847162,-0.442355
7877,neutron,19511.432501,2172.406362,-0.350100,-92.000000,-0.250422,89.975700,-90.170039,-0.002968,-0.999996,0.000424
7878,neutron,7.435068,1170.603792,-0.381209,-92.000000,-1.354696,83.646277,-80.707907,0.160476,-0.980816,0.110666
7879,neutron,187.402306,662.515419,2.872420,-92.000000,-0.044194,85.693081,-59.131451,0.511621,-0.855923,0.075099
7687,nu_e,14.495929,2867.689096,-2.202088,-92.000000,2.673374,57.578155,-132.458358,-0.569829,-0.622767,0.536149
7769,pi+,607.604179,2584.807675,2.378686,-92.000000,1.280657,84.513778,-75.560824,0.248210,-0.963977,0.095606
7770,neutron,19511.576325,0.000000,-0.656168,-92.000000,-0.100857,90.000000,-90.000000,0.000000,-1.000000,0.000000
7938,pi+,2596.453138,3318.165217,-0.518029,-92.000000,-1.886479,80.461492,-100.196128,-0.174571,-0.970600,0.165710
7880,pi-,1236.276021,1121.330901,-1.225850,-92.000000,-1.965038,90.762164,-120.458441,-0.506868,-0.861921,-0.013302
7688,neutron,19511.576325,2295.451130,-2.318226,-92.000000,0.371580,90.000000,-90.000000,0.000000,-1.000000,0.000000
7689,neutron,19511.576325,36.353978,2.679200,-92.000000,1.058250,90.000000,-90.000000,0.000000,-1.000000,0.000000
7690,neutron,19511.552507,0.000000,-1.729453,-92.000000,1.961709,89.973399,-90.093312,-0.001629,-0.999999,0.000464
7939,neutron,19511.576325,2809.660875,-0.276058,-92.000000,2.283954,90.000000,-90.000000,0.000000,-1.000000,0.000000
7881,pi+,786.307387,2025.909656,-0.602405,-92.000000,-1.171844,74.537763,-95.962845,-0.100124,-0.958592,0.266603
7882,neutron,19510.372204,0.000000,2.959166,-92.000000,2.798184,89.237622,-90.233907,-0.004082,-0.999903,0.013306
7883,neutron,29.582352,647.034904,-2.359238,-92.000000,2.883912,90.050517,-136.609228,-0.726685,-0.686970,-0.000882
7940,neutron,17505.755701,945.592531,-2.370874,-92.000000,-0.745049,91.936546,-89.257641,0.012949,-0.999345,-0.033793
7771,neutron,19511.576325,4371.483511,2.855154,-92.000000,0.630370,90.000000,-90.000000,0.000000,-1.000000,0.000000
7772,neutron,19511.572910,0.829787,0.410180,-92.000000,-2.896579,90.007808,-89.948644,0.000896,-1.000000,-0.000136
7691,pi+,186.465760,2212.526524,-1.396569,-92.000000,-0.215923,72.635613,-134.912386,-0.673848,-0.675912,0.298448
7884,neutron,19511.576325,3236.620880,0.361684,-92.000000,0.584723,90.000000,-90.000000,0.000000,-1.000000,0.000000
7941,gamma,0.251144,2642.561567,1.117540,-92.000000,0.424361,81.463415,-73.543028,0.280157,-0.948408,0.148441
7773,nu_mu,96.047230,2106.002904,1.944044,-92.000000,1.556997,115.253050,-82.574983,0.116879,-0.896849,-0.426617
7774,neutron,19510.851565,0.000000,-0.644734,-92.000000,2.274384,89.655721,-89.733485,0.004651,-0.999971,0.006009
7775,neutron,19511.576325,0.000000,1.416799,-92.000000,-1.871471,90.000000,-90.000000,0.000000,-1.000000,0.000000
7942,neutron,19511.576325,1314.570191,-2.940086,-92.000000,-2.745965,90.000000,-90.000000,0.000000,-1.000000,0.000000
7885,neutron,14246.941217,4018.381044,-2.767116,-92.000000,0.490583,88.136476,-89.165241,0.014561,-0.999365,0.032519
7886,neutron,19511.479821,0.000000,-0.884191,-92.000000,-0.565749,90.178601,-90.087485,-0.001527,-0.999994,-0.003117
7776,pi+,1049.878739,1479.022737,-0.186473,-92.000000,-0.862314,105.709256,-97.690129,-0.128817,-0.953990,-0.270756
7693,neutron,8053.160400,85.614496,-1.337683,-92.000000,0.875271,88.481597,-90.010118,-0.000177,-0.999649,0.026498
7694,gamma,0.346601,602.167061,1.416347,-92.000000,2.880330,50.781201,-116.049237,-0.340221,-0.696037,0.632284
7887,neutron,10.684804,3180.419750,-1.412452,-92.000000,1.584875,92.192024,-74.998033,0.258663,-0.965210,-0.038249
7888,neutron,18331.299710,222.507471,1.099654,-92.000000,2.323728,88.045119,-90.564160,-0.009841,-0.999370,0.034112
7889,neutron,19511.576325,0.000000,2.885464,-92.000000,0.905043,90.000000,-90.000000,0.000000,-1.000000,0.000000
7778,gamma,0.458238,101.106412,0.855551,-92.000000,-2.977734,106.699412,-97.988714,-0.133117,-0.948530,-0.287351
7890,pi-,1524.302771,612.904132,-0.734673,-92.000000,0.625606,80.170704,-97.701863,-0.132051,-0.976432,0.170713
7944,pi+,4069.801262,2456.291792,-0.212555,-92.000000,-2.818011,88.556542,-81.783009,0.142877,-0.989420,0.025190
7695,gamma,0.358918,1631.396642,0.608834,-92.000000,2.202840,44.036504,-106.623022,-0.198854,-0.666066,0.718897
7696,neutron,19511.576325,0.000000,1.341890,-92.000000,0.553656,90.000000,-90.000000,0.000000,-1.000000,0.000000
7891,gamma,1.100927,1552.976295,2.445668,-92.000000,2.160736,49.826361,-104.913389,-0.196646,-0.738355,0.645106
7779,neutron,0.842123,3138.979130,1.576279,-92.000000,-2.943694,132.912934,-77.289684,0.161142,-0.714442,-0.680886
7780,neutron,19372.110461,145.915862,0.640147,-92.000000,-2.256181,90.010149,-88.655681,0.023461,-0.999725,-0.000177
7781,neutron,19511.576325,0.000000,1.331615,-92.000000,-1.182392,90.000000,-90.000000,0.000000,-1.000000,0.000000
7782,neutron,19511.576325,0.000000,1.910326,-92.000000,-0.369638,90.000000,-90.000000,0.000000,-1.000000,0.000000
7697,proton,3722.576785,2812.629438,-0.400308,-92.000000,-2.611643,98.430089,-93.608839,-0.062264,-0.987234,-0.146603
7892,neutron,5.123288,2973.423733,1.585393,-92.000000,-0.562002,91.222209,-39.132886,0.775508,-0.630978,-0.021330
7783,gamma,0.315260,1621.877124,1.144233,-92.000000,-1.030408,62.813822,-121.087615,-0.459305,-0.761772,0.456883
7945,gamma,0.510999,873.063279,2.944989,-92.000000,-1.326536,62.933043,-62.826216,0.406672,-0.792190,0.455031
7946,neutron,19346.302394,0.000000,-0.009791,-92.000000,1.493432,90.017136,-90.139434,-0.002434,-0.999997,-0.000299
7698,e-,26.299135,2335.423924,2.841185,-92.000000,-1.848826,100.569000,-83.609391,0.109418,-0.976926,-0.183420
7893,gamma,206.805514,2578.628822,2.908458,-92.000000,-2.034001,102.796843,-85.359156,0.078900,-0.971964,-0.221495
7785,gamma,5.995340,969.494024,2.016776,-92.000000,2.797368,97.304606,-74.179337,0.270415,-0.954311,-0.127144
7786,neutron,19511.576325,0.000000,1.099597,-92.000000,-1.235288,90.000000,-90.000000,0.000000,-1.000000,0.000000
7894,proton,577.066705,2286.424979,-1.118538,-92.000000,1.042796,98.727364,-138.521331,-0.740528,-0.654672,-0.151733
7787,proton,18773.376080,1162.052471,1.203357,-92.000000,0.149941,88.633788,-89.282821,0.012513,-0.999637,0.023843
7895,neutron,0.000147,982.308789,-2.384743,-92.000000,1.885047,92.146385,-75.372012,0.252365,-0.966907,-0.037453
7788,neutron,19511.576325,451.142686,-0.287283,-92.000000,1.794241,90.000000,-90.000000,0.000000,-1.000000,0.000000
7699,pi+,6008.781843,525.709237,-0.265197,-92.000000,-2.846851,89.610289,-87.402203,0.045324,-0.998949,0.006802
8000,neutron,0.029278,182.013749,-0.683512,-92.000000,2.795270,55.296246,-78.855530,0.158900,-0.806604,0.569333
8001,neutron,19511.576325,0.000000,-2.947816,-92.000000,0.771284,90.000000,-90.000000,0.000000,-1.000000,0.000000
7896,neutron,7996.774731,2288.410812,1.275345,-92.000000,-0.523731,91.331618,-89.313864,0.011972,-0.999658,-0.023239
8002,neutron,10.891859,807.820672,-1.436137,-92.000000,2.307648,42.545569,-126.415863,-0.401407,-0.544139,0.736740
7948,gamma,2.017712,3109.680026,-1.577690,-92.000000,-0.256552,56.525206,-93.242552,-0.047181,-0.832793,0.551570
8003,proton,19144.200595,743.474938,2.817152,-92.000000,0.508095,90.250084,-90.537424,-0.009380,-0.999946,-0.004365
8004,neutron,19511.045916,0.000000,1.892955,-92.000000,-1.178370,89.862524,-89.675366,0.005666,-0.999981,0.002399
8005,neutron,19511.571090,0.000000,-1.700093,-92.000000,2.064642,89.964459,-89.970297,0.000518,-1.000000,0.000620
7789,proton,12066.231548,493.360489,1.169466,-92.000000,0.683080,90.623422,-91.119352,-0.019534,-0.999750,-0.010881
8006,e-,3.158016,243.722724,-1.348751,-92.000000,-0.641099,51.439139,-107.502448,-0.235168,-0.745746,0.623346
7790,neutron,2.574248,674.211918,2.335085,-92.000000,-2.308163,99.901950,-37.848030,0.777878,-0.604429,-0.171963
7897,proton,11732.610857,1818.751232,-1.862441,-92.000000,-2.584346,86.959440,-87.782380,0.038641,-0.997844,0.053043
7949,gamma,0.510999,3691.973036,0.965750,-92.000000,-0.231480,78.175217,-59.011900,0.503934,-0.839082,0.204919
7898,neutron,0.573790,2529.688359,2.124680,-92.000000,0.764669,81.379310,-55.563828,0.559099,-0.815439,0.149892
7899,neutron,209.598837,0.000000,-0.558588,-92.000000,-2.576062,139.562998,-126.100944,-0.382168,-0.524065,-0.761120
7950,neutron,224.304743,621.809253,-0.759917,-92.000000,0.627871,42.828916,-119.057807,-0.330179,-0.594244,0.733387
7951,neutron,19511.576325,0.000000,-1.669023,-92.000000,0.684990,90.000000,-90.000000,0.000000,-1.000000,0.000000
8007,neutron,140.585593,3303.819828,-1.247308,-92.000000,-2.699816,135.860588,-86.470269,0.042875,-0.695086,-0.717647
8008,neutron,19511.576325,0.000000,2.887649,-92.000000,-0.932141,90.000000,-90.000000,0.000000,-1.000000,0.000000
8009,neutron,19511.183105,964.558227,-1.484161,-92.000000,-1.391770,90.239175,-89.846831,0.002673,-0.999988,-0.004174
7791,e+,1944.740325,4844.422487,1.304082,-92.000000,0.220977,88.034500,-99.331218,-0.162046,-0.986187,0.034298
8100,neutron,1.813262,2978.394949,1.367846,-92.000000,0.097109,124.923004,-63.133330,0.370536,-0.731420,-0.572475
7952,neutron,19510.342587,4225.228725,1.037100,-92.000000,-0.631156,89.868658,-89.852047,0.002582,-0.999994,0.002292
8101,gamma,0.304335,1992.439644,1.701436,-92.000000,0.743266,97.704304,-67.359763,0.381469,-0.914609,-0.134061
8102,neutron,19511.271197,0.000000,2.501960,-92.000000,2.014976,89.928996,-90.239901,-0.004187,-0.999990,0.001239
7792,gamma,0.104628,2925.625096,0.913479,-92.000000,0.960906,84.433336,-110.877509,-0.354691,-0.929938,0.097004
7793,neutron,19511.264695,0.000000,-0.137876,-92.000000,0.460799,89.738162,-89.933203,0.001166,-0.999989,0.004570
7794,neutron,19301.413703,0.000000,-0.885864,-92.000000,0.512688,88.591772,-89.430807,0.009931,-0.999649,0.024576
7795,neutron,19511.576325,15.543021,-2.534218,-92.000000,-0.433529,90.000000,-90.000000,0.000000,-1.000000,0.000000
8010,neutron,0.000465,3763.052991,-0.807140,-92.000000,-2.667049,94.274777,-130.167601,-0.643231,-0.762035,-0.074540
7796,neutron,19511.576325,1812.178715,1.151799,-92.000000,-1.963723,90.000000,-90.000000,0.000000,-1.000000,0.000000
7798,neutron,19511.576325,0.000000,-0.746669,-92.000000,0.251505,90.000000,-90.000000,0.000000,-1.000000,0.000000
7953,pi+,718.659179,925.343706,2.188806,-92.000000,1.358669,93.997919,-75.997374,0.241378,-0.967924,-0.069720
8103,gamma,0.439019,2982.495459,-2.086696,-92.000000,-1.011925,113.064425,-98.817501,-0.141035,-0.909191,-0.391766
7954,neutron,19511.576325,516.668266,-0.300439,-92.000000,-2.324474,90.000000,-90.000000,0.000000,-1.000000,0.000000
7799,neutron,19511.576325,2190.368938,2.025801,-92.000000,2.124177,90.000000,-90.000000,0.000000,-1.000000,0.000000
7955,gamma,2.668112,128.632655,0.703362,-92.000000,-0.807668,101.766029,-88.927581,0.018323,-0.978817,-0.203916
8011,e-,0.748375,2260.934659,-2.137539,-92.000000,2.488382,102.652511,-126.018791,-0.573771,-0.789183,-0.219038
8200,gamma,10011.586405,1309.536851,2.695370,-92.000000,0.810817,91.822081,-93.061564,-0.053382,-0.998068,-0.031796
8104,pi-,2181.644649,2457.058969,0.817208,-92.000000,0.287346,93.911084,-70.389299,0.334846,-0.939801,-0.068208
8106,neutron,19511.576325,0.000000,1.606486,-92.000000,-0.420728,90.000000,-90.000000,0.000000,-1.000000,0.000000
7957,neutron,19511.576325,1923.104381,2.302929,-92.000000,-1.988575,90.000000,-90.000000,0.000000,-1.000000,0.000000
8107,neutron,52.199665,745.936828,0.045012,-92.000000,2.974678,35.091345,-84.671182,0.053390,-0.572397,0.818237
8202,neutron,19511.007468,0.000000,1.155498,-92.000000,2.428481,90.357166,-90.036015,-0.000629,-0.999980,-0.006234
8109,neutron,19511.576325,1380.162913,-1.650083,-92.000000,0.297574,90.000000,-90.000000,0.000000,-1.000000,0.000000
7958,gamma,0.430271,270.779789,3.000000,-92.142027,-1.938890,41.593494,-130.544716,-0.431524,-0.504452,0.747873
7959,gamma,0.157611,2374.744174,-0.612783,-92.000000,-1.612663,132.000565,-104.146869,-0.181629,-0.720601,-0.669138
8110,neutron,0.000035,2636.173488,-2.360742,-92.000000,-2.913456,91.719856,-95.681657,-0.098957,-0.994639,-0.030013
8203,gamma,0.428783,3952.295402,-1.209704,-92.000000,0.022343,111.473892,-104.133692,-0.227235,-0.902414,-0.366077
8204,neutron,19511.420243,281.997130,-0.506838,-92.000000,2.138330,90.001083,-89.821067,0.003123,-0.999995,-0.000019
8111,gamma,536.938226,2069.397396,-1.697278,-92.000000,0.560629,86.789272,-75.581264,0.248616,-0.966982,0.056008
8013,neutron,809.381364,3705.882074,2.168174,-92.000000,0.476018,99.350795,-54.166831,0.577648,-0.799952,-0.162479
8014,neutron,6.426599,261.064701,1.060316,-92.000000,0.057796,46.837268,-111.781377,-0.270661,-0.677338,0.684073
8015,gamma,0.109181,1370.626126,0.888365,-92.000000,0.262366,89.684677,-109.400790,-0.332169,-0.943204,0.005503
8205,gamma,0.242184,2721.176860,-2.031672,-92.000000,1.382245,102.669877,-97.034957,-0.119493,-0.968305,-0.219333
8112,neutron,10.056468,1457.397340,2.187728,-92.000000,2.793033,84.528661,-103.812809,-0.237663,-0.966657,0.095348
8016,gamma,5.664861,1455.496632,2.126979,-92.000000,0.702711,101.883515,-75.188367,0.250163,-0.946052,-0.205923
8206,mu+,642.961084,921.128468,-2.670768,-92.000000,2.008627,84.125853,-92.870946,-0.049823,-0.993501,0.102344
7961,neutron,155.764106,2309.652911,-2.857958,-92.000000,-0.268283,60.167412,-107.328390,-0.258378,-0.828111,0.497467
8113,neutron,10387.814419,2940.958012,-1.226077,-92.000000,-0.382524,91.034826,-90.382435,-0.006674,-0.999815,-0.018060
8207,e+,30.861430,4087.905865,1.769921,-92.000000,1.873477,63.934023,-63.982086,0.394036,-0.807253,0.439406
8208,neutron,19511.576325,0.000000,-2.607166,-92.000000,1.272207,90.000000,-90.000000,0.000000,-1.000000,0.000000
8209,neutron,19511.576325,0.717711,-1.179473,-92.000000,-2.433341,90.000000,-90.000000,0.000000,-1.000000,0.000000
8017,pi-,3187.087830,3211.866047,-2.988143,-92.000000,1.982212,89.275301,-98.885946,-0.154456,-0.987919,0.012648
8018,neutron,19511.142822,0.000000,-0.701089,-92.000000,-1.849166,89.938777,-89.687221,0.005459,-0.999985,0.001069
7962,gamma,0.180869,2841.071950,1.405953,-92.000000,1.732210,99.409312,-75.279934,0.250678,-0.954166,-0.163486
7963,neutron,19511.576325,885.944249,2.893088,-92.000000,2.398925,90.000000,-90.000000,0.000000,-1.000000,0.000000
7964,neutron,19511.362491,155.554477,1.611997,-92.000000,0.221739,89.947195,-90.217525,-0.003797,-0.999992,0.000922
7965,neutron,19511.576325,692.471148,-0.909098,-92.000000,-1.915776,90.000000,-90.000000,0.000000,-1.000000,0.000000
8019,proton,655.172205,2392.495782,-2.754896,-92.000000,-2.108286,101.132617,-92.017560,-0.034543,-0.980575,-0.193081
8114,neutron,1.348557,1377.924642,1.627599,-92.000000,0.562335,112.201396,-64.731767,0.395210,-0.837274,-0.377863
8115,neutron,19511.576325,0.000000,2.565505,-92.000000,-1.857153,90.000000,-90.000000,0.000000,-1.000000,0.000000
8116,neutron,19511.484719,0.000000,1.297375,-92.000000,0.947811,90.020448,-90.192682,-0.003363,-0.999994,-0.000357
7966,nu_mu,29.791916,1504.381647,-2.940885,-92.000000,0.498196,79.972147,-101.429563,-0.195136,-0.965195,0.174127
8210,neutron,0.004810,2117.765045,-0.531673,-92.000000,-2.990473,113.489324,-125.923072,-0.538081,-0.742700,-0.398578
7967,gamma,0.572952,3166.742906,-1.954180,-92.000000,-1.893284,128.347398,-106.430031,-0.221824,-0.752239,-0.620428
8117,e-,0.415269,0.415269,2.682800,-92.000000,0.010420,145.475034,-100.707397,-0.105301,-0.556897,-0.823879
8211,neutron,70.411146,757.304743,-0.487675,-92.000000,-2.247683,80.925861,-96.047095,-0.104027,-0.981990,0.157712
8118,gamma,3.308107,699.910535,1.318818,-92.000000,-0.566223,111.988498,-80.368272,0.155144,-0.914188,-0.374420
8119,neutron,19511.411284,0.685594,-2.919526,-92.000000,2.514233,89.919609,-90.179469,-0.003132,-0.999994,0.001403
8020,neutron,1129.101356,1618.013043,-2.013465,-92.000000,-1.026410,76.534415,-90.626100,-0.010627,-0.972452,0.232861
8121,gamma,0.289988,291.708098,0.202662,-92.000000,-0.554701,85.496922,-122.431457,-0.534635,-0.841428,0.078513
8021,neutron,0.770557,2794.705170,0.732673,-92.000000,-1.096396,82.656628,-77.210577,0.219553,-0.967192,0.127815
8212,e+,212.822327,3395.354283,2.838965,-92.000000,-1.234541,102.014743,-79.341169,0.180909,-0.961218,-0.208163
8213,gamma,0.115495,85.488108,2.654888,-92.000000,-2.075347,91.196845,-67.293385,0.385928,-0.922292,-0.020887
8214,neutron,19511.576325,0.000000,0.515813,-92.000000,2.380181,90.000000,-90.000000,0.000000,-1.000000,0.000000
8215,neutron,15.972758,12.278315,1.869438,-92.000000,1.355908,101.745064,-59.404034,0.498324,-0.842756,-0.203557
8023,pi-,2282.571610,1082.144524,-0.122046,-92.000000,1.890128,89.018429,-92.651104,-0.046247,-0.998783,0.017131
8123,gamma,0.896452,2571.063318,-1.600860,-92.000000,0.111838,101.130577,-107.846123,-0.300697,-0.933978,-0.193046
7970,e-,0.389187,2384.247047,2.052331,-92.000000,2.290197,115.671942,-83.166169,0.107245,-0.894886,-0.433218
7971,neutron,19511.576325,0.000000,1.558683,-92.000000,-1.379550,90.000000,-90.000000,0.000000,-1.000000,0.000000
8024,gamma,515.040009,2052.003101,-0.703903,-92.000000,1.343555,91.414831,-86.983585,0.052606,-0.998310,-0.024691
8025,neutron,19511.197646,336.898274,1.130174,-92.000000,2.637465,89.610467,-89.941115,0.001028,-0.999976,0.006799
8125,pi-,783.778539,400.129522,0.867545,-92.000000,-0.510542,117.029801,-79.994835,0.154760,-0.877224,-0.454454
7972,neutron,19511.512166,1047.401587,-1.650731,-92.000000,1.207881,89.895592,-89.935716,0.001122,-0.999998,0.001822
8216,neutron,0.000001,3179.269414,2.246497,-92.000000,2.896896,76.674449,-55.511729,0.550992,-0.802050,0.230484
8217,gamma,4.562888,4.562888,2.352784,-92.000000,-2.025830,104.815886,-58.809774,0.500663,-0.827011,-0.255714
8218,neutron,87.212563,17.710928,0.228472,-92.000000,0.764775,121.674487,-48.051424,0.568892,-0.632961,-0.525093
8026,pi-,14593.643387,473.631184,-1.597841,-92.000000,-1.731764,90.487418,-89.497443,0.008771,-0.999925,-0.008507
8219,neutron,19511.562678,44.794345,2.352334,-92.000000,0.871734,90.008733,-89.925724,0.001296,-0.999999,-0.000152
8126,neutron,19511.576325,723.791606,2.660298,-92.000000,1.572651,90.000000,-90.000000,0.000000,-1.000000,0.000000
8027,neutron,19511.576325,1108.469448,2.901728,-92.000000,0.081247,90.000000,-90.000000,0.000000,-1.000000,0.000000
8220,gamma,7.499549,1938.548715,-1.961297,-92.000000,-2.915489,123.867970,-120.381315,-0.419938,-0.716303,-0.557281
7973,neutron,5.662423,2000.568295,2.507474,-92.000000,2.113662,58.893836,-52.744409,0.518326,-0.681495,0.516625
8221,neutron,19511.572640,826.041538,-0.819377,-92.000000,2.413694,90.037380,-90.010641,-0.000186,-1.000000,-0.000652
8222,gamma,431.630978,305.668777,-2.737350,-92.000000,2.942756,90.065776,-92.986139,-0.052094,-0.998642,-0.001148
8127,gamma,0.099255,5063.433006,-0.817529,-92.000000,-2.153719,80.483026,-100.453757,-0.178945,-0.969867,0.165340
8028,nu_mu,242.033163,0.000000,-2.993432,-92.000000,-1.768411,90.968551,-92.226386,-0.038842,-0.999102,-0.016904
8223,gamma,0.077155,2279.371369,-2.214956,-92.000000,1.941848,103.499357,-108.490766,-0.308390,-0.922174,-0.233434
8128,gamma,0.104988,1409.157724,2.795027,-92.000000,0.025145,92.198632,-95.187793,-0.090354,-0.995171,-0.038364
8129,neutron,19511.576325,0.000000,-1.061030,-92.000000,0.884867,90.000000,-90.000000,0.000000,-1.000000,0.000000
8029,neutron,121.088138,2263.534643,0.257482,-92.000000,0.895613,53.285401,-51.730376,0.496496,-0.629358,0.597829
8130,gamma,0.100822,96.607290,-2.555537,-92.000000,1.133741,88.129572,-103.282268,-0.229626,-0.972731,0.032639
7975,gamma,39.487993,2560.918464,-0.327376,-92.000000,-0.593023,57.519938,-98.786915,-0.128865,-0.833678,0.537006
8131,neutron,19511.094981,691.450782,-1.988373,-92.000000,2.532743,89.588755,-90.061402,-0.001072,-0.999974,0.007178
8030,neutron,19511.576325,148.319917,-1.118304,-92.000000,1.215867,90.000000,-90.000000,0.000000,-1.000000,0.000000
8224,neutron,0.687980,3400.514356,-2.414304,-92.000000,-0.336910,108.641439,-119.299944,-0.463707,-0.826319,-0.319645
8031,neutron,19511.576325,399.561941,0.575304,-92.000000,-2.852359,90.000000,-90.000000,0.000000,-1.000000,0.000000
8225,neutron,19511.576325,0.000000,1.801783,-92.000000,2.842990,90.000000,-90.000000,0.000000,-1.000000,0.000000
8226,neutron,19511.547424,0.000000,-0.427981,-92.000000,-2.597642,89.850215,-90.035305,-0.000616,-0.999996,0.002614
8132,neutron,8388.403094,1517.531961,2.879026,-92.000000,-2.348971,92.265552,-89.044816,0.016657,-0.999079,-0.039531
8133,neutron,19511.576325,0.000000,-0.981519,-92.000000,-2.721825,90.000000,-90.000000,0.000000,-1.000000,0.000000
8134,neutron,19511.576325,288.540415,-0.776415,-92.000000,-2.212027,90.000000,-90.000000,0.000000,-1.000000,0.000000
8135,neutron,19511.089631,2028.396646,2.983464,-92.000000,1.155249,90.062055,-89.668048,0.005794,-0.999983,-0.001083
8228,neutron,19511.576325,0.000000,-2.822949,-92.000000,-2.197950,90.000000,-90.000000,0.000000,-1.000000,0.000000
8229,neutron,0.000005,586.677983,1.284542,-92.000000,-2.093670,79.185409,-88.899677,0.018862,-0.982058,0.187631
8032,neutron,547.987520,999.681796,0.176797,-92.000000,-0.708205,81.029739,-95.977256,-0.102860,-0.982399,0.155922
8033,neutron,19511.166403,0.040080,0.616306,-92.000000,0.868948,90.183310,-89.750098,0.004362,-0.999985,-0.003199
7977,neutron,19511.576325,0.000000,2.479789,-92.000000,-1.566299,90.000000,-90.000000,0.000000,-1.000000,0.000000
8035,neutron,19511.576325,0.000000,-0.319216,-92.000000,-1.937763,90.000000,-90.000000,0.000000,-1.000000,0.000000
8036,neutron,19511.576325,254.949468,-2.894394,-92.000000,-1.581933,90.000000,-90.000000,0.000000,-1.000000,0.000000
8136,neutron,22.998395,2303.224966,-1.571442,-92.000000,0.287039,115.038378,-73.398502,0.258863,-0.868257,-0.423225
8037,pi+,4244.697560,225.672914,-0.733950,-92.000000,0.277080,89.719533,-89.872995,0.002217,-0.999986,0.004895
8038,neutron,19511.576325,0.000000,0.481277,-92.000000,0.246924,90.000000,-90.000000,0.000000,-1.000000,0.000000
7978,gamma,0.686149,2276.845780,-1.813423,-92.000000,-0.555946,111.890666,-82.000168,0.129136,-0.918867,-0.372837
8230,gamma,0.055129,4578.875611,-0.510078,-92.000000,-1.366881,98.210924,-107.473559,-0.297188,-0.944078,-0.142818
8040,neutron,21.864804,1103.179215,-0.290736,-92.000000,0.974467,104.912405,-109.155654,-0.317084,-0.912816,-0.257342
8041,neutron,19511.576325,0.000000,2.802203,-92.000000,0.576745,90.000000,-90.000000,0.000000,-1.000000,0.000000
8137,gamma,0.077123,2114.232806,1.061274,-92.000000,2.867379,82.922441,-79.929806,0.173522,-0.977092,0.123213
8138,neutron,19511.576325,0.000000,-0.876589,-92.000000,0.783047,90.000000,-90.000000,0.000000,-1.000000,0.000000
8139,neutron,19511.576325,0.000000,-0.629472,-92.000000,2.071351,90.000000,-90.000000,0.000000,-1.000000,0.000000
8042,anti_nu_mu,592.378396,92.663820,1.780935,-92.000000,1.768806,87.233418,-89.064665,0.016305,-0.998701,0.048267
7979,pi-,296.023248,4447.814444,-1.288325,-92.000000,0.326510,71.509395,-116.429832,-0.422123,-0.849252,0.317149
8043,neutron,19511.576325,275.469636,-1.563115,-92.000000,-2.878127,90.000000,-90.000000,0.000000,-1.000000,0.000000
8231,gamma,164.749204,2719.184562,2.178693,-92.000000,0.382243,79.780317,-87.422567,0.044256,-0.983139,0.177423
8232,neutron,19511.576325,0.000000,-2.960904,-92.000000,0.835249,90.000000,-90.000000,0.000000,-1.000000,0.000000
8044,neutron,19511.576325,1100.135906,0.579977,-92.000000,-1.138227,90.000000,-90.000000,0.000000,-1.000000,0.000000
8233,e+,87.857450,1572.155293,-1.181437,-92.000000,1.197950,104.024688,-115.794672,-0.422176,-0.873521,-0.242340
8234,neutron,19511.560036,811.856957,-0.459481,-92.000000,-2.471181,89.961777,-90.048537,-0.000847,-0.999999,0.000667
7980,gamma,0.393635,1400.585148,1.292840,-92.000000,-0.938730,128.605149,-78.257921,0.159033,-0.765111,-0.623950
8235,neutron,19511.576325,303.783371,1.688028,-92.000000,0.876775,90.000000,-90.000000,0.000000,-1.000000,0.000000
8045,gamma,0.329607,251.299948,0.635594,-92.000000,-2.085651,27.775134,-160.133765,-0.438270,-0.158360,0.884783
8140,e+,154.540024,360.484244,1.500500,-92.000000,1.445778,83.206264,-81.477574,0.147156,-0.982014,0.118295
8236,neutron,63.855988,1379.798866,0.759555,-92.000000,0.626316,86.622135,-57.012300,0.543513,-0.837330,0.058921
7981,e+,673.457623,409.354276,1.549830,-92.000000,0.293877,88.968302,-90.519195,-0.009060,-0.999797,0.018006
7982,neutron,19511.100744,0.000000,2.524291,-92.000000,-0.727018,89.623025,-89.964456,0.000620,-0.999978,0.006579
8046,neutron,19247.274865,2667.466563,1.498446,-92.000000,-0.998652,90.610284,-88.151388,0.032257,-0.999423,-0.010651
8047,neutron,2.324783,0.063461,-2.219314,-92.000000,-0.667435,89.268705,-133.383801,-0.686826,-0.726710,0.012763
8048,neutron,19511.454441,0.000000,1.745804,-92.000000,2.376502,90.059243,-89.784491,0.003761,-0.999992,-0.001034
8141,neutron,1814.639988,3404.199130,2.270967,-92.000000,2.135305,80.217356,-79.970967,0.171615,-0.970401,0.169911
8049,neutron,19511.144594,2250.762452,-0.881653,-92.000000,0.317822,90.048567,-89.685668,0.005486,-0.999985,-0.000848
8050,neutron,19511.576325,89.614600,0.220870,-92.000000,2.458676,90.000000,-90.000000,0.000000,-1.000000,0.000000
8051,neutron,19511.479312,0.000000,-2.083390,-92.000000,2.262292,90.136615,-90.063782,-0.001113,-0.999997,-0.002384
8142,neutron,1607.520411,785.431166,-2.110916,-92.000000,-0.969053,94.120656,-89.701080,0.005204,-0.997401,-0.071857
8237,gamma,0.400387,4518.275323,-1.385584,-92.000000,-1.374409,96.856115,-138.979037,-0.749074,-0.651642,-0.119376
8238,neutron,19511.273866,26.231391,-0.906147,-92.000000,-0.691062,90.259963,-90.057367,-0.001001,-0.999989,-0.004537
8239,neutron,19511.576325,0.000000,-0.348776,-92.000000,-2.150199,90.000000,-90.000000,0.000000,-1.000000,0.000000
8240,neutron,18615.113984,1401.374548,-1.748743,-92.000000,-2.592588,90.686490,-90.046116,-0.000805,-0.999928,-0.011981
8241,mu-,1035.398838,87.560883,0.867526,-92.000000,-1.554943,90.767870,-92.748940,-0.047955,-0.998760,-0.013401
8052,gamma,2.175152,3111.023785,-1.609637,-92.000000,0.892448,75.832087,-76.420292,0.227656,-0.942477,0.244764
7984,neutron,19511.503083,1585.689604,2.128127,-92.000000,1.450162,90.086644,-90.150036,-0.002619,-0.999995,-0.001512
8242,gamma,0.065536,2242.439977,0.779790,-92.000000,0.856933,69.741121,-120.155062,-0.471266,-0.811179,0.346262
8143,neutron,2865.260837,4049.324768,1.004803,-92.000000,1.677822,98.327099,-82.853945,0.123088,-0.981772,-0.144824
8144,proton,15349.388158,221.904045,-0.539776,-92.000000,-1.274595,89.999170,-89.825037,0.003054,-0.999995,0.000014
8053,kaon0L,714.405787,2307.028308,-1.316866,-92.000000,1.086925,84.086975,-69.806564,0.343354,-0.933539,0.103019
8145,pi+,9876.981379,105.423391,0.254879,-92.000000,-0.129027,90.948737,-90.780254,-0.013616,-0.999770,-0.016558
8054,neutron,19387.860299,1569.986366,-0.119488,-92.000000,0.106549,89.251455,-89.647538,0.006151,-0.999896,0.013064
7985,gamma,0.201118,2572.550182,0.022621,-92.000000,-0.146185,92.250197,-131.272625,-0.659134,-0.751000,-0.039263
7986,neutron,19511.576325,0.000000,-1.323804,-92.000000,-0.453155,90.000000,-90.000000,0.000000,-1.000000,0.000000
7987,neutron,19511.576325,0.100307,-1.923934,-92.000000,-0.568067,90.000000,-90.000000,0.000000,-1.000000,0.000000
7988,neutron,19511.576325,0.257901,-0.816852,-92.000000,1.496551,90.000000,-90.000000,0.000000,-1.000000,0.000000
7989,neutron,19511.576325,0.000000,2.978620,-92.000000,-1.628733,90.000000,-90.000000,0.000000,-1.000000,0.000000
8055,neutron,1058.670564,598.270247,0.964387,-92.000000,-0.272116,73.551450,-70.867159,0.314346,-0.906096,0.283154
7990,gamma,0.106202,268.072139,-0.700796,-92.000000,-0.739553,86.536313,-146.646523,-0.833769,-0.548798,0.060416
7991,neutron,19511.576325,0.000000,0.876203,-92.000000,-1.783049,90.000000,-90.000000,0.000000,-1.000000,0.000000
8244,gamma,0.103455,1485.634541,0.229333,-92.000000,2.086695,65.458551,-76.602463,0.210774,-0.884905,0.415351
8245,gamma,0.133156,643.988073,0.906528,-92.000000,0.017072,123.245218,-102.893592,-0.186620,-0.815245,-0.548223
8146,neutron,8654.922946,2557.448047,-1.631697,-92.000000,0.458027,91.491315,-86.853194,0.054876,-0.998154,-0.026025
8147,neutron,19511.518093,0.000000,-0.097676,-92.000000,-1.445400,89.951063,-89.821967,0.003107,-0.999995,0.000854
8148,neutron,19511.401018,0.000000,-0.309232,-92.000000,2.699045,90.202327,-90.011899,-0.000208,-0.999994,-0.003531
8246,gamma,0.525468,0.525468,1.628226,-92.000000,-0.628966,49.706361,-92.724534,-0.036256,-0.761878,0.646705
8149,e+,2148.469209,1645.942614,2.358659,-92.000000,2.535427,94.466602,-98.540922,-0.148065,-0.985907,-0.077878
7993,gamma,0.087288,27.675035,-0.033725,-92.000000,-0.935734,79.797506,-141.499053,-0.770223,-0.612684,0.177128
7994,neutron,19511.576325,774.933722,0.424928,-92.000000,1.944684,90.000000,-90.000000,0.000000,-1.000000,0.000000
8150,neutron,19511.245338,0.000000,2.908238,-92.000000,-2.175395,90.163743,-90.329916,-0.005758,-0.999979,-0.002858
8151,neutron,19511.576325,0.000000,2.337203,-92.000000,-0.189250,90.000000,-90.000000,0.000000,-1.000000,0.000000
8152,neutron,19511.548946,0.000000,0.659985,-92.000000,-2.833585,89.922774,-89.871660,0.002240,-0.999997,0.001348
7995,gamma,2.855509,345.884017,-0.486338,-92.000000,1.910945,75.761936,-59.352268,0.494100,-0.833891,0.245951
7996,neutron,19510.792854,0.463296,-1.625555,-92.000000,-2.979173,90.237204,-89.591515,0.007129,-0.999966,-0.004140
8056,neutron,4581.943721,1341.685432,-0.940428,-92.000000,-1.251210,84.793537,-91.315471,-0.022863,-0.995612,0.090745
8247,mu-,404.838065,88.144231,-0.183971,-92.000000,-0.141450,87.542440,-89.209396,0.013786,-0.998985,0.042879
8153,neutron,16.815668,1704.354852,1.703244,-92.000000,-2.426285,83.828039,-46.718095,0.681615,-0.723770,0.107513
8154,neutron,19511.576325,0.000000,-0.156984,-92.000000,-1.409819,90.000000,-90.000000,0.000000,-1.000000,0.000000
8155,neutron,19511.539256,0.000000,1.488258,-92.000000,2.046163,89.921457,-90.050169,-0.000876,-0.999999,0.001371
8248,pi-,428.478666,1614.124411,-1.109745,-92.000000,2.034279,99.185963,-100.974029,-0.187923,-0.969123,-0.159639
8249,neutron,19511.576325,0.010750,-2.170217,-92.000000,-0.918729,90.000000,-90.000000,0.000000,-1.000000,0.000000
7998,neutron,19511.576325,397.230960,-2.540365,-92.000000,0.958580,90.000000,-90.000000,0.000000,-1.000000,0.000000
8156,gamma,0.073792,568.819758,0.435438,-92.000000,2.983460,75.688798,-87.710819,0.038704,-0.968194,0.247188
7999,gamma,4.180007,205.092404,1.109511,-92.000000,0.373594,103.939713,-70.473557,0.324398,-0.914731,-0.240901
8250,pi+,661.299882,1638.293490,0.239365,-92.000000,1.804359,103.247053,-78.051590,0.201522,-0.952302,-0.229150
8057,neutron,6.866499,2582.103376,-1.262026,-92.000000,1.561784,60.777871,-139.012479,-0.658785,-0.572421,0.488197
8058,neutron,46.800091,1420.366489,-1.640404,-92.000000,1.279612,64.950332,-96.317952,-0.099695,-0.900439,0.423404
8059,neutron,19303.154374,0.000000,-2.849339,-92.000000,-2.221828,90.706018,-91.794976,-0.031321,-0.999433,-0.012322
8251,neutron,19511.093218,1056.744889,2.993207,-92.000000,-2.028972,90.115907,-89.616250,0.006698,-0.999976,-0.002023
8252,neutron,19511.576325,0.000000,-0.518877,-92.000000,-0.067519,90.000000,-90.000000,0.000000,-1.000000,0.000000
8253,neutron,2214.772499,845.720559,1.728427,-92.000000,-2.134825,96.798831,-84.776348,0.090403,-0.988844,-0.118384
8300,pi+,2324.881361,263.200935,-2.362102,-92.000000,0.207889,93.224160,-88.581596,0.024714,-0.998111,-0.056243
8157,gamma,287.555131,2825.749299,2.636315,-92.000000,1.997986,87.494757,-84.776770,0.090949,-0.994896,0.043711
8158,neutron,19511.576325,0.000000,-1.387567,-92.000000,-1.460872,90.000000,-90.000000,0.000000,-1.000000,0.000000
8159,gamma,0.510999,110.724527,-0.919669,-92.000000,2.092794,29.406877,-105.008105,-0.127149,-0.474260,0.871155
8160,neutron,19511.576325,0.000000,1.255973,-92.000000,2.976904,90.000000,-90.000000,0.000000,-1.000000,0.000000
8254,neutron,2212.661729,1747.294304,1.199289,-92.000000,-1.672514,86.838804,-86.063653,0.068544,-0.996123,0.055145
8301,pi+,3647.487989,2080.887787,-1.953316,-92.000000,1.142014,90.645601,-83.765166,0.108597,-0.994022,-0.011268
8161,pi-,1445.065000,640.148304,0.331819,-92.000000,-0.394363,92.949658,-100.571805,-0.183225,-0.981723,-0.051459
8255,gamma,0.155597,726.265722,-1.907858,-92.000000,-0.245677,101.888499,-85.093790,0.083690,-0.974965,-0.206008
8060,e+,38.442276,558.873569,1.399767,-92.000000,-2.583244,108.690989,-75.888914,0.230945,-0.918677,-0.320464
8302,gamma,1.519271,484.239183,2.305236,-92.000000,0.949677,92.800928,-74.449881,0.267761,-0.962245,-0.048866
8061,neutron,19511.576325,225.478684,-1.622400,-92.000000,0.721241,90.000000,-90.000000,0.000000,-1.000000,0.000000
8062,gamma,0.090976,2032.413134,-1.182932,-92.000000,-0.468190,90.551612,-72.498800,0.300712,-0.953666,-0.009627
8256,gamma,995.490461,2693.291077,-0.760534,-92.000000,-0.301376,88.623701,-95.580436,-0.097215,-0.994974,0.024019
8257,neutron,19511.568727,0.000000,0.101665,-92.000000,0.259103,89.994883,-89.930240,0.001218,-0.999999,0.000089
8258,neutron,19511.576325,0.000000,2.952227,-92.000000,1.570776,90.000000,-90.000000,0.000000,-1.000000,0.000000
8303,e+,65.102530,2247.404238,-0.966606,-92.000000,2.105057,87.479196,-115.947637,-0.437126,-0.898324,0.043982
8162,gamma,0.081061,3467.344975,2.833245,-92.000000,-0.106404,63.150423,-88.039475,0.030523,-0.891673,0.451650
8163,neutron,19511.576325,0.000000,2.219917,-92.000000,-1.249171,90.000000,-90.000000,0.000000,-1.000000,0.000000
8064,gamma,4.735850,140.788609,0.074746,-92.000000,0.513911,124.557887,-63.713111,0.364724,-0.738388,-0.567239
8164,neutron,19511.576325,737.820851,1.789449,-92.000000,2.990078,90.000000,-90.000000,0.000000,-1.000000,0.000000
8304,e+,54.718660,1469.509759,1.426449,-92.000000,2.612476,93.385224,-112.857713,-0.387766,-0.919864,-0.059049
8305,neutron,19511.576325,209.831116,-1.385895,-92.000000,-2.040878,90.000000,-90.000000,0.000000,-1.000000,0.000000
8259,pi+,3203.060350,2136.092460,1.887549,-92.000000,2.319887,86.915295,-97.336130,-0.127505,-0.990377,0.053812
8166,neutron,19352.432127,2323.746868,0.654753,-92.000000,1.940701,90.293174,-90.155590,-0.002716,-0.999983,-0.005117
8260,proton,1383.804587,817.745482,-0.705050,-92.000000,0.979350,97.726391,-66.956502,0.387876,-0.911854,-0.134443
8065,gamma,1.329662,2421.673584,0.242750,-92.000000,-0.996437,125.556928,-84.848556,0.073046,-0.810252,-0.581512
8167,neutron,19511.576325,1115.354534,2.321339,-92.000000,1.721680,90.000000,-90.000000,0.000000,-1.000000,0.000000
8066,neutron,19511.576325,975.247271,1.043888,-92.000000,-2.298141,90.000000,-90.000000,0.000000,-1.000000,0.000000
8067,neutron,19511.576325,0.000000,1.727229,-92.000000,2.629566,90.000000,-90.000000,0.000000,-1.000000,0.000000
8168,kaon+,3312.365612,830.748918,-1.079343,-92.000000,-2.410481,80.613136,-89.407725,0.010199,-0.986557,0.163100
8169,neutron,19511.576325,235.970645,-0.179409,-92.000000,-2.659432,90.000000,-90.000000,0.000000,-1.000000,0.000000
8170,neutron,19396.062990,0.000000,-1.390851,-92.000000,-2.124444,90.911955,-89.181521,0.014283,-0.999771,-0.015916
8068,neutron,19509.427353,997.226761,-0.923251,-92.000000,-2.636989,89.415371,-89.618911,0.006651,-0.999926,0.010204
8306,mu+,3316.548390,1035.833956,-0.094349,-92.000000,-0.321908,92.890513,-89.788248,0.003691,-0.998721,-0.050428
8307,neutron,19511.576325,0.091066,0.833068,-92.000000,1.621461,90.000000,-90.000000,0.000000,-1.000000,0.000000
8308,gamma,0.190552,96.425207,2.603340,-92.000000,1.586129,88.408474,-48.964922,0.656268,-0.754017,0.027774
8310,neutron,19511.212745,92.835412,-2.863994,-92.000000,0.484731,90.194000,-89.781922,0.003806,-0.999987,-0.003386
8069,pi-,2030.360977,1003.266758,1.568209,-92.000000,-1.805724,88.241531,-89.466660,0.009304,-0.999486,0.030686
8311,neutron,19511.259561,543.071729,1.554381,-92.000000,-1.296020,89.920381,-90.276413,-0.004824,-0.999987,0.001390
8312,neutron,19510.850280,0.000000,1.727814,-92.000000,-2.227699,90.032885,-89.588844,0.007176,-0.999974,-0.000574
8261,neutron,107.676016,1728.166922,1.327134,-92.000000,0.435227,120.199977,-89.202117,0.012035,-0.864191,-0.503020
8070,pi-,6651.064974,95.483545,0.124645,-92.000000,-1.417352,89.009522,-87.967627,0.035459,-0.999222,0.017286
8171,neutron,4.643642,3040.782246,0.007127,-92.000000,-1.323259,74.720820,-104.023364,-0.233752,-0.935904,0.263523
8172,neutron,18957.541618,0.000000,-2.754202,-92.000000,-0.418376,90.031846,-90.415163,-0.007246,-0.999974,-0.000556
8314,pi-,1005.135695,1750.552039,-1.069724,-92.000000,-2.548430,105.925332,-86.009217,0.066925,-0.959288,-0.274384
8071,neutron,0.001686,2612.737755,2.590191,-92.000000,-1.816815,70.791101,-98.542167,-0.140267,-0.933850,0.329013
8072,pi+,2873.194713,1489.856342,-2.981566,-92.000000,-1.639273,80.637912,-102.992517,-0.221829,-0.961420,0.162673
8173,gamma,0.186741,2103.532677,1.579012,-92.000000,-0.052236,50.033310,-101.133443,-0.147991,-0.751994,0.642342
8174,neutron,19511.576325,0.000000,1.891706,-92.000000,-2.794403,90.000000,-90.000000,0.000000,-1.000000,0.000000
8262,gamma,9.596962,3862.744839,1.069785,-92.000000,-2.873066,103.817633,-57.103533,0.527405,-0.815354,-0.238832
8263,neutron,19511.576325,0.000000,-1.851196,-92.000000,-0.225635,90.000000,-90.000000,0.000000,-1.000000,0.000000
8264,neutron,19511.576325,0.167475,-0.979912,-92.000000,0.533265,90.000000,-90.000000,0.000000,-1.000000,0.000000
8315,gamma,0.711251,2194.653406,2.484128,-92.000000,-0.645731,124.151813,-95.387632,-0.077702,-0.823897,-0.561388
8175,e+,341.451306,1439.381789,-0.692018,-92.000000,1.491814,103.747326,-69.489366,0.340344,-0.909776,-0.237641
8176,neutron,19511.576325,0.000000,1.052421,-92.000000,2.119353,90.000000,-90.000000,0.000000,-1.000000,0.000000
8177,neutron,19511.576325,0.000000,1.229250,-92.000000,2.619222,90.000000,-90.000000,0.000000,-1.000000,0.000000
8178,neutron,19511.576325,0.000000,2.554339,-92.000000,0.970871,90.000000,-90.000000,0.000000,-1.000000,0.000000
8073,pi+,4258.148444,112.234807,0.794662,-92.000000,-2.843857,90.167752,-88.823940,0.020525,-0.999785,-0.002928
8074,neutron,19511.576325,0.000000,-0.695593,-92.000000,0.980880,90.000000,-90.000000,0.000000,-1.000000,0.000000
8075,neutron,19511.576325,0.000000,0.861868,-92.000000,1.075224,90.000000,-90.000000,0.000000,-1.000000,0.000000
8076,neutron,19511.576325,0.000000,-2.781152,-92.000000,1.237123,90.000000,-90.000000,0.000000,-1.000000,0.000000
8265,neutron,5.251470,1819.030249,-2.755350,-92.000000,-2.178272,113.524872,-93.746508,-0.059912,-0.914927,-0.399147
8316,neutron,160.202676,4584.330498,-2.425830,-92.000000,0.247728,109.779249,-110.879863,-0.335383,-0.879208,-0.338397
8077,gamma,0.458785,3538.049895,-2.413517,-92.000000,1.394503,62.044003,-81.916168,0.124212,-0.874531,0.468793
8078,neutron,19511.576325,0.000000,2.226085,-92.000000,0.149983,90.000000,-90.000000,0.000000,-1.000000,0.000000
8180,proton,922.848295,1361.544522,2.461729,-92.000000,1.983471,102.942005,-96.580194,-0.111683,-0.968177,-0.223965
8079,neutron,19511.576325,637.228838,-1.888624,-92.000000,-1.109825,90.000000,-90.000000,0.000000,-1.000000,0.000000
8080,neutron,19511.576325,0.000000,-0.549297,-92.000000,-0.561988,90.000000,-90.000000,0.000000,-1.000000,0.000000
8266,proton,1103.390969,1554.039422,2.730331,-92.000000,-2.110162,101.324738,-84.590287,0.092442,-0.976163,-0.196370
8317,neutron,875.077585,3797.908150,1.716093,-92.000000,0.671043,106.280908,-85.070700,0.082481,-0.956349,-0.280347
8267,pi+,1192.128676,520.473301,-0.978215,-92.000000,0.562133,109.120000,-108.579497,-0.301043,-0.895592,-0.327548
8083,neutron,19511.576325,101.040917,1.377070,-92.000000,0.521526,90.000000,-90.000000,0.000000,-1.000000,0.000000
8318,neutron,19511.576325,429.330751,2.316739,-92.000000,1.697766,90.000000,-90.000000,0.000000,-1.000000,0.000000
8084,neutron,19511.576325,369.630177,2.410004,-92.000000,-0.168227,90.000000,-90.000000,0.000000,-1.000000,0.000000
8181,gamma,0.226915,3828.013131,1.027162,-92.000000,-0.065683,79.711311,-52.093398,0.604497,-0.776326,0.178608
8268,gamma,3.081581,2891.243810,1.890678,-92.000000,-1.130762,77.468438,-76.426789,0.229097,-0.948913,0.216977
8319,neutron,19511.576325,2949.783926,-0.568158,-92.000000,1.662395,90.000000,-90.000000,0.000000,-1.000000,0.000000
8320,neutron,19511.200168,0.000000,-0.421107,-92.000000,1.755377,90.068690,-89.711170,0.005041,-0.999987,-0.001199
8321,neutron,19511.118603,0.000000,1.352191,-92.000000,-0.456283,90.012319,-89.672735,0.005712,-0.999984,-0.000215
8182,gamma,4.726563,609.096396,0.016527,-92.000000,1.016991,108.950027,-98.473340,-0.139363,-0.935478,-0.324743
8087,neutron,19511.576325,36.078275,-1.470044,-92.000000,0.817123,90.000000,-90.000000,0.000000,-1.000000,0.000000
8322,neutron,0.032388,984.398957,-1.131151,-92.000000,-2.327499,90.567630,-70.764711,0.329432,-0.944127,-0.009907
8323,neutron,19511.576325,0.103525,1.502459,-92.000000,-2.885321,90.000000,-90.000000,0.000000,-1.000000,0.000000
8269,neutron,12152.509372,442.123278,2.112718,-92.000000,-0.302101,92.279465,-91.738592,-0.030315,-0.998749,-0.039774
8088,e+,33.867447,2006.667764,1.031159,-92.000000,-0.693487,74.749776,-62.761889,0.441572,-0.857803,0.263035
8183,gamma,0.387093,2033.106894,-0.863571,-92.000000,1.005997,95.199176,-103.843505,-0.238286,-0.966958,-0.090618
8324,proton,26.531405,1164.825979,1.292576,-92.000000,1.244841,23.914380,-108.667882,-0.129752,-0.384044,0.914152
8270,gamma,5.036188,7.695539,-2.414119,-92.000000,2.134081,90.804935,-74.404167,0.268823,-0.963087,-0.014048
8271,neutron,19511.576325,590.862018,-0.979210,-92.000000,-1.869163,90.000000,-90.000000,0.000000,-1.000000,0.000000
8184,pi+,540.552276,1484.713783,-1.328993,-92.000000,-1.851400,83.505757,-120.356184,-0.502131,-0.857363,0.113103
8325,neutron,19511.576325,3511.189370,-0.003602,-92.000000,0.889709,90.000000,-90.000000,0.000000,-1.000000,0.000000
8089,neutron,0.020668,3785.088937,-0.300976,-92.000000,0.837555,108.745207,-98.155970,-0.134343,-0.937379,-0.321360
8090,proton,18867.274501,82.583507,0.469585,-92.000000,-0.961321,89.477059,-90.594491,-0.010375,-0.999905,0.009127
8185,neutron,18.383480,1476.459592,-1.189914,-92.000000,-2.031998,100.317938,-88.027712,0.033860,-0.983246,-0.179110
8273,gamma,0.118307,1319.871893,1.216712,-92.000000,1.751441,76.293191,-52.663065,0.589229,-0.772439,0.236954
8274,pi+,650.489986,968.764552,-0.854717,-92.000000,2.409006,90.586824,-105.254060,-0.263086,-0.964718,-0.010242
8091,neutron,7.602199,2297.311277,-1.001667,-92.000000,-1.304554,80.628808,-119.305168,-0.482929,-0.860387,0.162830
8092,neutron,19511.576325,0.000000,2.723511,-92.000000,0.265367,90.000000,-90.000000,0.000000,-1.000000,0.000000
8186,neutron,26.862393,2844.533743,-0.745879,-92.000000,-0.517078,112.034291,-59.755487,0.466901,-0.800785,-0.375161
8093,pi+,4650.684660,96.493847,-0.400330,-92.000000,-0.524155,90.465976,-91.661764,-0.028998,-0.999546,-0.008133
8275,gamma,0.143037,2218.932128,0.498081,-92.000000,1.382860,73.642004,-114.758236,-0.401838,-0.871324,0.281638
8326,proton,4774.440316,86.238362,1.188939,-92.000000,-2.479004,94.431233,-91.962265,-0.034139,-0.996426,-0.077263
8094,neutron,12229.627164,0.000000,1.539422,-92.000000,-2.233002,92.446452,-89.217951,0.013636,-0.998995,-0.042686
8327,neutron,19511.576325,3065.360490,1.150653,-92.000000,0.724201,90.000000,-90.000000,0.000000,-1.000000,0.000000
8328,neutron,19511.576325,0.000000,2.233977,-92.000000,-1.053075,90.000000,-90.000000,0.000000,-1.000000,0.000000
8095,pi+,1089.781863,2419.132698,2.126890,-92.000000,-1.272722,79.209025,-80.902647,0.155317,-0.969960,0.187227
8187,neutron,0.874819,4454.954879,-0.850968,-92.000000,-2.734628,103.625898,-113.904574,-0.393810,-0.888490,-0.235581
8188,neutron,19510.642434,109.349521,-1.414958,-92.000000,-2.570798,89.560818,-90.161109,-0.002812,-0.999967,0.007665
8276,gamma,3.451589,4821.312389,-1.660616,-92.000000,-1.653645,86.258943,-128.449627,-0.620501,-0.781486,0.065247
8189,gamma,3.535554,1273.566713,-0.631502,-92.000000,2.552114,86.652571,-57.297635,0.539353,-0.840053,0.058390
8329,neutron,0.812443,1040.853077,-2.089676,-92.000000,-1.376661,64.900474,-92.814585,-0.044467,-0.904480,0.424192
8190,neutron,293.840568,0.000000,1.996956,-92.000000,-0.362359,94.968773,-69.067433,0.355926,-0.930492,-0.086613
8277,neutron,4937.167928,2777.343735,-2.241394,-92.000000,0.526438,94.495190,-91.762727,-0.030666,-0.996452,-0.078375
8330,proton,11464.012281,987.432553,0.385866,-92.000000,2.849588,90.068251,-89.571519,0.007478,-0.999971,-0.001191
8096,gamma,0.224563,614.753808,-0.546555,-92.000000,2.848751,98.852648,-73.864454,0.274600,-0.949164,-0.153894
8191,pi-,970.281786,3143.379614,-2.334006,-92.000000,-1.303703,100.845992,-108.730601,-0.315383,-0.930121,-0.188170
8098,gamma,0.155956,1108.141101,-1.210386,-92.000000,0.925778,110.016837,-139.410993,-0.713523,-0.611325,-0.342296
8278,neutron,38.969942,2470.197718,2.690247,-92.000000,-0.339857,97.566310,-37.287408,0.788679,-0.600539,-0.131674
8279,gamma,1.247514,696.873360,-1.221542,-92.000000,-1.012315,131.381889,-134.037028,-0.521565,-0.539398,-0.661075
8192,gamma,0.148748,0.086853,-1.968317,-92.000000,-1.603268,61.467446,-67.179111,0.340745,-0.809775,0.477658
8193,neutron,19511.199854,0.000000,1.998558,-92.000000,-2.105754,89.734537,-89.917789,0.001435,-0.999988,0.004633
8099,neutron,14855.719643,442.756686,-0.823563,-92.000000,1.335434,90.895341,-90.543360,-0.009482,-0.999833,-0.015626
8331,neutron,24.232735,3663.252959,-1.375469,-92.000000,1.515806,42.857857,-71.946166,0.210795,-0.646694,0.733043
8332,neutron,19511.576325,0.127666,2.854621,-92.000000,-2.757843,90.000000,-90.000000,0.000000,-1.000000,0.000000
8333,neutron,19510.782096,0.000000,0.867649,-92.000000,0.736434,90.431071,-89.983087,0.000295,-0.999972,-0.007524
8280,neutron,19511.576325,1141.228372,0.471375,-92.000000,-1.433180,90.000000,-90.000000,0.000000,-1.000000,0.000000
8400,neutron,12156.829734,374.091469,-0.274789,-92.000000,-0.105862,85.846912,-94.179560,-0.072691,-0.994722,0.072422
8401,proton,18076.743324,194.223633,-0.516701,-92.000000,2.579622,88.895600,-89.951535,0.000846,-0.999814,0.019274
8281,neutron,199.235072,332.913730,0.068983,-92.000000,-0.124473,107.662466,-64.402627,0.411678,-0.859339,-0.303409
8282,neutron,19477.157490,888.546628,-2.686075,-92.000000,0.113163,90.539161,-89.876384,0.002157,-0.999953,-0.009410
8402,neutron,19511.057409,1901.348629,0.955093,-92.000000,-0.034459,89.779415,-89.729934,0.004713,-0.999981,0.003850
8283,neutron,19511.576325,1204.447629,-0.934166,-92.000000,1.455023,90.000000,-90.000000,0.000000,-1.000000,0.000000
8284,neutron,19511.576325,0.000000,-2.706595,-92.000000,2.605405,90.000000,-90.000000,0.000000,-1.000000,0.000000
8285,neutron,19511.381064,0.000000,1.307997,-92.000000,-1.702560,89.789973,-90.040521,-0.000707,-0.999993,0.003666
8334,gamma,0.077090,1782.322521,-2.466636,-92.200000,1.350395,113.345796,42.795328,0.673710,0.623760,-0.396279
8403,gamma,0.096771,546.009860,2.790263,-92.000000,0.624721,52.581629,-88.929037,0.014845,-0.794081,0.607631
8194,pi-,1100.070053,2714.677622,0.257342,-92.000000,-2.614207,93.057862,-52.390948,0.609401,-0.791065,-0.053344
8404,proton,16190.757664,1136.064954,-1.979866,-92.000000,-1.440394,90.949585,-92.519986,-0.043962,-0.998896,-0.016573
8195,kaon0L,1097.296422,835.719414,-0.981379,-92.000000,2.662319,88.382543,-86.159399,0.066954,-0.997357,0.028226
8405,neutron,23.701812,0.084836,-0.799867,-92.000000,0.065911,92.460290,-90.501470,-0.008744,-0.999040,-0.042927
8286,gamma,0.046840,2637.544216,0.236860,-92.000000,0.364752,121.604997,-103.351129,-0.196669,-0.828663,-0.524060
8335,neutron,879.785375,41.389994,-2.344306,-92.000000,0.442301,80.940319,-98.892967,-0.152661,-0.975654,0.157463
8336,neutron,19511.576325,0.000000,0.040578,-92.000000,2.032007,90.000000,-90.000000,0.000000,-1.000000,0.000000
8407,mu-,1226.099378,462.249396,2.715727,-92.000000,-1.030286,92.454755,-87.951103,0.035720,-0.998444,-0.042830
8337,gamma,0.498537,519.537639,1.250496,-92.000000,1.285347,104.551545,-40.260612,0.738634,-0.625534,-0.251251
8287,neutron,1.963093,2399.432361,-1.427748,-92.000000,-0.568243,88.262013,-85.889587,0.071646,-0.996969,0.030329
8197,proton,581.971233,1003.152087,-0.527057,-92.000000,2.729275,88.057256,-71.616358,0.315197,-0.948421,0.033901
8199,neutron,19511.576325,0.349224,-1.661475,-92.000000,0.844186,90.000000,-90.000000,0.000000,-1.000000,0.000000
8288,neutron,0.001661,1285.744771,2.268187,-92.000000,2.394667,56.077856,-100.044867,-0.144733,-0.817077,0.558066
8408,gamma,0.072518,1792.804167,-2.524399,-92.000000,0.960761,37.933417,-73.886972,0.170612,-0.590596,0.788726
8409,neutron,19511.415806,0.084195,-1.584110,-92.000000,2.777112,89.808918,-90.033165,-0.000579,-0.999994,0.003335
8410,neutron,19511.296783,242.076142,-1.479344,-92.000000,0.137366,89.766042,-90.244612,-0.004269,-0.999983,0.004083
8339,neutron,19509.765017,0.141808,-0.659027,-92.000000,1.983152,90.650382,-90.038244,-0.000667,-0.999935,-0.011351
8340,neutron,19511.422037,0.000000,1.211942,-92.000000,1.599326,89.840274,-89.805777,0.003390,-0.999990,0.002788
8341,neutron,19511.576325,0.000000,-0.886635,-92.000000,0.002396,90.000000,-90.000000,0.000000,-1.000000,0.000000
8411,neutron,19511.545000,200.725821,-0.295325,-92.000000,-2.721062,89.919930,-89.969523,0.000532,-0.999999,0.001397
8289,neutron,3.846468,2527.690386,0.222948,-92.000000,-2.706749,126.941077,-97.387302,-0.102765,-0.792620,-0.600993
8412,neutron,5867.377461,55.846015,2.032695,-92.000000,1.523897,91.760198,-88.792315,0.021067,-0.999306,-0.030716
8342,neutron,19511.576325,1549.114590,-2.041870,-92.000000,1.550956,90.000000,-90.000000,0.000000,-1.000000,0.000000
8500,gamma,5.846164,1220.448817,0.989068,-92.000000,2.487497,59.704301,-134.071371,-0.600564,-0.620354,0.504463
8343,neutron,0.001249,1234.220061,0.273532,-92.000000,-0.026214,70.420899,-59.998963,0.471105,-0.815943,0.335108
8344,proton,13505.411319,236.242487,2.734067,-92.000000,-2.770102,88.511607,-89.662961,0.005880,-0.999645,0.025974
8290,gamma,1.758309,1952.120830,-2.386730,-92.000000,-0.061528,112.995657,-104.270027,-0.226904,-0.892131,-0.390661
8345,neutron,19511.576325,627.629511,-2.311148,-92.000000,-0.147810,90.000000,-90.000000,0.000000,-1.000000,0.000000
8413,gamma,0.878535,2976.220993,-1.583313,-92.000000,-1.503145,91.473193,-91.202183,-0.020974,-0.999449,-0.025709
8291,neutron,42.793412,1723.471073,-1.745240,-92.000000,1.355234,88.639798,-101.270984,-0.195394,-0.980437,0.023738
8414,gamma,0.480052,1351.937976,1.442060,-92.000000,-1.476005,83.222541,-51.844326,0.613483,-0.780840,0.118013
8347,neutron,19511.449010,14.603106,-2.655031,-92.000000,0.783738,90.092596,-89.854199,0.002545,-0.999995,-0.001616
8348,neutron,19511.465045,2.450334,2.489582,-92.000000,-0.059690,89.922111,-90.141450,-0.002469,-0.999996,0.001359
8502,gamma,0.510999,340.035121,2.721115,-92.000000,1.911191,69.591860,-85.922160,0.066648,-0.934860,0.348705
8416,neutron,19511.576325,0.000000,-0.075979,-92.000000,2.609570,90.000000,-90.000000,0.000000,-1.000000,0.000000
8503,gamma,2.566429,1147.975366,-0.965298,-92.000000,1.634626,78.242851,-75.260843,0.249081,-0.946805,0.203764
8292,neutron,12135.887449,2050.555188,-2.502726,-92.000000,1.891890,89.370501,-90.005774,-0.000101,-0.999940,0.010987
8293,neutron,19511.576325,0.000000,1.218396,-92.000000,2.852867,90.000000,-90.000000,0.000000,-1.000000,0.000000
8294,neutron,19511.576325,0.000000,-2.526326,-92.000000,0.440805,90.000000,-90.000000,0.000000,-1.000000,0.000000
8349,e+,639.699108,1647.191047,-0.380486,-92.000000,1.971644,91.457867,-91.053228,-0.018375,-0.999507,-0.025442
8350,neutron,19511.576325,1018.947033,0.159412,-92.000000,-2.153085,90.000000,-90.000000,0.000000,-1.000000,0.000000
8351,neutron,19511.576325,0.000000,-1.703277,-92.000000,0.420483,90.000000,-90.000000,0.000000,-1.000000,0.000000
8505,neutron,19510.253242,0.000000,2.889754,-92.000000,-0.087430,90.461059,-89.687801,0.005449,-0.999953,-0.008047
8418,mu+,181.686971,2396.968712,-0.858812,-92.000000,2.440933,72.024144,-89.630900,0.006128,-0.951167,0.308616
8295,neutron,19511.448346,2276.182566,0.878149,-92.000000,2.992100,89.798508,-89.891129,0.001900,-0.999992,0.003517
8296,neutron,19511.545988,0.000000,1.174770,-92.000000,-0.080585,90.119337,-89.926191,0.001288,-0.999997,-0.002083
8419,neutron,19511.576325,546.531307,-2.119123,-92.000000,1.349656,90.000000,-90.000000,0.000000,-1.000000,0.000000
8420,neutron,19511.576325,0.391526,1.400762,-92.000000,-1.406993,90.000000,-90.000000,0.000000,-1.000000,0.000000
8421,neutron,5.119057,1200.234092,2.731816,-92.000000,-1.422290,104.861132,-61.537935,0.460635,-0.849726,-0.256477
8506,gamma,0.114860,3031.406648,2.338805,-92.000000,-1.886777,129.802929,-61.935206,0.361439,-0.677917,-0.640149
8507,neutron,19511.362355,0.000000,2.238415,-92.000000,0.549435,89.699987,-89.971337,0.000500,-0.999986,0.005236
8352,pi+,2080.780237,2161.160949,0.558618,-92.000000,2.863311,85.441663,-88.637006,0.023711,-0.996555,0.079474
8297,pi+,469.529832,666.836076,0.246175,-92.000000,-1.944064,67.984193,-94.877583,-0.078827,-0.923723,0.374862
8353,neutron,19511.364939,605.155314,2.681196,-92.000000,-2.556092,89.791587,-89.792152,0.003628,-0.999987,0.003637
8422,pi+,5977.157721,1948.931178,-1.678056,-92.000000,-1.646089,82.175228,-93.629726,-0.062719,-0.988702,0.136144
8423,neutron,19511.576325,0.000000,0.174765,-92.000000,-0.175946,90.000000,-90.000000,0.000000,-1.000000,0.000000
8424,neutron,19511.576325,0.000000,-2.109416,-92.000000,-0.385518,90.000000,-90.000000,0.000000,-1.000000,0.000000
8298,e+,45.348653,1078.664179,-0.483487,-92.000000,-0.098255,99.543210,-50.670571,0.625007,-0.762810,-0.165791
8299,neutron,19511.576325,0.123616,-1.861256,-92.000000,-2.692981,90.000000,-90.000000,0.000000,-1.000000,0.000000
8354,neutron,19511.576325,1102.375308,1.643843,-92.000000,0.327442,90.000000,-90.000000,0.000000,-1.000000,0.000000
8355,neutron,19510.872450,0.000000,2.953115,-92.000000,-1.629106,89.704246,-90.470858,-0.008218,-0.999953,0.005162
8356,neutron,19132.028437,1.888189,-0.293464,-92.000000,2.449655,88.391164,-89.375546,0.010894,-0.999546,0.028076
8357,proton,14570.339380,706.459068,-1.520639,-92.000000,-1.580206,91.016571,-88.759831,0.021640,-0.999608,-0.017742
8358,neutron,19511.576325,0.000000,1.403393,-92.000000,-1.509717,90.000000,-90.000000,0.000000,-1.000000,0.000000
8359,neutron,19284.709951,0.000000,-2.637753,-92.000000,-2.390873,89.462020,-89.604024,0.006911,-0.999932,0.009389
8508,neutron,19.794027,2663.712223,-2.455457,-92.000000,-1.167858,108.169324,-107.188121,-0.280776,-0.907706,-0.311826
8509,neutron,19511.245129,0.000000,-1.352747,-92.000000,1.898588,90.100896,-90.259665,-0.004532,-0.999988,-0.001761
8600,pi+,1663.952429,187.952779,-0.947962,-92.000000,0.880072,85.774451,-87.858284,0.037270,-0.996585,0.073683
8360,proton,5050.373439,2415.211049,0.206374,-92.000000,-1.599890,86.629126,-92.032031,-0.035397,-0.997642,0.058799
8361,neutron,19511.576325,0.000000,0.506052,-92.000000,2.014096,90.000000,-90.000000,0.000000,-1.000000,0.000000
8510,neutron,64.444715,2507.891737,-2.305788,-92.000000,-2.514453,110.468965,-89.019724,0.016028,-0.936725,-0.349700
8362,neutron,19511.576325,0.094804,2.143005,-92.000000,-2.422953,90.000000,-90.000000,0.000000,-1.000000,0.000000
8601,gamma,0.510999,1784.698576,-0.553600,-92.000000,-0.728568,112.787721,-125.336656,-0.533235,-0.752094,-0.387318
8511,neutron,1.056516,1702.030682,-0.801925,-92.000000,2.502103,68.267212,-66.899305,0.364460,-0.854437,0.370278
8512,neutron,11.175109,413.657453,-1.871087,-92.000000,2.232089,50.829669,-110.815055,-0.275495,-0.724671,0.631628
8513,neutron,19511.576325,0.019090,0.193702,-92.000000,1.238000,90.000000,-90.000000,0.000000,-1.000000,0.000000
8363,proton,401.616541,4452.793711,1.209970,-92.000000,0.737102,78.422979,-65.098098,0.412500,-0.888577,0.200685
8427,gamma,2.797444,2089.524340,1.774766,-92.000000,2.599086,91.955882,-56.916452,0.545543,-0.837387,-0.034130
8514,e-,0.940320,0.193909,-1.096314,-92.000000,1.142159,137.531265,-160.510918,-0.636503,-0.225261,-0.737646
8429,neutron,19511.576325,281.703849,-1.237706,-92.000000,-0.476635,90.000000,-90.000000,0.000000,-1.000000,0.000000
8364,gamma,3.759166,583.175277,1.863291,-92.000000,2.621078,95.242330,-98.940662,-0.154761,-0.983718,-0.091368
8602,neutron,21.748447,1175.968253,-1.571916,-92.000000,0.910180,79.091273,-142.745330,-0.781570,-0.594420,0.189245
8365,gamma,0.117613,1782.775940,2.463164,-92.000000,1.842884,86.641155,-54.314198,0.582338,-0.810833,0.058589
8430,proton,989.855636,870.573556,-1.412225,-92.000000,-2.498028,87.431352,-91.490218,-0.025980,-0.998657,0.044816
8431,neutron,19511.576325,0.145633,-2.255541,-92.000000,0.040202,90.000000,-90.000000,0.000000,-1.000000,0.000000
8515,neutron,20.392565,3435.955726,1.768180,-92.000000,-2.790117,111.992766,-42.551945,0.683058,-0.627048,-0.374490
8603,e+,872.805544,968.793240,-1.493439,-92.000000,2.616468,87.087165,-90.806004,-0.014049,-0.998609,0.050817
8604,neutron,19510.845760,0.133217,0.226415,-92.000000,1.167417,89.671928,-89.559134,0.007694,-0.999954,0.005726
8605,gamma,2.264842,108.333982,-1.701805,-92.000000,2.609874,89.398140,-74.906837,0.260375,-0.965450,0.010504
8606,gamma,0.167444,1089.168535,-1.357373,-92.000000,1.046114,100.229937,-137.627503,-0.727035,-0.663234,-0.177599
8607,neutron,0.303273,235.787656,1.996130,-92.000000,-1.143369,95.537598,-108.645342,-0.318217,-0.943094,-0.096499
8608,neutron,19511.576325,454.119677,-2.994839,-92.000000,2.128412,90.000000,-90.000000,0.000000,-1.000000,0.000000
8609,neutron,19511.576325,0.000000,1.387542,-92.000000,0.421376,90.000000,-90.000000,0.000000,-1.000000,0.000000
8432,e+,1296.240549,2184.674260,0.952716,-92.000000,0.512220,92.936771,-89.616243,0.006689,-0.998664,-0.051234
8367,neutron,19511.576325,0.088701,1.641461,-92.000000,2.194967,90.000000,-90.000000,0.000000,-1.000000,0.000000
8368,neutron,0.000328,480.288395,0.465893,-92.000000,-0.136809,51.320035,-62.724900,0.357743,-0.693854,0.624970
8610,gamma,0.585251,973.780216,1.011738,-92.000000,0.548013,48.293256,-71.735254,0.233978,-0.708947,0.665318
8611,neutron,19511.517609,0.000000,1.539521,-92.000000,-0.133374,89.839035,-89.895250,0.001828,-0.999994,0.002809
8517,proton,10863.237366,1941.810468,0.877677,-92.000000,0.888437,91.312875,-91.348056,-0.023520,-0.999461,-0.022912
8612,neutron,19511.576325,667.028260,0.555291,-92.000000,2.263462,90.000000,-90.000000,0.000000,-1.000000,0.000000
8613,neutron,19510.886278,0.000000,1.407302,-92.000000,-1.090003,89.669847,-90.204316,-0.003566,-0.999977,0.005762
8433,proton,16489.104291,108.561544,-2.656795,-92.000000,-0.506506,91.288844,-90.183897,-0.003209,-0.999742,-0.022493
8369,gamma,8.467306,2344.431683,-2.265608,-92.000000,-0.858535,62.878097,-106.715739,-0.255996,-0.852429,0.455885
8370,neutron,19511.576325,0.000000,1.828987,-92.000000,-1.773985,90.000000,-90.000000,0.000000,-1.000000,0.000000
8434,neutron,1.294758,220.343282,-1.784047,-92.000000,-2.346025,112.554041,-132.602420,-0.625136,-0.679773,-0.383555
8371,proton,9135.806941,193.605228,-2.081702,-92.000000,-1.916900,84.963601,-86.274091,0.064733,-0.994034,0.087789
8372,neutron,19511.438174,0.000000,-0.507500,-92.000000,0.714836,90.030265,-89.822644,0.003095,-0.999995,-0.000528
8435,proton,4154.112027,842.867879,-0.338077,-92.000000,-2.354713,94.239183,-86.808679,0.055518,-0.995718,-0.073920
8518,gamma,3.758140,2157.542364,0.834441,-92.000000,2.243482,102.285348,-114.851916,-0.410650,-0.886618,-0.212781
8519,neutron,19510.349187,749.684324,0.249790,-92.000000,-2.500822,90.046734,-89.440319,0.009768,-0.999952,-0.000816
8520,neutron,0.020096,0.000000,-1.522328,-92.000000,-2.090297,79.769777,-119.096904,-0.478557,-0.859907,0.177604
8521,neutron,19511.576325,0.754937,-1.460304,-92.000000,-1.718509,90.000000,-90.000000,0.000000,-1.000000,0.000000
8373,pi+,505.774328,2325.896485,-1.812821,-92.000000,0.129326,67.234954,-123.081543,-0.503311,-0.772622,0.386953
8614,gamma,0.154889,1724.872144,-0.664712,-92.000000,-0.320060,92.539315,-55.939762,0.559514,-0.827636,-0.044305
8522,gamma,0.253489,1529.920005,-1.709104,-92.000000,-0.078424,125.047371,-81.578119,0.119904,-0.809849,-0.574253
8615,neutron,19358.368604,359.830743,-0.529148,-92.000000,0.388675,90.199574,-88.557128,0.025180,-0.999677,-0.003483
8523,neutron,5.209729,203.805254,-0.925013,-92.000000,-1.087622,67.082757,-82.208997,0.124860,-0.912566,0.389401
8524,proton,18071.429136,91.127531,1.448864,-92.000000,-2.738591,90.217938,-90.571554,-0.009975,-0.999943,-0.003804
8616,e+,311.235303,236.285524,2.885594,-92.000000,1.286638,92.472275,-86.891720,0.054173,-0.997599,-0.043136
8617,neutron,19511.576325,877.130461,-1.761378,-92.000000,-1.139472,90.000000,-90.000000,0.000000,-1.000000,0.000000
8374,neutron,6951.306560,3007.967018,0.026264,-92.000000,-1.612771,83.764635,-89.633208,0.006364,-0.994064,0.108613
8375,neutron,19511.576325,0.000000,1.477625,-92.000000,-2.789035,90.000000,-90.000000,0.000000,-1.000000,0.000000
8376,neutron,19511.576325,574.431186,1.399244,-92.000000,-0.397145,90.000000,-90.000000,0.000000,-1.000000,0.000000
8438,gamma,2386.108238,880.879071,-1.054918,-92.000000,-1.738475,96.826835,-99.522755,-0.164266,-0.979228,-0.118869
8439,neutron,19511.261923,0.000000,-1.507745,-92.000000,-1.149146,89.644938,-90.052818,-0.000922,-0.999980,0.006197
8618,neutron,0.000007,543.254838,2.326706,-92.000000,-2.839340,77.215870,-77.658754,0.208435,-0.952675,0.221278
8525,proton,177.655067,3178.825936,-1.986350,-92.000000,-1.874392,92.298168,-98.545849,-0.148481,-0.988102,-0.040100
8619,proton,16669.962689,117.463227,2.134866,-92.000000,-0.742060,89.025462,-89.669969,0.005759,-0.999839,0.017008
8526,neutron,19511.576325,2365.697340,-1.361591,-92.000000,1.787689,90.000000,-90.000000,0.000000,-1.000000,0.000000
8527,neutron,19511.576325,0.000000,-2.344428,-92.000000,0.231196,90.000000,-90.000000,0.000000,-1.000000,0.000000
8377,e-,78.140327,2171.259825,1.678087,-92.000000,-0.766851,82.150476,-56.297835,0.549677,-0.824138,0.136572
8620,neutron,12762.785825,2040.724942,-2.785040,-92.000000,0.913875,89.401599,-90.815813,-0.014237,-0.999844,0.010444
8528,gamma,4.595938,1720.218004,-0.122414,-92.000000,-0.837435,127.997006,-91.863517,-0.025626,-0.787626,-0.615620
8621,neutron,19511.576325,2025.403554,1.061905,-92.000000,-2.441741,90.000000,-90.000000,0.000000,-1.000000,0.000000
8622,neutron,19511.135900,0.000000,-1.403119,-92.000000,-1.718448,89.787855,-90.241238,-0.004210,-0.999984,0.003703
8529,neutron,260.756966,1639.660327,2.250938,-92.000000,-0.933904,104.875104,-74.048422,0.265615,-0.929272,-0.256713
8440,neutron,30.294951,1177.239357,0.209476,-92.000000,-2.233426,144.750659,-58.844428,0.298589,-0.493893,-0.816648
8441,neutron,19511.576325,0.000000,-1.902127,-92.000000,-1.094622,90.000000,-90.000000,0.000000,-1.000000,0.000000
8378,gamma,4.447033,1351.946099,0.537132,-92.000000,2.545882,99.926929,-96.711485,-0.115120,-0.978278,-0.172392
8530,neutron,19510.462797,1476.201086,2.163892,-92.000000,-2.858874,89.748400,-90.618494,-0.010794,-0.999932,0.004391
8531,neutron,19511.576325,0.093788,-0.501578,-92.000000,-2.423159,90.000000,-90.000000,0.000000,-1.000000,0.000000
8532,neutron,19511.576325,0.000000,2.451907,-92.000000,2.524163,90.000000,-90.000000,0.000000,-1.000000,0.000000
8442,gamma,0.618573,752.881726,2.701799,-92.000000,1.097841,114.545641,-60.880217,0.442660,-0.794657,-0.415418
8443,neutron,19511.576325,628.552763,-1.675330,-92.000000,0.298430,90.000000,-90.000000,0.000000,-1.000000,0.000000
8623,neutron,12226.535296,0.069151,-0.183047,-92.000000,-0.876228,91.148564,-91.365196,-0.023820,-0.999515,-0.020045
8624,neutron,19511.576325,0.000000,1.822438,-92.000000,1.343795,90.000000,-90.000000,0.000000,-1.000000,0.000000
8444,neutron,12166.754164,932.793798,1.673207,-92.000000,2.808312,88.946130,-91.940634,-0.033858,-0.999257,0.018392
8445,neutron,19511.576325,0.000000,2.229398,-92.000000,-2.251242,90.000000,-90.000000,0.000000,-1.000000,0.000000
8379,neutron,0.033169,395.435524,-0.641797,-92.000000,1.603946,90.124617,-140.132148,-0.767523,-0.641018,-0.002175
8380,neutron,19511.576325,274.603652,1.753997,-92.000000,-2.490936,90.000000,-90.000000,0.000000,-1.000000,0.000000
8446,gamma,0.487364,1967.304459,0.710553,-92.000000,2.008913,98.601822,-103.342239,-0.228171,-0.962064,-0.149567
8534,neutron,31.285073,532.279019,-2.174340,-92.000000,0.224213,99.882616,-120.471399,-0.499583,-0.849093,-0.171630
8535,neutron,19511.576325,0.000000,-1.722821,-92.000000,0.079687,90.000000,-90.000000,0.000000,-1.000000,0.000000
8536,neutron,19511.576325,873.865510,-0.519297,-92.000000,-2.263184,90.000000,-90.000000,0.000000,-1.000000,0.000000
8381,gamma,0.581225,2971.534869,-2.244647,-92.000000,-2.111519,101.464476,-109.263456,-0.323330,-0.925177,-0.198760
8625,neutron,0.000000,3221.332070,-1.054925,-92.000000,0.653010,92.173130,-84.470982,0.096281,-0.994632,-0.037919
8537,neutron,19157.181482,0.000000,2.371363,-92.000000,0.989061,89.876875,-89.940248,0.001043,-0.999997,0.002149
8538,neutron,19511.576325,0.000000,1.154045,-92.000000,1.085835,90.000000,-90.000000,0.000000,-1.000000,0.000000
8382,gamma,0.245018,270.721564,0.171094,-92.000000,-0.404089,113.136942,-99.474121,-0.151363,-0.907025,-0.392930
8539,neutron,1.492244,3.872937,0.325194,-92.000000,0.469607,77.877923,-116.818981,-0.441113,-0.872537,0.209995
8540,neutron,19511.576325,0.000000,-0.301921,-92.000000,-1.323721,90.000000,-90.000000,0.000000,-1.000000,0.000000
8626,neutron,0.003062,1312.666527,1.162943,-92.000000,-0.337440,91.168760,-83.209557,0.118214,-0.992779,-0.020397
8383,gamma,0.690035,2877.494292,-0.207599,-92.000000,2.665901,48.882026,-94.445456,-0.058393,-0.751091,0.657612
8627,neutron,19511.576325,1150.922910,-2.037545,-92.000000,2.282197,90.000000,-90.000000,0.000000,-1.000000,0.000000
8541,pi+,887.976432,3104.638949,0.997287,-92.000000,0.595739,90.362971,-89.958213,0.000729,-0.999980,-0.006335
8385,neutron,13286.864522,216.956835,-1.176932,-92.000000,2.790544,89.735876,-89.599150,0.006996,-0.999965,0.004610
8386,neutron,19511.576325,0.000000,0.603383,-92.000000,1.635794,90.000000,-90.000000,0.000000,-1.000000,0.000000
8387,deuteron,126.281648,1664.128191,2.390466,-92.000000,-2.862234,136.171609,-100.222141,-0.122895,-0.681509,-0.721417
8449,neutron,19511.576325,0.006068,-0.051064,-92.000000,0.018825,90.000000,-90.000000,0.000000,-1.000000,0.000000
8542,e+,20.325659,327.415295,2.953300,-92.000000,-0.617922,103.112829,-88.757339,0.021121,-0.973696,-0.226869
8629,gamma,0.851481,2093.450546,0.887064,-92.000000,-2.840560,113.776306,-110.192382,-0.315877,-0.858882,-0.403167
8450,pi+,9182.669149,112.581053,-1.403170,-92.000000,1.551861,88.138368,-91.451282,-0.025314,-0.999152,0.032486
8451,neutron,19511.576325,0.041117,1.179234,-92.000000,2.893240,90.000000,-90.000000,0.000000,-1.000000,0.000000
8388,e+,119.927375,5036.365763,-0.917226,-92.000000,0.569844,86.064427,-87.536860,0.042875,-0.996720,0.068635
8452,e-,3.562274,479.973685,-2.978229,-92.000000,-2.021938,107.356451,-63.279517,0.429165,-0.852540,-0.298315
8453,mu-,92.699058,1674.183465,0.103060,-92.000000,-0.434199,68.896661,-50.746100,0.590321,-0.722416,0.360051
8543,mu-,1339.956684,4596.986772,-1.954930,-92.000000,-1.346040,90.021841,-84.248236,0.100219,-0.994965,-0.000381
8631,gamma,0.772940,2017.088215,-1.142236,-92.000000,2.958510,77.097410,-84.891227,0.086798,-0.970879,0.223294
8455,gamma,0.275396,303.575912,2.818533,-92.000000,-2.936740,89.364891,-79.152233,0.188189,-0.982070,0.011085
8456,neutron,19511.576325,0.000000,1.788798,-92.000000,2.885116,90.000000,-90.000000,0.000000,-1.000000,0.000000
8632,gamma,0.510999,1095.229585,2.759407,-92.000000,0.477992,91.931054,-94.642607,-0.080894,-0.996153,-0.033697
8389,gamma,0.100636,4650.180612,-1.145978,-92.000000,-2.436405,120.127535,-86.273057,0.056221,-0.863081,-0.501926
8390,gamma,0.228191,908.300562,-0.527825,-92.000000,-2.086122,74.093737,-86.757394,0.054398,-0.960172,0.274064
8391,neutron,0.000241,124.906966,1.988805,-92.000000,0.872802,75.696345,-69.384120,0.341186,-0.906947,0.247061
8544,gamma,0.265031,3562.708757,-2.981454,-92.000000,0.139090,81.781007,-122.854322,-0.536933,-0.831424,0.142957
8633,pi-,1349.014176,2382.294388,-1.705083,-92.000000,-0.997590,95.644550,-99.399269,-0.162522,-0.981791,-0.098357
8634,gamma,0.235174,332.924678,-2.405119,-92.000000,-0.787820,58.614400,-117.380197,-0.392602,-0.758047,0.520795
8392,e+,45.516683,1332.683975,0.570326,-92.000000,1.896633,85.426928,-96.918927,-0.120081,-0.989557,0.079730
8636,neutron,19511.576325,1356.857722,0.876677,-92.000000,-0.129200,90.000000,-90.000000,0.000000,-1.000000,0.000000
8457,neutron,4575.107769,3856.673995,-1.922407,-92.000000,2.533949,89.781506,-95.783473,-0.100769,-0.994903,0.003813
8458,neutron,19511.576325,0.030808,-1.092754,-92.000000,-2.151285,90.000000,-90.000000,0.000000,-1.000000,0.000000
8459,neutron,19511.576325,0.000000,-1.011622,-92.000000,0.796542,90.000000,-90.000000,0.000000,-1.000000,0.000000
8637,neutron,12853.105984,2590.577704,1.991349,-92.000000,1.585329,90.129099,-89.911866,0.001538,-0.999996,-0.002253
8638,neutron,19511.576325,0.000000,0.589779,-92.000000,-0.408363,90.000000,-90.000000,0.000000,-1.000000,0.000000
8639,neutron,19501.326563,25.898679,1.099325,-92.000000,1.252047,90.085432,-88.452185,0.027011,-0.999634,-0.001491
8393,neutron,243.167865,2402.130891,-2.657025,-92.000000,-2.681725,114.736382,-112.666146,-0.350001,-0.838095,-0.418444
8545,e+,185.767386,3572.415988,-0.708264,-92.000000,-0.900640,89.529548,-90.942340,-0.016446,-0.999831,0.008211
8394,neutron,5618.263248,662.158945,1.261658,-92.000000,-1.566725,96.490120,-88.829702,0.020293,-0.993384,-0.113032
8546,nu_mu,230.593378,0.000000,0.716004,-92.000000,-0.140214,93.210997,-83.475118,0.113456,-0.991963,-0.056013
8395,gamma,0.276872,1447.306932,0.644689,-92.000000,0.765253,49.014905,-66.810934,0.297247,-0.693894,0.655863
8396,neutron,19510.981695,0.000000,2.612287,-92.000000,0.999093,90.373059,-89.987239,0.000223,-0.999979,-0.006511
8547,neutron,9.681614,1032.931156,-0.988097,-92.000000,-0.157827,130.537870,-100.178939,-0.134305,-0.748015,-0.649951
8548,neutron,19511.576325,0.000000,0.588517,-92.000000,-0.554807,90.000000,-90.000000,0.000000,-1.000000,0.000000
8641,gamma,0.083565,1628.708341,-1.124900,-92.000000,2.914699,60.600110,-142.746652,-0.693458,-0.527382,0.490902
8642,neutron,19511.576325,0.000000,-1.128688,-92.000000,-0.706333,90.000000,-90.000000,0.000000,-1.000000,0.000000
8460,gamma,0.330606,5033.105223,-1.965929,-92.000000,-2.745728,115.376598,-92.412110,-0.038026,-0.902710,-0.428566
8550,gamma,0.184916,565.933928,-0.266759,-92.000000,2.767540,113.189755,-74.279302,0.249057,-0.884822,-0.393778
8551,neutron,19511.467126,0.000000,0.387753,-92.000000,1.849150,90.143748,-90.041680,-0.000727,-0.999997,-0.002509
8397,neutron,627.615140,1835.123517,-2.195695,-92.000000,-1.406730,80.702190,-101.136657,-0.190612,-0.968279,0.161566
8553,neutron,19469.238208,0.000000,-2.727479,-92.000000,1.396836,90.782521,-89.882304,0.002054,-0.999905,-0.013657
8554,neutron,19361.814436,4.640956,2.401942,-92.000000,-0.287072,90.637185,-89.845715,0.002693,-0.999935,-0.011121
8555,neutron,19511.576325,0.064610,-0.788643,-92.000000,-0.703613,90.000000,-90.000000,0.000000,-1.000000,0.000000
8644,neutron,19511.576325,0.000000,2.627486,-92.000000,2.142846,90.000000,-90.000000,0.000000,-1.000000,0.000000
8398,neutron,27.985397,618.734731,2.099865,-92.000000,-1.774779,87.561633,-30.542541,0.860472,-0.507718,0.042545
8461,gamma,7.737742,8.105871,2.210385,-92.000000,-2.067863,64.457059,-112.768110,-0.349178,-0.831957,0.431187
8462,neutron,19511.550534,0.000000,0.476374,-92.000000,0.330001,89.897998,-89.987117,0.000225,-0.999998,0.001780
8556,gamma,0.115578,624.807805,0.115486,-92.000000,-2.207004,81.172504,-95.679840,-0.097797,-0.983303,0.153460
8399,neutron,112.571024,2600.077985,2.238991,-92.000000,2.286811,80.895144,-94.570487,-0.078681,-0.984261,0.158242
8700,neutron,1.023234,1.493415,2.202024,-92.000000,0.881172,104.933664,-82.546221,0.125345,-0.958060,-0.257701
8701,neutron,189.848514,84.179238,0.214999,-92.000000,2.111175,84.233479,-125.559379,-0.578604,-0.809397,0.100475
8702,neutron,19511.576325,0.000000,-1.720953,-92.000000,2.919345,90.000000,-90.000000,0.000000,-1.000000,0.000000
8645,neutron,4.869879,4477.002034,1.834729,-92.000000,-1.834387,104.323524,-50.660586,0.614207,-0.749362,-0.247397
8463,neutron,0.049127,2791.781761,-0.011623,-92.000000,0.563007,110.120559,-120.976498,-0.483276,-0.805053,-0.343997
8464,neutron,19511.576325,0.263733,2.621799,-92.000000,2.273501,90.000000,-90.000000,0.000000,-1.000000,0.000000
8557,pi-,3814.377648,2368.751275,2.141028,-92.000000,-1.176956,88.516477,-86.040014,0.069037,-0.997278,0.025889
8558,neutron,19511.576325,0.587264,2.810938,-92.000000,1.956381,90.000000,-90.000000,0.000000,-1.000000,0.000000
8703,gamma,0.254218,1311.244215,-2.856425,-92.000000,0.727537,74.967953,-120.805801,-0.494605,-0.829517,0.259359
8704,neutron,19511.576325,0.000000,2.879216,-92.000000,-0.120272,90.000000,-90.000000,0.000000,-1.000000,0.000000
8559,proton,16492.231760,96.386949,0.938359,-92.000000,1.866079,90.829188,-91.162463,-0.020285,-0.999689,-0.014472
8647,gamma,7.697991,1824.577506,-2.187558,-92.000000,2.927343,71.754703,-120.571147,-0.483038,-0.817711,0.313086
8560,gamma,0.719213,491.275849,2.090127,-92.000000,-0.412972,114.032617,-102.874818,-0.203506,-0.890352,-0.407257
8561,neutron,19363.559212,0.000000,0.452184,-92.000000,0.958518,91.255589,-90.519461,-0.009064,-0.999719,-0.021912
8465,proton,2680.438974,83.989570,-2.141254,-92.000000,2.589413,87.638223,-95.816581,-0.101258,-0.994006,0.041209
8648,proton,16792.922897,251.343395,-2.834677,-92.000000,2.745609,90.266393,-89.812895,0.003266,-0.999984,-0.004649
8562,neutron,19511.576325,1283.737815,-1.039626,-92.000000,-2.745907,90.000000,-90.000000,0.000000,-1.000000,0.000000
8563,neutron,19511.576325,0.000000,-1.687257,-92.000000,-2.196899,90.000000,-90.000000,0.000000,-1.000000,0.000000
8565,neutron,19511.074323,0.000000,-1.844761,-92.000000,-0.416265,89.781337,-89.832609,0.002921,-0.999988,0.003816
8466,gamma,2.806646,16.701180,-1.342912,-92.000000,-1.663813,53.959627,-82.995528,0.098607,-0.802568,0.588355
8567,neutron,1.402684,0.417544,-2.156732,-92.000000,1.623299,86.522435,-88.409524,0.027704,-0.997774,0.060658
8568,neutron,19510.866107,0.000000,0.573435,-92.000000,2.803714,89.941453,-90.403725,-0.007046,-0.999975,0.001022
8705,pi+,1394.377715,2549.208118,-2.179287,-92.000000,-1.938600,82.574632,-94.588252,-0.079324,-0.988436,0.129235
8706,neutron,19510.380578,0.000000,2.744833,-92.000000,2.707179,89.763709,-90.546256,-0.009534,-0.999946,0.004124
8570,proton,17704.684305,136.550490,2.408144,-92.000000,1.288757,88.547126,-87.215181,0.048570,-0.998498,0.025355
8467,gamma,1.708978,1434.157098,-1.675887,-92.000000,-0.466814,128.440848,-130.562815,-0.509333,-0.595030,-0.621706
8649,neutron,35.699860,2532.180390,-0.671779,-92.000000,-2.836248,97.475997,-79.629196,0.178488,-0.975302,-0.130111
8707,neutron,19510.015322,1852.914315,-0.275631,-92.000000,-0.865670,89.626850,-89.280599,0.012555,-0.999900,0.006513
8468,gamma,0.234423,3085.200591,-1.646782,-92.000000,-0.238052,130.292614,-113.166467,-0.300070,-0.701248,-0.646691
8650,gamma,87.183650,2607.426478,-1.054754,-92.000000,-0.265839,96.088927,-89.820231,0.003120,-0.994354,-0.106072
8651,neutron,19511.576325,0.057202,0.501628,-92.000000,-2.173780,90.000000,-90.000000,0.000000,-1.000000,0.000000
8708,neutron,126.975030,2479.278156,-0.946595,-92.000000,2.293118,86.795734,-101.578856,-0.200403,-0.978118,0.055896
8653,gamma,0.352009,0.402828,-1.063622,-92.000000,-2.785065,122.640477,-105.679154,-0.227570,-0.810738,-0.539366
8572,gamma,0.164788,2427.860287,-2.391543,-92.000000,-1.502134,109.528473,-98.464603,-0.138731,-0.932209,-0.334275
8573,gamma,0.094490,815.905450,1.847933,-92.000000,0.495876,118.984431,-41.497585,0.655175,-0.579600,-0.484572
8469,gamma,0.498638,728.185766,-1.091527,-92.000000,-2.592167,71.990440,-101.401234,-0.187993,-0.932239,0.309176
8654,neutron,0.073163,1784.219788,2.526217,-92.000000,2.236653,76.724571,-76.972587,0.219393,-0.948228,0.229632
8574,neutron,0.001299,1033.495850,2.987748,-92.000000,-1.666247,72.461622,-64.510704,0.410338,-0.860706,0.301345
8575,neutron,19511.486966,1.126782,0.464698,-92.000000,-0.546406,89.934608,-90.129082,-0.002253,-0.999997,0.001141
8709,proton,4216.079790,4478.111758,-1.276951,-92.000000,-2.230961,93.503328,-88.335162,0.028999,-0.997710,-0.061107
8710,neutron,19511.520301,1316.812670,0.375904,-92.000000,-1.125309,89.890680,-90.034301,-0.000599,-0.999998,0.001908
8711,neutron,52.001010,7.584264,0.351064,-92.000000,2.412220,60.333641,-99.335969,-0.140959,-0.857413,0.494949
8712,neutron,2.981245,0.619190,-1.513688,-92.000000,-1.713998,74.064386,-135.841216,-0.689842,-0.669878,0.274557
8655,pi-,898.170882,2761.795966,1.644421,-92.000000,0.354468,116.895529,-82.954960,0.109383,-0.885100,-0.452365
8656,neutron,19511.114240,0.000000,2.231434,-92.000000,2.694099,89.705556,-90.089975,-0.001570,-0.999986,0.005139
8471,gamma,0.308366,869.297969,0.307665,-92.000000,-0.072385,54.111310,-64.141243,0.353354,-0.729038,0.586212
8576,proton,12778.168033,114.375660,2.003128,-92.000000,-0.230276,89.317834,-88.647470,0.023602,-0.999651,0.011906
8713,neutron,3.091309,2377.180091,-1.753621,-92.000000,-1.889286,106.949314,-73.202338,0.276440,-0.915748,-0.291526
8714,neutron,19511.576325,0.000000,1.350056,-92.000000,2.688629,90.000000,-90.000000,0.000000,-1.000000,0.000000
8472,neutron,41.742668,1266.910108,-2.527262,-92.000000,1.218077,101.154429,-109.476360,-0.327119,-0.924969,-0.193454
8473,neutron,19511.576325,0.000000,1.564250,-92.000000,-2.827124,90.000000,-90.000000,0.000000,-1.000000,0.000000
8474,neutron,19511.576325,0.000000,0.902913,-92.000000,-1.897272,90.000000,-90.000000,0.000000,-1.000000,0.000000
8475,neutron,19511.115696,0.000000,-1.490482,-92.000000,-2.109150,90.180569,-90.248775,-0.004342,-0.999986,-0.003152
8657,proton,1379.009078,566.860331,-1.127501,-92.000000,-0.495256,88.857410,-90.997374,-0.017403,-0.999650,0.019941
8715,neutron,0.932543,2043.537126,2.975951,-92.000000,0.357398,128.937990,-88.996937,0.013617,-0.777707,-0.628479
8476,gamma,0.104291,1293.230895,-0.625264,-92.000000,-0.837974,60.034734,-83.721992,0.094735,-0.861133,0.499475
8658,neutron,19511.576325,1497.314139,1.048284,-92.000000,1.777270,90.000000,-90.000000,0.000000,-1.000000,0.000000
8577,pi-,1723.735071,852.093330,0.004600,-92.000000,-1.196638,91.115134,-90.447195,-0.007803,-0.999780,-0.019462
8578,neutron,19511.576325,0.186396,-2.838553,-92.000000,1.377865,90.000000,-90.000000,0.000000,-1.000000,0.000000
8716,proton,764.707822,1264.225702,-0.519539,-92.000000,0.729805,87.531066,-96.742983,-0.117307,-0.992161,0.043078
8477,neutron,25.133511,1633.338159,-1.289143,-92.000000,-1.010154,138.668600,-108.464543,-0.209165,-0.626415,-0.750902
8478,neutron,19511.576325,62.418540,-1.884530,-92.000000,0.565755,90.000000,-90.000000,0.000000,-1.000000,0.000000
8579,gamma,0.467821,2910.712403,-0.850065,-92.000000,1.564925,63.238151,-98.070260,-0.125350,-0.884043,0.450283
8717,gamma,0.219660,2339.360451,-0.582454,-92.000000,2.080172,90.171039,-54.793323,0.576525,-0.817074,-0.002985
8580,neutron,2.826124,835.641742,0.527406,-92.000000,2.138719,63.686159,-59.838549,0.450375,-0.775021,0.443288
8719,neutron,19511.576325,0.000000,-1.941158,-92.000000,1.051741,90.000000,-90.000000,0.000000,-1.000000,0.000000
8720,neutron,19511.576325,0.000000,0.166957,-92.000000,1.316290,90.000000,-90.000000,0.000000,-1.000000,0.000000
8659,gamma,1.602461,2929.383301,1.805766,-92.000000,1.279137,105.367993,-74.876779,0.251567,-0.930849,-0.265018
8581,neutron,0.000018,80.890452,-0.154602,-92.000000,2.193095,71.138449,-75.064028,0.243899,-0.914331,0.323282
8479,gamma,0.624507,2356.291945,0.790930,-92.000000,2.156339,45.891381,-71.387397,0.229169,-0.680468,0.696021
8721,pi+,2126.087393,1054.249348,2.253781,-92.000000,-2.292068,103.822004,-93.093622,-0.052405,-0.969627,-0.238906
8582,e+,39.965772,1341.077595,-1.625475,-92.000000,1.047974,95.845785,-123.744227,-0.552598,-0.827201,-0.101851
8583,gamma,3.393530,316.959931,-2.736616,-92.000000,1.764531,79.725079,-90.564776,-0.009699,-0.983915,0.178372
8584,neutron,19511.226486,0.000000,1.519536,-92.000000,-2.509194,90.362301,-90.110095,-0.001921,-0.999978,-0.006323
8661,gamma,1.174709,1668.629180,0.022969,-92.000000,0.580412,117.157233,-74.209603,0.242120,-0.856181,-0.456434
8481,neutron,19511.576325,0.000000,-1.698667,-92.000000,-2.456752,90.000000,-90.000000,0.000000,-1.000000,0.000000
8722,neutron,5620.373523,2467.568043,-1.391647,-92.000000,1.479151,87.469512,-90.781166,-0.013620,-0.998932,0.044151
8723,neutron,19510.875234,237.654083,0.801068,-92.000000,-0.050988,90.367333,-89.828683,0.002990,-0.999975,-0.006411
8724,neutron,19511.542477,0.000000,-1.063087,-92.000000,-0.526028,89.997223,-90.089014,-0.001554,-0.999999,0.000048
8725,neutron,19511.576325,153.427987,-1.213298,-92.000000,-2.984100,90.000000,-90.000000,0.000000,-1.000000,0.000000
8726,neutron,19511.576325,230.210717,2.231528,-92.000000,-1.736717,90.000000,-90.000000,0.000000,-1.000000,0.000000
8482,gamma,1516.900040,1496.692184,-0.110520,-92.000000,0.425298,91.607269,-97.907097,-0.137513,-0.990103,-0.028048
8483,gamma,1.015825,858.339476,-2.688056,-92.000000,-0.194522,70.194081,-88.354447,0.027018,-0.940458,0.338835
8662,proton,2685.998086,2722.043606,-1.595884,-92.000000,0.462512,88.859903,-80.597532,0.163336,-0.986370,0.019897
8663,neutron,19511.576325,0.117043,-1.610714,-92.000000,1.273844,90.000000,-90.000000,0.000000,-1.000000,0.000000
8484,neutron,19267.891482,0.000000,2.320954,-92.000000,-2.862973,89.748646,-91.016823,-0.017746,-0.999833,0.004387
8485,neutron,19511.576325,0.000000,2.595793,-92.000000,-2.408290,90.000000,-90.000000,0.000000,-1.000000,0.000000
8486,neutron,0.187156,2491.668525,1.563949,-92.000000,-1.046340,77.471974,-88.417393,0.026961,-0.975818,0.216917
8487,neutron,19511.141161,0.456855,-2.963261,-92.000000,0.069184,90.062637,-90.313121,-0.005465,-0.999984,-0.001093
8488,neutron,19511.264946,0.000000,-2.110128,-92.000000,-1.418495,89.974611,-90.268919,-0.004694,-0.999989,0.000443
8586,neutron,19511.149319,2784.939908,0.697556,-92.000000,-2.355900,89.765511,-90.212301,-0.003705,-0.999985,0.004093
8727,neutron,4382.344513,0.274026,1.947397,-92.000000,2.916000,88.392181,-89.281300,0.012538,-0.999528,0.028058
8587,pi+,3574.639120,2717.115969,-0.663046,-92.000000,-2.000354,90.271413,-97.534513,-0.131122,-0.991355,-0.004737
8665,gamma,0.210896,1947.202146,-0.336316,-92.000000,1.662210,38.244150,-114.491693,-0.256619,-0.563316,0.785380
8666,neutron,19511.576325,0.000000,-1.571418,-92.000000,-1.892443,90.000000,-90.000000,0.000000,-1.000000,0.000000
8588,pi+,260.506377,2008.233146,1.038734,-92.000000,0.542166,125.840774,-90.401348,-0.005678,-0.810627,-0.585535
8589,neutron,19511.404575,0.000000,1.478757,-92.000000,-2.020415,90.247952,-90.094401,-0.001648,-0.999989,-0.004328
8728,gamma,0.590382,3074.496229,2.173002,-92.000000,-1.681605,91.444187,-83.693578,0.109811,-0.993633,-0.025203
8729,neutron,19511.576325,0.000000,-1.806136,-92.000000,0.402577,90.000000,-90.000000,0.000000,-1.000000,0.000000
8730,neutron,19511.576325,37.039565,-1.408886,-92.000000,1.116968,90.000000,-90.000000,0.000000,-1.000000,0.000000
8667,gamma,0.077365,5.696089,1.901790,-92.000000,-0.381799,104.636642,-118.065248,-0.455209,-0.853776,-0.252688
8668,neutron,19511.576325,0.139792,1.599194,-92.000000,-0.171031,90.000000,-90.000000,0.000000,-1.000000,0.000000
8491,neutron,325.781272,779.195270,2.150887,-92.000000,-1.166430,86.920032,-72.008196,0.308435,-0.949727,0.053730
8492,neutron,19511.576325,0.038026,-2.095457,-92.000000,-2.895208,90.000000,-90.000000,0.000000,-1.000000,0.000000
8669,neutron,19511.576325,481.623721,-2.470086,-92.000000,1.616590,90.000000,-90.000000,0.000000,-1.000000,0.000000
8731,neutron,19140.770952,0.000000,-0.968106,-92.000000,-0.574407,90.282260,-90.792034,-0.013823,-0.999892,-0.004926
8732,neutron,19511.516755,0.000000,-0.791561,-92.000000,-0.715615,89.926601,-90.137940,-0.002407,-0.999996,0.001281
8590,gamma,0.477475,1842.295918,0.799631,-92.000000,1.654750,100.874926,-110.865516,-0.349779,-0.917638,-0.188666
8493,pi-,1989.060823,2607.196785,2.340745,-92.000000,1.544108,79.349896,-79.319873,0.182133,-0.965750,0.184811
8494,neutron,19511.509246,0.000000,-2.515154,-92.000000,-0.534576,90.163077,-89.960567,0.000688,-0.999996,-0.002846
8733,pi+,2059.645359,2326.973812,2.458165,-92.000000,0.727225,90.013886,-97.643425,-0.133008,-0.991115,-0.000242
8495,neutron,19511.576325,1387.408497,-1.326155,-92.000000,-2.794447,90.000000,-90.000000,0.000000,-1.000000,0.000000
8670,neutron,229.132494,16.294635,-2.830985,-92.000000,-0.415398,50.608741,-127.411686,-0.469524,-0.613852,0.634613
8734,gamma,0.123478,2295.187355,-0.289763,-92.000000,2.746982,95.732599,-78.878993,0.191917,-0.976315,-0.099886
8735,neutron,19511.576325,0.000000,-1.184828,-92.000000,-2.307546,90.000000,-90.000000,0.000000,-1.000000,0.000000
8736,neutron,19267.383384,0.000000,-1.201550,-92.000000,-0.384376,90.743708,-91.873755,-0.032695,-0.999381,-0.012980
8737,neutron,19511.576325,0.000000,-1.541025,-92.000000,-1.657516,90.000000,-90.000000,0.000000,-1.000000,0.000000
8496,neutron,6.202269,1548.944871,-0.103511,-92.000000,-2.706254,89.328344,-78.558367,0.198356,-0.980060,0.011722
8738,neutron,16.312663,609.527010,-0.082930,-92.000000,-0.569032,55.892817,-57.832701,0.440816,-0.700891,0.560743
8739,neutron,19511.576325,0.000000,1.172192,-92.000000,-1.429167,90.000000,-90.000000,0.000000,-1.000000,0.000000
8591,pi-,367.180815,2087.810056,1.822159,-92.000000,0.527679,105.935590,-72.221867,0.293598,-0.915652,-0.274557
8671,proton,70.732950,1726.452315,2.959068,-92.000000,-1.618021,70.493396,-78.936889,0.180876,-0.925086,0.333916
8672,neutron,19511.273663,0.000000,1.359515,-92.000000,-2.361567,89.844626,-89.776633,0.003898,-0.999989,0.002712
8673,neutron,19511.479281,0.000000,-1.633763,-92.000000,1.985589,89.806336,-89.952382,0.000831,-0.999994,0.003380
8674,neutron,19510.734856,0.000000,-0.929151,-92.000000,1.827330,90.007176,-90.443989,-0.007749,-0.999970,-0.000125
8497,neutron,19511.576325,2276.690979,2.195711,-92.000000,-2.856354,90.000000,-90.000000,0.000000,-1.000000,0.000000
8498,neutron,19511.258596,0.000000,0.663784,-92.000000,-1.310312,89.765073,-89.861222,0.002422,-0.999989,0.004100
8740,neutron,0.000007,1785.574260,-2.423636,-92.000000,-2.780176,94.186569,-107.920381,-0.306874,-0.948946,-0.073004
8741,neutron,19511.570635,0.000000,-0.793804,-92.000000,-0.471088,90.017523,-89.945006,0.000960,-0.999999,-0.000306
8742,neutron,19511.536490,0.000000,-2.606970,-92.000000,1.338633,90.064920,-90.071550,-0.001249,-0.999999,-0.001133
8499,gamma,0.585891,1227.820584,1.678230,-92.000000,-0.091023,64.384895,-38.809722,0.702648,-0.565140,0.432323
8800,neutron,19511.576325,572.511240,2.524379,-92.000000,1.846406,90.000000,-90.000000,0.000000,-1.000000,0.000000
8801,gamma,0.849421,176.407200,1.493394,-92.000000,0.750490,87.393370,-31.133117,0.855083,-0.516493,0.045479
8743,neutron,59.975556,1807.689048,-0.203391,-92.000000,2.214677,76.611445,-91.737497,-0.029496,-0.972375,0.231554
8744,neutron,19474.550119,964.348118,-1.622521,-92.000000,-1.972352,90.039510,-89.600746,0.006968,-0.999975,-0.000690
8745,neutron,19511.576325,0.132911,-0.434752,-92.000000,1.605576,90.000000,-90.000000,0.000000,-1.000000,0.000000
8592,e-,0.856891,0.856891,0.814693,-92.000000,-2.384755,105.991037,-158.351998,-0.893502,-0.354629,-0.275487
8802,gamma,0.233539,1521.159654,-1.064994,-92.000000,2.414893,94.000178,-68.938720,0.358491,-0.930923,-0.069760
8675,neutron,19509.979856,988.777944,0.203528,-92.000000,-0.766427,89.227262,-89.833474,0.002906,-0.999905,0.013486
8676,neutron,19511.207993,0.000000,0.746045,-92.000000,1.080593,90.259753,-89.910067,0.001570,-0.999988,-0.004534
8803,neutron,19511.576325,1573.196076,0.450345,-92.000000,-1.609894,90.000000,-90.000000,0.000000,-1.000000,0.000000
8677,neutron,19511.576325,2580.700803,1.068546,-92.000000,1.682790,90.000000,-90.000000,0.000000,-1.000000,0.000000
8678,neutron,19511.431086,0.000000,-2.059028,-92.000000,-2.468535,90.001708,-89.836744,0.002849,-0.999996,-0.000030
8746,neutron,7.225970,2047.347961,0.955282,-92.000000,-0.639925,70.831350,-121.846920,-0.498397,-0.802364,0.328350
8804,neutron,19440.184523,2046.636550,-2.729122,-92.000000,2.641443,90.009530,-88.971752,0.017945,-0.999839,-0.000166
8747,neutron,19511.576325,707.187517,-2.909915,-92.000000,0.576325,90.000000,-90.000000,0.000000,-1.000000,0.000000
8593,mu-,528.271848,5855.955417,-0.262010,-92.000000,2.400216,54.354184,-112.678474,-0.313319,-0.749805,0.582773
8594,neutron,19511.576325,0.000000,-1.435277,-92.000000,-2.000910,90.000000,-90.000000,0.000000,-1.000000,0.000000
8805,gamma,0.088210,103.314262,-1.458506,-92.000000,-0.661855,100.328931,-54.729148,0.568085,-0.803201,-0.179299
8595,neutron,19337.029600,1581.121711,0.253816,-92.000000,-2.894914,90.503450,-89.610474,0.006798,-0.999938,-0.008787
8679,gamma,100.238900,2080.689811,-1.075541,-92.000000,-2.255294,86.685322,-79.850544,0.175922,-0.982705,0.057820
8680,pi+,1163.461454,1153.021366,-2.879390,-92.000000,2.224456,83.454498,-88.775392,0.021233,-0.993255,0.113992
8748,pi-,1749.473307,104.310252,-2.204341,-92.000000,0.799161,86.126767,-93.550340,-0.061784,-0.995801,0.067549
8806,pi+,1500.881629,1695.385903,2.544060,-92.000000,-0.775929,84.433592,-77.848223,0.209509,-0.972984,0.096999
8807,neutron,4.641199,984.121375,1.569283,-92.000000,1.894924,63.793733,-87.572031,0.038009,-0.896405,0.441604
8681,neutron,30.408051,2868.663566,-1.593867,-92.000000,2.939667,67.937299,-115.412978,-0.397715,-0.837097,0.375621
8808,neutron,19510.627501,1238.237533,-2.143706,-92.000000,2.318181,90.019045,-90.359195,-0.006269,-0.999980,-0.000332
8809,neutron,19509.535039,0.000000,0.089781,-92.000000,-1.196162,90.448713,-89.672999,0.005707,-0.999953,-0.007831
8682,neutron,19511.576325,496.279523,-1.509583,-92.000000,-1.607927,90.000000,-90.000000,0.000000,-1.000000,0.000000
8683,neutron,19511.576325,169.144256,-1.945364,-92.000000,-2.618388,90.000000,-90.000000,0.000000,-1.000000,0.000000
8750,mu+,1594.550420,3627.402040,-0.549632,-92.000000,1.782639,87.899946,-77.883786,0.209754,-0.977067,0.036645
8751,neutron,19405.797239,292.939766,1.932472,-92.000000,1.658610,90.237240,-90.459542,-0.008020,-0.999959,-0.004141
8810,neutron,1.084868,1461.011812,0.574110,-92.000000,2.048346,56.370772,-40.411144,0.633981,-0.539773,0.553816
8811,neutron,19511.576325,0.000000,1.191693,-92.000000,-1.627162,90.000000,-90.000000,0.000000,-1.000000,0.000000
8812,gamma,6.782802,52.120486,-1.299305,-92.000000,0.001649,74.027082,-128.601098,-0.599807,-0.751336,0.275183
8597,proton,14003.984653,95.643969,1.119845,-92.000000,2.432282,88.480612,-89.661764,0.005901,-0.999631,0.026515
8813,gamma,333.895515,1638.794292,-2.778437,-92.000000,-1.469419,84.699655,-91.225391,-0.021294,-0.995496,0.092377
8814,neutron,19396.131095,0.000000,2.550597,-92.000000,1.497729,88.832972,-89.708734,0.005082,-0.999780,0.020367
8752,gamma,0.105706,2645.430055,1.118162,-92.000000,2.713396,41.881295,-63.129240,0.301737,-0.595509,0.744530
8685,neutron,0.000178,14.042684,1.784960,-92.000000,-0.501059,65.207803,-55.507154,0.514110,-0.748234,0.419328
8815,proton,2781.420201,2950.555273,0.677474,-92.000000,1.447081,89.678137,-89.022486,0.017060,-0.999839,0.005618
8816,neutron,19511.551675,301.295194,-0.290234,-92.000000,2.435808,89.934390,-90.076144,-0.001329,-0.999998,0.001145
8817,neutron,19511.562536,0.000000,1.259891,-92.000000,0.354972,89.926415,-90.015380,-0.000268,-0.999999,0.001284
8753,gamma,0.834037,3336.682952,-2.057787,-92.000000,1.649808,91.986267,-85.602876,0.076623,-0.996458,-0.034660
8686,neutron,0.219364,2355.196946,-0.993536,-92.000000,-2.221496,89.876244,-129.434682,-0.635197,-0.772347,0.002160
8818,gamma,15.818863,573.872958,2.820723,-92.000000,-2.491539,81.842904,-96.928261,-0.119406,-0.982655,0.141888
8687,neutron,19511.576325,81.393257,-0.133843,-92.000000,-0.732857,90.000000,-90.000000,0.000000,-1.000000,0.000000
8688,neutron,19511.576325,0.119202,-1.546886,-92.000000,1.053071,90.000000,-90.000000,0.000000,-1.000000,0.000000
8689,neutron,19511.576325,0.000000,-0.721664,-92.000000,-2.645657,90.000000,-90.000000,0.000000,-1.000000,0.000000
8754,proton,5818.150447,1263.995461,2.564196,-92.000000,-1.833914,95.286593,-93.167697,-0.055024,-0.994225,-0.092138
8599,neutron,12.216598,283.223920,-2.854644,-92.000000,1.706604,108.214599,-110.089928,-0.326283,-0.892096,-0.312577
8900,gamma,0.219690,636.166340,-1.520835,-92.000000,-0.244921,57.998489,-59.966551,0.424446,-0.734171,0.529942
8901,neutron,0.374555,0.327203,-1.291111,-92.000000,1.732732,56.787596,-129.111843,-0.527786,-0.649167,0.547744
8690,neutron,2.162396,2170.104362,-0.918304,-92.000000,2.338224,89.857140,-122.464626,-0.536777,-0.843720,0.002493
8691,neutron,19510.491261,0.000000,1.357127,-92.000000,-0.443085,89.783991,-89.544365,0.007952,-0.999961,0.003770
8692,neutron,16724.588569,462.503475,1.739486,-92.000000,-1.743649,89.391270,-89.972324,0.000483,-0.999943,0.010624
8902,gamma,0.581415,2120.601622,0.348919,-92.000000,-0.188504,104.117488,-91.475314,-0.024969,-0.969476,-0.243911
8903,neutron,19510.823707,0.000000,2.750622,-92.000000,2.165860,89.677822,-89.775061,0.003926,-0.999976,0.005623
8904,neutron,19511.576325,0.000000,-0.303328,-92.000000,-1.398072,90.000000,-90.000000,0.000000,-1.000000,0.000000
8755,gamma,0.098221,3993.892641,1.348475,-92.000000,1.472956,41.490307,-78.139499,0.136162,-0.648350,0.749068
8694,neutron,19511.039583,2066.767198,0.230596,-92.000000,-1.397836,89.820394,-90.433278,-0.007562,-0.999966,0.003135
8695,neutron,19173.961575,0.000000,-2.380276,-92.000000,-2.955725,90.480118,-90.450038,-0.007854,-0.999934,-0.008380
8696,neutron,656.230543,177.414034,-0.726783,-92.000000,-0.686133,74.842499,-111.140993,-0.348117,-0.900248,0.261473
8756,neutron,19511.576325,961.608018,-2.127158,-92.000000,0.585657,90.000000,-90.000000,0.000000,-1.000000,0.000000
8697,neutron,19510.764718,210.873875,-2.508741,-92.000000,-2.028359,89.765832,-90.226828,-0.003959,-0.999984,0.004087
8906,neutron,19511.576325,1455.208699,-2.354408,-92.000000,-0.654178,90.000000,-90.000000,0.000000,-1.000000,0.000000
8907,neutron,19511.576325,0.000000,0.494429,-92.000000,1.360122,90.000000,-90.000000,0.000000,-1.000000,0.000000
8757,neutron,0.002443,709.998827,-2.965507,-92.000000,-0.273374,120.047106,-122.509072,-0.465210,-0.729978,-0.500712
8821,gamma,3.286019,3384.406044,2.558647,-92.000000,0.499801,74.563127,-42.667982,0.708767,-0.653299,0.266177
8698,gamma,0.424895,3278.142797,1.315441,-92.000000,2.942080,88.884608,-82.721979,0.126660,-0.991755,0.019466
8908,gamma,1.590480,2852.512139,2.034705,-92.000000,1.019831,96.366445,-75.783695,0.244069,-0.963397,-0.110887
8909,neutron,19511.576325,44.021655,1.415300,-92.000000,-1.500540,90.000000,-90.000000,0.000000,-1.000000,0.000000
8758,gamma,0.355502,2065.989976,-2.826446,-92.000000,-2.156166,78.738466,-120.889891,-0.503505,-0.841633,0.195288
8759,gamma,0.865578,1411.492557,-0.524663,-92.000000,0.120499,53.145059,-84.443770,0.077473,-0.796397,0.599791
8699,gamma,4.041472,2419.413197,-0.838857,-92.000000,2.826351,30.837032,-105.135366,-0.133840,-0.494817,0.858629
8760,gamma,1.677488,121.406433,0.116966,-92.000000,1.370092,65.806382,-85.727381,0.067958,-0.909631,0.409821
8761,gamma,0.504392,261.603793,0.626866,-92.000000,0.514238,114.751681,-90.456053,-0.007228,-0.908102,-0.418686
8762,neutron,19511.576325,419.408179,1.314837,-92.000000,0.324495,90.000000,-90.000000,0.000000,-1.000000,0.000000
8763,neutron,19511.576325,0.000000,2.531470,-92.000000,-2.917308,90.000000,-90.000000,0.000000,-1.000000,0.000000
8822,neutron,246.752674,1408.807250,-0.276422,-92.000000,1.394332,87.357802,-89.912353,0.001528,-0.998936,0.046099
8823,neutron,19511.307305,0.000000,2.174779,-92.000000,-2.410108,90.244736,-90.224416,-0.003917,-0.999983,-0.004271
8911,gamma,0.119552,790.407742,2.446799,-92.000000,-0.738722,56.584640,-91.371028,-0.019972,-0.834461,0.550705
8912,neutron,19511.576325,0.000000,-0.456846,-92.000000,-0.145464,90.000000,-90.000000,0.000000,-1.000000,0.000000
8913,neutron,0.606744,219.592964,-0.054340,-92.000000,-0.875155,114.175283,-98.016065,-0.127220,-0.903383,-0.409530
8764,pi+,2766.032221,527.916045,2.473604,-92.000000,2.838657,91.060580,-81.581673,0.146374,-0.989056,-0.018510
9000,neutron,19511.576325,2519.750173,-2.166528,-92.000000,-0.452596,90.000000,-90.000000,0.000000,-1.000000,0.000000
8765,gamma,7.509932,1469.619641,-0.982007,-92.000000,-0.308917,100.979504,-80.010534,0.170292,-0.966813,-0.190458
9001,neutron,19511.576325,2206.219979,0.950652,-92.000000,-0.774551,90.000000,-90.000000,0.000000,-1.000000,0.000000
8824,neutron,19511.576325,3473.294065,1.100675,-92.000000,-0.115602,90.000000,-90.000000,0.000000,-1.000000,0.000000
8825,neutron,19511.576325,215.655254,-1.922916,-92.000000,0.937294,90.000000,-90.000000,0.000000,-1.000000,0.000000
8826,neutron,19511.576325,0.778203,-0.555306,-92.000000,-0.075939,90.000000,-90.000000,0.000000,-1.000000,0.000000
8827,neutron,19511.576325,0.000000,2.140496,-92.000000,0.844867,90.000000,-90.000000,0.000000,-1.000000,0.000000
8828,proton,18486.017005,88.655742,0.647944,-92.000000,-1.973149,89.674302,-89.413277,0.010240,-0.999931,0.005684
8766,pi+,1050.926486,1136.473450,-1.502360,-92.000000,-2.717088,104.490650,-79.155569,0.182158,-0.950898,-0.250222
8767,neutron,19511.557095,0.000000,0.791478,-92.000000,2.468936,90.066484,-89.941166,0.001027,-0.999999,-0.001160
8829,neutron,19371.210053,1.094838,0.077343,-92.000000,0.033544,90.865842,-89.107173,0.015580,-0.999764,-0.015111
8830,neutron,19511.576325,1120.434369,-2.837560,-92.000000,0.590778,90.000000,-90.000000,0.000000,-1.000000,0.000000
8914,neutron,0.007919,2507.975338,1.981462,-92.000000,1.037375,80.748713,-52.138170,0.605776,-0.779224,0.160765
8915,neutron,19511.576325,1579.372755,-0.126521,-92.000000,0.382095,90.000000,-90.000000,0.000000,-1.000000,0.000000
8768,gamma,0.051448,2089.153814,-0.936171,-92.000000,-1.490078,125.130875,-56.268966,0.454142,-0.680159,-0.575446
8916,neutron,14494.926512,0.000000,2.254070,-92.000000,-1.489183,91.469660,-88.636294,0.023791,-0.999388,-0.025648
8831,gamma,6.552329,3610.074612,1.289326,-92.000000,-1.157283,94.964912,-73.885466,0.276517,-0.957104,-0.086546
9002,neutron,240.828157,3524.443783,0.430440,-92.000000,1.787614,82.992137,-106.044418,-0.274318,-0.953868,0.122006
8769,gamma,0.512454,2210.100390,-1.317299,-92.000000,-2.649747,96.785251,-103.524825,-0.232229,-0.965459,-0.118148
9003,neutron,19511.576325,321.932562,-0.075522,-92.000000,-2.206710,90.000000,-90.000000,0.000000,-1.000000,0.000000
9004,neutron,19511.576325,972.018428,-2.930124,-92.000000,2.987619,90.000000,-90.000000,0.000000,-1.000000,0.000000
8917,proton,934.626418,351.114703,0.672195,-92.000000,-0.302601,87.363189,-90.786775,-0.013717,-0.998847,0.046005
8918,neutron,19511.576325,0.000000,1.258609,-92.000000,1.764094,90.000000,-90.000000,0.000000,-1.000000,0.000000
8919,neutron,19511.576325,0.000000,-2.921616,-92.000000,-1.072030,90.000000,-90.000000,0.000000,-1.000000,0.000000
8920,neutron,19511.118897,0.000000,1.945030,-92.000000,1.163522,89.846096,-89.735140,0.004623,-0.999986,0.002686
8921,gamma,0.387236,1218.061337,1.033263,-92.000000,-1.114025,80.330156,-81.678512,0.142671,-0.975413,0.167971
8832,pi-,2169.675872,1874.097348,-0.547757,-92.000000,-0.659772,91.056594,-90.242251,-0.004227,-0.999821,-0.018440
8833,neutron,19511.576325,0.280349,-2.943731,-92.000000,-1.273339,90.000000,-90.000000,0.000000,-1.000000,0.000000
9005,gamma,0.108537,1846.620109,-1.105885,-92.000000,2.696092,94.380404,-93.049763,-0.053048,-0.995667,-0.076378
8834,gamma,0.411095,27.383369,2.694910,-92.000000,-0.027125,83.746969,-71.583110,0.314049,-0.943138,0.108919
8835,neutron,19510.813265,0.000000,-2.574785,-92.000000,-2.699822,90.274959,-89.696998,0.005288,-0.999975,-0.004799
8836,neutron,19391.611947,0.000000,-1.043620,-92.000000,-0.768940,89.798070,-89.510450,0.008544,-0.999957,0.003524
8837,neutron,19511.576325,105.807826,-2.640053,-92.000000,-1.085808,90.000000,-90.000000,0.000000,-1.000000,0.000000
8770,pi-,6814.620187,1042.337279,-0.444377,-92.000000,-2.259260,90.529589,-91.934783,-0.033760,-0.999387,-0.009243
8771,neutron,19511.576325,490.890501,-2.529448,-92.000000,0.683667,90.000000,-90.000000,0.000000,-1.000000,0.000000
8772,neutron,19511.576325,319.817807,-2.059183,-92.000000,1.055560,90.000000,-90.000000,0.000000,-1.000000,0.000000
8922,neutron,47.423838,245.399343,0.384618,-92.000000,2.642657,76.527940,-93.303776,-0.056044,-0.970867,0.232971
8838,neutron,19510.941527,2462.036582,-1.349904,-92.000000,1.343805,90.238779,-89.697125,0.005286,-0.999977,-0.004167
8839,neutron,19511.576325,0.000000,1.762444,-92.000000,-1.454509,90.000000,-90.000000,0.000000,-1.000000,0.000000
8923,neutron,19511.576325,687.431139,1.041459,-92.000000,-0.491244,90.000000,-90.000000,0.000000,-1.000000,0.000000
8773,neutron,19511.576325,2130.454006,-1.973797,-92.000000,-0.864244,90.000000,-90.000000,0.000000,-1.000000,0.000000
8774,neutron,19511.576325,0.000000,0.827293,-92.000000,0.325753,90.000000,-90.000000,0.000000,-1.000000,0.000000
8924,neutron,19511.576325,362.703723,2.644012,-92.000000,-0.065594,90.000000,-90.000000,0.000000,-1.000000,0.000000
9006,gamma,0.063248,1943.074053,-0.152650,-92.000000,1.729301,71.697867,-60.651265,0.465331,-0.827559,0.314028
9007,neutron,19511.576325,0.000000,2.554297,-92.000000,1.773675,90.000000,-90.000000,0.000000,-1.000000,0.000000
9008,neutron,19511.576325,0.000000,-2.291356,-92.000000,0.295605,90.000000,-90.000000,0.000000,-1.000000,0.000000
9009,gamma,5.517695,348.531744,-2.657257,-92.000000,1.446287,97.563486,-152.063215,-0.875779,-0.464421,-0.131625
9010,neutron,19511.576325,0.000000,0.816275,-92.000000,-2.313147,90.000000,-90.000000,0.000000,-1.000000,0.000000
8775,neutron,19511.576325,2150.927425,1.972578,-92.000000,-0.197985,90.000000,-90.000000,0.000000,-1.000000,0.000000
8840,neutron,65.459642,1488.999620,1.026373,-92.000000,-1.872018,129.436001,-119.402295,-0.379169,-0.672853,-0.635216
8841,neutron,19511.564327,0.000000,0.153931,-92.000000,-0.193885,90.063646,-89.970558,0.000514,-0.999999,-0.001111
8842,neutron,19511.576325,0.399007,-2.425941,-92.000000,-2.646634,90.000000,-90.000000,0.000000,-1.000000,0.000000
8776,neutron,19511.576325,1628.816338,-1.517508,-92.000000,-2.419867,90.000000,-90.000000,0.000000,-1.000000,0.000000
8925,neutron,19450.480807,3393.217653,2.296219,-92.000000,-1.355039,90.034505,-89.312736,0.011995,-0.999928,-0.000602
8777,gamma,5.941354,2577.920562,-2.988483,-92.000000,-0.663511,102.359321,-111.290342,-0.354679,-0.910159,-0.214042
8778,neutron,19511.576325,0.000000,-2.541499,-92.000000,1.252887,90.000000,-90.000000,0.000000,-1.000000,0.000000
8779,neutron,19511.151483,0.000000,2.830387,-92.000000,0.245569,89.897613,-89.701560,0.005209,-0.999985,0.001787
8926,neutron,19511.479558,1581.274321,-0.706914,-92.000000,0.696788,89.954496,-90.193879,-0.003384,-0.999994,0.000794
8843,neutron,1.310946,3351.437720,-1.300525,-92.000000,-0.676723,96.548213,-145.033098,-0.814137,-0.569364,-0.114039
8927,neutron,183.896198,930.282303,-1.297111,-92.000000,0.513210,95.150750,-98.598747,-0.148910,-0.984767,-0.089777
8928,neutron,19511.576325,0.000000,2.388569,-92.000000,-1.760150,90.000000,-90.000000,0.000000,-1.000000,0.000000
9011,gamma,4.778759,3301.153593,-1.886724,-92.000000,-2.429997,130.830527,-113.766936,-0.304942,-0.692477,-0.653824
8844,neutron,19511.576325,1959.056117,1.101653,-92.000000,2.612061,90.000000,-90.000000,0.000000,-1.000000,0.000000
9012,neutron,19511.576325,1933.720519,1.017202,-92.000000,2.028476,90.000000,-90.000000,0.000000,-1.000000,0.000000
9013,neutron,19511.576325,0.000000,-2.885810,-92.000000,-1.678255,90.000000,-90.000000,0.000000,-1.000000,0.000000
8780,gamma,0.144003,2775.132035,2.306606,-92.000000,2.473927,84.541100,-94.507557,-0.078234,-0.992386,0.095132
8781,neutron,19511.576325,0.000000,-2.624369,-92.000000,0.645764,90.000000,-90.000000,0.000000,-1.000000,0.000000
8845,gamma,0.369577,870.844009,1.935800,-92.000000,1.441850,93.027467,-33.978815,0.828087,-0.558106,-0.052815
8846,neutron,19511.576325,0.189872,-2.684154,-92.000000,1.674885,90.000000,-90.000000,0.000000,-1.000000,0.000000
8847,neutron,19511.501865,0.000000,2.048991,-92.000000,-2.860448,90.172656,-90.026587,-0.000464,-0.999995,-0.003013
8929,neutron,11640.265745,3551.046304,-0.122969,-92.000000,2.565525,86.783176,-88.666478,0.023236,-0.998154,0.056115
8782,neutron,19511.576325,3247.818208,0.427473,-92.000000,0.423839,90.000000,-90.000000,0.000000,-1.000000,0.000000
8783,gamma,0.218063,148.930480,0.506056,-92.000000,2.802371,41.426969,-124.854482,-0.378138,-0.542966,0.749800
8784,neutron,19510.989248,0.000000,1.061283,-92.000000,0.468518,90.195108,-89.713002,0.005009,-0.999982,-0.003405
8785,neutron,35.470555,0.340709,-1.439314,-92.000000,1.720011,44.215530,-127.173015,-0.421361,-0.555666,0.716722
9014,pi+,1220.579857,2625.831014,-1.818687,-92.000000,-1.525215,88.591349,-85.760191,0.073909,-0.996962,0.024583
9015,neutron,101.692547,774.842662,1.787971,-92.000000,-2.605516,135.558514,-53.983125,0.411723,-0.566337,-0.713966
8848,neutron,0.001746,3781.309713,0.162272,-92.000000,2.789570,64.439899,-99.058880,-0.142040,-0.890881,0.431458
8930,neutron,31.496091,52.094124,0.141408,-92.000000,1.568396,107.129613,-91.692191,-0.028220,-0.955224,-0.294534
8931,neutron,19511.170231,0.000000,2.632182,-92.000000,-2.260628,89.726916,-89.856538,0.002504,-0.999986,0.004766
8932,neutron,19511.576325,0.000000,-1.646613,-92.000000,-0.000420,90.000000,-90.000000,0.000000,-1.000000,0.000000
9016,neutron,5.084254,2704.692924,0.074330,-92.000000,1.756248,103.230909,-74.314243,0.263185,-0.937203,-0.228876
9017,neutron,19360.429276,0.000000,1.572394,-92.000000,0.297464,90.379097,-88.989795,0.017630,-0.999823,-0.006616
8849,gamma,0.085451,3075.583861,-0.893979,-92.000000,-2.086159,83.622478,-85.453061,0.078785,-0.990684,0.111079
8850,neutron,19511.576325,0.000000,0.901012,-92.000000,2.701439,90.000000,-90.000000,0.000000,-1.000000,0.000000
8933,neutron,19189.668324,1942.615572,0.782354,-92.000000,2.361466,90.087981,-90.662085,-0.011555,-0.999932,-0.001536
8934,neutron,15080.741913,1770.253479,2.209871,-92.000000,0.715758,87.955162,-88.911497,0.018985,-0.999183,0.035682
8935,gamma,0.078487,527.583617,0.928563,-92.000000,1.586349,57.392492,-73.524160,0.238909,-0.807793,0.538881
8936,neutron,19511.576325,0.000000,2.555407,-92.000000,2.561857,90.000000,-90.000000,0.000000,-1.000000,0.000000
8937,neutron,19510.598097,0.000000,0.272807,-92.000000,0.510324,89.594730,-89.829335,0.002979,-0.999971,0.007073
8851,proton,9455.764135,829.033912,-2.304220,-92.000000,-1.805587,96.482356,-85.790969,0.072926,-0.990927,-0.112897
9018,e-,2.352057,109.606238,1.013236,-92.000000,-0.441142,130.596484,-16.095633,0.729546,-0.210513,-0.650728
8788,neutron,0.673207,4293.705519,2.485866,-92.000000,1.184612,132.158368,-140.924034,-0.575473,-0.467274,-0.671182
8939,proton,175.127443,555.619849,1.998977,-92.000000,-0.872849,62.043165,-62.027383,0.414312,-0.780107,0.468806
9019,pi-,3885.920566,343.686615,-1.333788,-92.000000,1.793801,90.628899,-88.557577,0.025171,-0.999623,-0.010976
9020,neutron,19511.576325,1440.150371,1.739388,-92.000000,1.891537,90.000000,-90.000000,0.000000,-1.000000,0.000000
8789,neutron,18917.618403,1728.395680,-0.771070,-92.000000,0.874226,90.670358,-88.408273,0.027775,-0.999546,-0.011700
8940,neutron,14.187054,3230.764219,0.560353,-92.000000,0.464023,102.225184,-66.141046,0.395314,-0.893805,-0.211754
9021,pi+,2122.364968,2373.702583,-1.231186,-92.000000,-1.990291,92.259688,-97.846913,-0.136421,-0.989866,-0.039429
8853,neutron,19511.576325,0.000000,-0.006780,-92.000000,-0.881351,90.000000,-90.000000,0.000000,-1.000000,0.000000
8854,neutron,19511.576325,0.000000,2.699210,-92.000000,1.402422,90.000000,-90.000000,0.000000,-1.000000,0.000000
8790,gamma,0.097688,2102.539685,-2.284467,-92.000000,-1.225935,74.390130,-79.159249,0.181143,-0.945928,0.269086
8941,neutron,19511.576325,2148.406559,-1.055269,-92.000000,-0.736263,90.000000,-90.000000,0.000000,-1.000000,0.000000
8942,proton,11894.745228,88.784620,1.784176,-92.000000,1.247702,90.650560,-89.928694,0.001244,-0.999935,-0.011354
8791,gamma,0.908689,1568.296193,-0.315722,-92.000000,-1.119554,91.866768,-126.612978,-0.596090,-0.802256,-0.032575
9022,pi+,675.070331,1815.502178,-0.722107,-92.000000,2.050657,101.310434,-91.668689,-0.028554,-0.980163,-0.196125
8943,neutron,14518.128422,1943.214293,-2.900931,-92.000000,-1.393034,89.380106,-89.186696,0.014194,-0.999841,0.010819
8944,proton,3068.900656,525.047818,1.813896,-92.000000,-1.961394,99.185653,-84.231041,0.099228,-0.982177,-0.159634
9023,gamma,0.615363,1648.666493,-1.879964,-92.000000,0.966909,93.793592,-77.247035,0.220264,-0.973194,-0.066162
9024,neutron,19511.576325,0.000000,-0.788074,-92.000000,0.439115,90.000000,-90.000000,0.000000,-1.000000,0.000000
8945,neutron,40.051222,960.021858,0.636536,-92.000000,-1.234706,143.518726,-68.260515,0.220217,-0.552273,-0.804051
8856,neutron,19511.576325,3418.819895,-0.293263,-92.000000,-0.775812,90.000000,-90.000000,0.000000,-1.000000,0.000000
8946,neutron,12179.254812,1389.722597,0.567779,-92.000000,1.477565,93.632203,-89.958048,0.000731,-0.997991,-0.063351
8792,neutron,0.000001,3087.873324,-0.987061,-92.000000,-2.181007,93.659392,-104.886752,-0.256386,-0.964465,-0.063825
8793,e-,3.936521,3.986136,2.952446,-92.000000,2.242174,115.013116,-82.547256,0.117543,-0.898556,-0.422826
9025,e+,42.096016,533.026289,-1.314779,-92.000000,-1.484288,99.064926,-89.095063,0.015596,-0.987387,-0.157554
8794,neutron,19511.576325,0.000000,1.313097,-92.000000,0.065880,90.000000,-90.000000,0.000000,-1.000000,0.000000
9026,neutron,0.000002,2425.378261,-0.485237,-92.000000,-0.339561,80.252167,-65.559852,0.407769,-0.897250,0.169312
8947,neutron,1.074038,2982.989255,-0.970666,-92.000000,-2.711067,141.035364,-118.620240,-0.301216,-0.552005,-0.777534
8948,gamma,1.002184,1.564120,1.694443,-92.000000,2.282996,86.680226,-89.791508,0.003633,-0.998315,0.057909
8795,neutron,2.813588,2549.120673,2.213750,-92.000000,-0.810521,97.683352,-54.034989,0.582018,-0.802109,-0.133698
8796,neutron,19510.947379,208.886259,-2.566355,-92.000000,0.348713,90.350099,-90.080342,-0.001402,-0.999980,-0.006110
8949,e+,70.735520,758.211363,-0.663723,-92.000000,-0.522593,57.822602,-59.683965,0.427238,-0.730661,0.532542
9027,pi+,236.807009,1597.669345,-1.177148,-92.000000,1.068603,100.436971,-136.082281,-0.708419,-0.682148,-0.181154
8950,neutron,19511.576325,615.990108,1.613035,-92.000000,-2.721550,90.000000,-90.000000,0.000000,-1.000000,0.000000
8951,neutron,19466.256926,0.000000,2.551605,-92.000000,-1.515870,90.013363,-89.571768,0.007474,-0.999972,-0.000233
9028,neutron,0.000440,347.237756,-1.153911,-92.000000,-2.526250,103.316966,-117.692604,-0.452232,-0.861644,-0.230338
8858,neutron,108.192524,2610.768836,2.418052,-92.000000,-0.799527,94.952094,-58.912314,0.514422,-0.853181,-0.086323
9029,neutron,16644.868664,514.473249,0.930150,-92.000000,-1.222737,88.997838,-90.226890,-0.003959,-0.999839,0.017490
8797,neutron,19511.576325,1479.249620,2.161736,-92.000000,0.722825,90.000000,-90.000000,0.000000,-1.000000,0.000000
8952,gamma,0.103142,1492.291190,-1.607846,-92.000000,-2.451381,83.861165,-132.650010,-0.673633,-0.731288,0.106938
8953,neutron,19511.576325,0.000000,2.591835,-92.000000,2.563608,90.000000,-90.000000,0.000000,-1.000000,0.000000
8798,gamma,0.773985,1619.462350,-0.932663,-92.000000,-2.189951,123.618611,-106.798084,-0.240662,-0.797208,-0.553662
9030,gamma,0.077220,2067.504756,-1.037986,-92.000000,-2.206711,99.212928,-97.907096,-0.135793,-0.977715,-0.160104
8954,neutron,0.476136,2923.325156,-0.182190,-92.000000,-2.488790,105.102620,-61.952900,0.453957,-0.852078,-0.260549
9031,gamma,1.361662,979.280258,1.013564,-92.000000,-1.146592,138.427373,-63.829798,0.292660,-0.595545,-0.748115
9033,neutron,0.067946,0.006410,1.195438,-92.000000,1.706443,112.525882,-94.011373,-0.064617,-0.921444,-0.383101
8955,neutron,19511.576325,897.068031,2.257188,-92.000000,0.395846,90.000000,-90.000000,0.000000,-1.000000,0.000000
8859,gamma,2.409540,4314.644930,1.880389,-92.000000,-2.672899,129.324866,-80.701034,0.124997,-0.763400,-0.633717
8860,neutron,19511.295502,251.406051,-1.263467,-92.000000,2.405721,89.779152,-89.869507,0.002278,-0.999990,0.003855
8799,gamma,0.201414,3248.083439,0.698045,-92.000000,-2.127602,85.399646,-106.926978,-0.290215,-0.953595,0.080205
9100,neutron,19511.576325,0.000000,0.334287,-92.000000,1.597817,90.000000,-90.000000,0.000000,-1.000000,0.000000
9034,neutron,19285.294772,1236.703139,2.436705,-92.000000,1.154200,89.648484,-91.930561,-0.033688,-0.999414,0.006135
8861,gamma,3.017718,1173.056595,-2.688571,-92.000000,1.458777,83.207222,-122.087239,-0.527481,-0.841293,0.118279
8862,neutron,19511.576325,146.117391,0.286831,-92.000000,1.061145,90.000000,-90.000000,0.000000,-1.000000,0.000000
8863,neutron,19511.495939,256.079127,2.115913,-92.000000,-0.157168,89.958711,-90.212969,-0.003717,-0.999993,0.000721
8864,neutron,19298.905373,229.847188,1.796375,-92.000000,-1.292595,91.388114,-89.807163,0.003365,-0.999701,-0.024225
8956,e+,91.790156,1348.326008,-0.736093,-92.000000,-2.018259,91.072596,-94.373781,-0.076249,-0.996913,-0.018719
9035,neutron,19511.576325,1861.181755,-1.067867,-92.000000,1.059137,90.000000,-90.000000,0.000000,-1.000000,0.000000
9036,neutron,19511.576325,0.129189,-0.706318,-92.000000,-1.632014,90.000000,-90.000000,0.000000,-1.000000,0.000000
9101,gamma,4.881411,596.479902,0.214768,-92.000000,-0.172614,94.425738,-87.637742,0.041095,-0.996171,-0.077167
8957,pi+,906.580121,900.800104,1.348504,-92.000000,1.529857,75.459850,-99.154835,-0.154007,-0.955642,0.251058
8958,neutron,19510.337239,0.000000,-1.672109,-92.000000,2.582929,90.525473,-90.490653,-0.008563,-0.999921,-0.009171
8865,proton,10100.425625,2316.831875,-0.119401,-92.000000,-2.670267,93.148236,-94.884283,-0.085015,-0.994865,-0.054919
8866,proton,303.177482,303.177482,-1.516239,-92.000000,-0.594752,134.444396,-115.285878,-0.304945,-0.645527,-0.700217
8959,mu-,1386.536736,97.813713,-1.974056,-92.000000,2.676105,86.972584,-92.785548,-0.048530,-0.997424,0.052814
8960,gamma,0.804061,82.783282,-2.670046,-92.000000,-0.499223,63.111079,-99.236186,-0.143152,-0.880322,0.452262
9038,gamma,0.166424,910.521881,-0.476765,-92.000000,-0.260587,113.288572,-52.102494,0.564205,-0.724818,-0.395362
9102,pi+,2836.203838,3511.171675,0.441647,-92.000000,-2.095053,96.259157,-86.708501,0.057074,-0.992399,-0.109026
8961,gamma,892.717763,1025.138352,-0.839427,-92.000000,-2.831851,93.959266,-87.580663,0.042112,-0.996724,-0.069047
8868,neutron,19511.576325,0.000000,1.209384,-92.000000,2.294977,90.000000,-90.000000,0.000000,-1.000000,0.000000
9039,gamma,4.573152,2522.991946,0.489898,-92.000000,2.815733,81.713586,-97.429531,-0.127957,-0.981252,0.144122
9040,neutron,19511.576325,0.000000,1.203087,-92.000000,-2.896490,90.000000,-90.000000,0.000000,-1.000000,0.000000
9041,neutron,19510.687614,0.000000,1.047501,-92.000000,-0.819069,89.644884,-89.713396,0.005002,-0.999968,0.006198
8962,kaon0L,642.411922,2186.312797,0.593676,-92.000000,-1.630920,81.880187,-101.705012,-0.200839,-0.969388,0.141244
9103,gamma,0.118501,1940.433015,0.736716,-92.000000,1.421987,94.041955,-89.286916,0.012414,-0.997435,-0.070487
9042,neutron,3.656829,1136.526759,-1.729333,-92.000000,-2.282242,89.351157,-130.180890,-0.645162,-0.763962,0.011324
9104,gamma,2407.058287,0.000000,1.509155,-92.000000,-2.844710,90.580389,-88.105575,0.033056,-0.999402,-0.010130
8963,neutron,19511.576325,2303.835848,2.018014,-92.000000,2.702235,90.000000,-90.000000,0.000000,-1.000000,0.000000
8870,neutron,1.356600,1670.675059,0.647882,-92.000000,2.401912,82.610068,-55.231082,0.565531,-0.814635,0.128621
8871,neutron,19511.498165,0.000000,0.261840,-92.000000,1.152885,89.991541,-89.821221,0.003120,-0.999995,0.000148
8872,neutron,19511.576325,0.000000,0.808175,-92.000000,0.862274,90.000000,-90.000000,0.000000,-1.000000,0.000000
9105,mu+,733.216294,94.383586,0.579534,-92.000000,-2.688504,95.267771,-86.314503,0.064008,-0.993717,-0.091810
8873,neutron,19511.576325,450.370600,1.504146,-92.000000,-0.346816,90.000000,-90.000000,0.000000,-1.000000,0.000000
9043,neutron,1051.079604,2600.677004,-1.840875,-92.000000,2.560839,83.677411,-97.208521,-0.124718,-0.986062,0.110126
8964,neutron,19511.576325,2311.568925,2.051280,-92.000000,2.859577,90.000000,-90.000000,0.000000,-1.000000,0.000000
9044,neutron,19511.576325,0.000000,0.057658,-92.000000,-0.373495,90.000000,-90.000000,0.000000,-1.000000,0.000000
9045,neutron,19511.576325,0.000000,2.156730,-92.000000,0.945172,90.000000,-90.000000,0.000000,-1.000000,0.000000
9046,neutron,19511.576325,1319.836770,-2.338647,-92.000000,-2.864735,90.000000,-90.000000,0.000000,-1.000000,0.000000
9047,neutron,19511.576325,0.000000,-2.028918,-92.000000,-1.844793,90.000000,-90.000000,0.000000,-1.000000,0.000000
9048,neutron,19023.124795,0.438913,-0.512901,-92.000000,0.497994,89.433854,-89.699839,0.005239,-0.999937,0.009881
8874,neutron,56.532497,1594.236591,-2.082255,-92.000000,-0.714136,124.560178,-133.301241,-0.564806,-0.599331,-0.567272
9106,proton,6684.396208,76.809569,2.958545,-92.000000,-0.384776,90.111142,-86.604167,0.059234,-0.998242,-0.001940
8965,neutron,0.723802,2338.933464,-1.508442,-92.000000,-0.597694,79.755805,-68.877359,0.354621,-0.917941,0.177844
9050,pi-,665.687233,1061.225398,-0.651898,-92.000000,2.945675,90.631804,-88.486802,0.026406,-0.999590,-0.011027
8966,gamma,0.278519,120.312041,1.247815,-92.000000,0.631669,80.527531,-97.399859,-0.127037,-0.978150,0.164574
9108,neutron,19511.576325,2161.541575,-1.904930,-92.000000,-1.889871,90.000000,-90.000000,0.000000,-1.000000,0.000000
9109,neutron,19511.572113,111.826568,0.195907,-92.000000,0.354471,90.046123,-89.963607,0.000635,-0.999999,-0.000805
8967,pi-,5159.642700,581.676214,2.508405,-92.000000,-2.485263,90.571412,-83.771659,0.108486,-0.994048,-0.009973
8968,neutron,19510.304455,0.000000,0.970811,-92.000000,-0.807760,90.224908,-90.458631,-0.008004,-0.999960,-0.003925
8969,neutron,19511.576325,395.020237,-2.765401,-92.000000,1.475068,90.000000,-90.000000,0.000000,-1.000000,0.000000
9051,neutron,9160.284890,1763.129570,2.428312,-92.000000,-1.709378,87.716600,-91.849177,-0.032243,-0.998686,0.039842
9110,proton,13149.675872,1162.503574,-2.571037,-92.000000,-0.530643,88.779426,-91.672152,-0.029174,-0.999347,0.021301
8875,neutron,0.006432,2752.109181,-0.320106,-92.000000,2.350516,91.232019,-114.362792,-0.412418,-0.910741,-0.021501
8876,proton,16439.426822,386.713216,0.503026,-92.000000,2.345117,89.603360,-90.590278,-0.010302,-0.999923,0.006923
8877,neutron,19511.390907,0.140113,-0.158397,-92.000000,-2.370146,89.793372,-90.027418,-0.000479,-0.999993,0.003606
8878,neutron,19511.576325,0.042470,2.873516,-92.000000,2.888284,90.000000,-90.000000,0.000000,-1.000000,0.000000
9052,neutron,11390.044653,736.030852,1.154898,-92.000000,1.529034,90.580594,-92.317976,-0.040443,-0.999130,-0.010133
8879,neutron,19511.576325,714.642397,-2.877108,-92.000000,-2.260684,90.000000,-90.000000,0.000000,-1.000000,0.000000
9111,pi+,573.495317,2000.492435,2.051863,-92.000000,0.558000,88.622459,-106.262170,-0.279952,-0.959713,0.024040
8880,neutron,1.757581,1838.079930,1.256015,-92.000000,1.670485,66.505385,-57.868971,0.487765,-0.776629,0.398663
8881,neutron,19511.576325,0.000000,2.224210,-92.000000,-0.848139,90.000000,-90.000000,0.000000,-1.000000,0.000000
9053,neutron,1.823372,1921.330526,0.478685,-92.000000,0.610722,74.991408,-42.908495,0.707456,-0.657604,0.258964
8882,e-,5.561700,285.745382,-0.464261,-92.000000,2.180844,64.052267,-70.368919,0.302095,-0.846928,0.437551
9054,neutron,14.923996,211.785952,-1.494227,-92.000000,0.522241,70.324925,-96.930984,-0.113628,-0.934736,0.336686
9055,neutron,19511.576325,20.786471,1.219779,-92.000000,0.332845,90.000000,-90.000000,0.000000,-1.000000,0.000000
8970,gamma,0.313165,4782.518085,-0.949651,-92.000000,-1.927088,85.865053,-114.642743,-0.415874,-0.906559,0.072106
9113,neutron,12769.752867,1576.302407,-0.607910,-92.000000,0.005970,91.585378,-90.277896,-0.004848,-0.999605,-0.027667
8884,gamma,0.510999,1927.954486,2.808159,-92.000000,0.571403,89.628651,-41.397131,0.750128,-0.661260,0.006481
8971,proton,1113.912661,750.651295,-2.311966,-92.000000,-1.340150,93.485725,-85.746339,0.074035,-0.995401,-0.060800
9114,mu+,103.094526,2912.501794,-0.508540,-92.000000,2.515396,91.538416,-115.528196,-0.430800,-0.902048,-0.026847
9115,neutron,19511.576325,2393.130127,1.388871,-92.000000,0.666827,90.000000,-90.000000,0.000000,-1.000000,0.000000
9116,proton,18865.216997,90.522548,-2.726421,-92.000000,2.917643,90.344292,-90.842784,-0.014709,-0.999874,-0.006009
8972,neutron,24.014465,1781.055023,2.397683,-92.000000,2.876298,87.480481,-80.940933,0.157300,-0.986572,0.043960
9057,neutron,19488.819798,4750.873217,-2.744578,-92.000000,1.164507,90.830587,-90.164248,-0.002866,-0.999891,-0.014496
8973,gamma,0.426277,7.070459,-0.905004,-92.000000,1.292712,30.324833,-92.002126,-0.017640,-0.504594,0.863177
8974,neutron,19511.576325,0.000000,-0.994938,-92.000000,-1.593927,90.000000,-90.000000,0.000000,-1.000000,0.000000
8975,neutron,19510.703012,0.000000,1.825966,-92.000000,-0.895568,90.376147,-90.194089,-0.003387,-0.999973,-0.006565
9117,kaon+,2471.664480,3317.988743,0.227127,-92.000000,2.299613,91.870438,-90.148360,-0.002588,-0.999464,-0.032640
8976,neutron,1130.958578,682.710850,-1.299676,-92.000000,2.527589,91.551691,-80.316298,0.168147,-0.985390,-0.027079
8886,gamma,16.318635,3148.882711,-0.054664,-92.000000,2.248801,37.188794,-112.794935,-0.234182,-0.557235,0.796648
9059,neutron,19494.319343,1518.623075,-2.609772,-92.000000,0.806281,90.033974,-89.385330,0.010728,-0.999942,-0.000593
9060,neutron,19511.148391,0.000000,-2.560462,-92.000000,1.682714,90.059948,-90.310934,-0.005427,-0.999985,-0.001046
9118,pi+,680.792748,3470.384044,1.575186,-92.000000,1.235102,82.633855,-87.000871,0.051889,-0.990389,0.128210
8887,pi+,2241.191114,3989.385416,-0.324322,-92.000000,-2.072330,83.929612,-89.609826,0.006772,-0.994370,0.105750
9061,neutron,0.935983,930.257156,-2.010576,-92.000000,1.370409,105.290666,-142.290804,-0.763120,-0.590002,-0.263716
8888,neutron,19511.482383,1016.112790,1.674720,-92.000000,-2.143762,89.936742,-90.182019,-0.003177,-0.999994,0.001104
8977,gamma,0.996806,2641.721038,-0.421214,-92.000000,-1.564535,108.302994,-57.311644,0.512747,-0.799042,-0.314042
9062,gamma,0.183760,184.531870,-0.318614,-92.000000,0.282077,66.983599,-55.790527,0.517463,-0.761154,0.390995
8978,neutron,19510.896061,902.236344,-1.969498,-92.000000,-0.075040,89.626524,-89.991761,0.000144,-0.999979,0.006518
9120,neutron,19511.576325,1740.467903,-0.948093,-92.000000,-1.019482,90.000000,-90.000000,0.000000,-1.000000,0.000000
8889,neutron,19511.576325,210.918728,-0.750400,-92.000000,-1.566002,90.000000,-90.000000,0.000000,-1.000000,0.000000
8890,neutron,19511.479252,70.090977,-2.595446,-92.000000,-0.893901,89.905561,-90.179689,-0.003136,-0.999994,0.001648
8891,neutron,19511.576325,0.000000,0.191178,-92.000000,2.691540,90.000000,-90.000000,0.000000,-1.000000,0.000000
9063,neutron,259.676626,3464.205682,2.233526,-92.000000,-0.093872,86.585270,-93.566776,-0.062101,-0.996291,0.059563
9064,neutron,19511.576325,0.000000,-2.906810,-92.000000,-1.428914,90.000000,-90.000000,0.000000,-1.000000,0.000000
8979,pi+,749.369049,2256.258891,-1.195639,-92.000000,1.507093,74.269534,-74.763688,0.252958,-0.928714,0.271112
8980,neutron,19326.475244,0.298964,1.094655,-92.000000,1.169136,88.407113,-89.444110,0.009698,-0.999567,0.027798
8981,gamma,2.450724,227.564671,0.634029,-92.000000,1.807445,98.941478,-122.121549,-0.525256,-0.836630,-0.155426
8892,mu+,47.081250,560.374535,-2.310542,-92.000000,0.654778,130.587226,-99.740077,-0.128477,-0.748470,-0.650605
8893,neutron,19511.428724,0.000000,0.219679,-92.000000,-2.345664,89.759102,-90.049619,-0.000866,-0.999991,0.004204
9121,gamma,0.330460,1077.618468,2.433143,-92.000000,-1.240022,76.272955,-58.789269,0.503386,-0.830838,0.237297
9122,neutron,19511.576325,0.000000,-0.872202,-92.000000,-1.411083,90.000000,-90.000000,0.000000,-1.000000,0.000000
9065,neutron,19226.324288,1901.891713,-2.926379,-92.000000,-1.502129,88.101248,-89.218295,0.013635,-0.999358,0.033133
9066,neutron,19511.576325,0.125898,2.189316,-92.000000,1.816632,90.000000,-90.000000,0.000000,-1.000000,0.000000
8894,neutron,18471.454747,3974.523578,1.051267,-92.000000,2.630371,88.860749,-91.645154,-0.028704,-0.999390,0.019882
9067,pi-,1857.477303,552.554693,-1.850049,-92.000000,-1.380477,89.035969,-93.372689,-0.058822,-0.998127,0.016825
8895,neutron,19511.576325,3563.602163,1.500244,-92.000000,-2.798481,90.000000,-90.000000,0.000000,-1.000000,0.000000
8896,neutron,19511.576325,0.000000,-2.697386,-92.000000,0.347355,90.000000,-90.000000,0.000000,-1.000000,0.000000
9123,pi+,130.453843,1733.881682,-2.967363,-92.000000,-1.838568,69.962261,-116.064127,-0.412780,-0.843926,0.342639
8897,proton,18080.362225,124.891809,-2.157373,-92.000000,1.372683,88.784669,-89.526346,0.008265,-0.999741,0.021210
9124,neutron,176.194550,1232.636596,-2.751407,-92.000000,-2.588127,109.427292,-91.717637,-0.028267,-0.942641,-0.332610
8983,neutron,9268.288462,0.000000,0.318565,-92.000000,-0.920741,85.346569,-88.615308,0.024085,-0.996413,0.081128
8898,neutron,19511.537976,1423.175086,-0.626057,-92.000000,0.838059,90.075917,-90.099770,-0.001741,-0.999998,-0.001325
8984,neutron,19.256315,1593.445543,0.830798,-92.000000,-1.831982,79.856161,-69.944322,0.337573,-0.924676,0.176120
9125,gamma,0.491798,64.394984,2.456716,-92.000000,0.489278,73.115082,-109.322840,-0.316626,-0.902988,0.290450
9069,neutron,285.708406,1607.110916,-2.777322,-92.000000,-1.859196,113.852327,-139.766423,-0.698215,-0.590739,-0.404381
9070,neutron,19511.576325,0.099715,1.386399,-92.000000,-0.541206,90.000000,-90.000000,0.000000,-1.000000,0.000000
8986,neutron,19511.576325,597.206306,1.709190,-92.000000,-1.753395,90.000000,-90.000000,0.000000,-1.000000,0.000000
8987,proton,19271.503337,87.145430,-2.852404,-92.000000,-0.403088,89.875765,-91.226840,-0.021411,-0.999768,0.002168
9072,gamma,0.150796,238.869598,0.462547,-92.000000,2.594802,95.563367,-48.483447,0.659714,-0.745237,-0.096947
9073,neutron,19511.576325,0.000000,-1.779378,-92.000000,-2.220178,90.000000,-90.000000,0.000000,-1.000000,0.000000
9074,neutron,19511.576325,0.000000,2.847477,-92.000000,-0.269114,90.000000,-90.000000,0.000000,-1.000000,0.000000
8988,gamma,1.113333,335.277226,-2.561645,-92.000000,1.367980,49.270765,-89.582971,0.005516,-0.757781,0.652485
9126,neutron,19511.576325,2933.390557,1.945704,-92.000000,2.864469,90.000000,-90.000000,0.000000,-1.000000,0.000000
8899,neutron,28.997299,5666.060410,-0.291355,-92.000000,-0.136150,122.590638,-74.677232,0.222647,-0.812590,-0.538633
8989,e-,43.556089,2086.350894,1.800788,-92.000000,-0.513847,79.482689,-32.268694,0.831348,-0.524921,0.182533
9200,proton,16642.819810,96.343843,-2.501041,-92.000000,0.372556,91.698593,-90.900645,-0.015712,-0.999437,-0.029642
9201,neutron,19511.576325,0.000000,-1.768751,-92.000000,-2.883321,90.000000,-90.000000,0.000000,-1.000000,0.000000
9127,gamma,0.052985,1869.628163,-1.243684,-92.000000,-1.975607,63.741329,-96.532088,-0.102020,-0.890984,0.442424
9128,neutron,19511.576325,0.000000,-1.550199,-92.000000,-0.977135,90.000000,-90.000000,0.000000,-1.000000,0.000000
9077,gamma,0.622883,3310.816837,0.854996,-92.000000,-1.733168,95.532188,-80.863368,0.158050,-0.982714,-0.096405
9202,proton,12575.953673,1310.684594,2.053045,-92.000000,0.010101,88.335964,-90.734243,-0.012809,-0.999496,0.029039
9203,neutron,19511.576325,184.030116,2.638829,-92.000000,-2.823656,90.000000,-90.000000,0.000000,-1.000000,0.000000
8991,neutron,70.344278,1245.125083,2.478165,-92.000000,-1.337006,57.885180,-85.832274,0.061556,-0.844745,0.531618
9078,neutron,14788.249393,2289.937065,1.644955,-92.000000,-1.221057,90.786861,-91.904319,-0.033227,-0.999353,-0.013733
8992,neutron,19406.636373,1785.730376,2.983541,-92.000000,-2.749839,89.576897,-88.914317,0.018947,-0.999793,0.007384
9129,proton,315.404321,4485.797970,1.912064,-92.000000,-0.193873,91.987127,-57.533174,0.536488,-0.843195,-0.034675
9130,neutron,19511.353018,0.000000,-2.289013,-92.000000,0.277389,89.853099,-90.264467,-0.004616,-0.999986,0.002564
9131,neutron,19511.510652,122.640294,-2.761987,-92.000000,0.094995,89.919053,-90.142701,-0.002491,-0.999996,0.001413
8993,pi-,2648.985288,1534.940419,-2.503263,-92.000000,-0.720164,95.691403,-89.422663,0.010027,-0.995020,-0.099170
9079,gamma,0.144414,3117.413400,-0.077904,-92.000000,1.905653,92.724961,-73.272207,0.287500,-0.956600,-0.047542
9204,gamma,10.039193,384.836412,2.444198,-92.000000,2.989777,83.583315,-69.872446,0.341956,-0.933047,0.111758
9205,proton,154.401288,1048.149710,-0.028085,-92.000000,-1.499934,104.576597,-93.376502,-0.057001,-0.966132,-0.251674
9206,neutron,19511.576325,0.000000,-1.102840,-92.000000,0.476652,90.000000,-90.000000,0.000000,-1.000000,0.000000
9207,neutron,19511.576325,0.000000,-1.848170,-92.000000,0.323467,90.000000,-90.000000,0.000000,-1.000000,0.000000
9132,gamma,2761.753643,794.103559,2.754821,-92.000000,0.462283,88.339493,-88.638829,0.023745,-0.999298,0.028977
9082,neutron,2.687953,670.466760,-0.077907,-92.000000,-2.678337,93.662975,-93.096445,-0.053906,-0.996500,-0.063887
9208,mu+,1474.190203,96.276535,0.343402,-92.000000,2.386499,90.052511,-91.473519,-0.025715,-0.999669,-0.000916
9209,neutron,19511.198422,0.000000,1.616957,-92.000000,-2.152262,90.095071,-90.281978,-0.004921,-0.999987,-0.001659
9210,neutron,19511.576325,491.762514,-0.725879,-92.000000,-2.699039,90.000000,-90.000000,0.000000,-1.000000,0.000000
9133,pi+,660.620726,1653.837861,2.203765,-92.000000,-0.333211,95.493597,-95.855376,-0.101549,-0.990213,-0.095735
9134,neutron,19511.441872,0.446130,0.160363,-92.000000,2.467513,89.850068,-89.904998,0.001658,-0.999995,0.002617
9083,gamma,1.489631,3055.141163,-2.017338,-92.000000,-1.416018,109.048724,-86.298723,0.061020,-0.943270,-0.326372
8994,gamma,1.382547,1928.689983,1.864139,-92.000000,-0.160186,69.582256,-77.604911,0.201166,-0.915329,0.348862
9135,neutron,5.569329,2342.480608,1.745789,-92.000000,-1.505110,102.789444,-105.086208,-0.253815,-0.941581,-0.221369
9212,neutron,19511.576325,0.000000,-2.606361,-92.000000,-0.074359,90.000000,-90.000000,0.000000,-1.000000,0.000000
9136,gamma,0.202011,86.464751,-0.279299,-92.000000,0.828497,74.902670,-94.945302,-0.083229,-0.961891,0.260460
9213,gamma,0.113088,190.408372,-0.494907,-92.000000,0.327226,58.857036,-104.716109,-0.217419,-0.827804,0.517175
8995,neutron,19019.683728,2170.560695,-2.222049,-92.000000,1.033961,90.761960,-91.751768,-0.030567,-0.999444,-0.013298
9138,mu+,1391.541567,1659.751388,0.125617,-92.000000,0.697002,91.349173,-90.810447,-0.014141,-0.999623,-0.023545
9084,nu_mu,160.139365,0.000000,0.121401,-92.000000,1.195936,90.744158,-90.351224,-0.006129,-0.999897,-0.012988
9214,proton,440.531556,2539.204724,2.190566,-92.000000,1.748360,85.468866,-82.490497,0.130282,-0.988325,0.079001
9215,neutron,19511.576325,1968.392921,-0.105329,-92.000000,0.003126,90.000000,-90.000000,0.000000,-1.000000,0.000000
9139,neutron,16.488313,1975.801393,-0.738700,-92.000000,-1.838763,97.890865,-90.757258,-0.013091,-0.990445,-0.137287
8996,neutron,19511.576325,3650.539912,-2.938438,-92.000000,1.317132,90.000000,-90.000000,0.000000,-1.000000,0.000000
8997,neutron,19511.576325,0.000000,-2.772433,-92.000000,1.747695,90.000000,-90.000000,0.000000,-1.000000,0.000000
9216,neutron,19511.576325,571.467949,2.114558,-92.000000,-2.188485,90.000000,-90.000000,0.000000,-1.000000,0.000000
9140,neutron,19511.576325,798.279988,-1.586174,-92.000000,2.740763,90.000000,-90.000000,0.000000,-1.000000,0.000000
9217,pi+,4094.767828,1256.273305,1.189710,-92.000000,1.801898,100.977739,-93.645937,-0.062427,-0.979714,-0.190428
9218,neutron,19511.061644,0.032112,1.724711,-92.000000,-1.834264,90.119503,-90.326068,-0.005691,-0.999982,-0.002086
8998,neutron,792.786953,209.944223,0.892986,-92.000000,0.251859,98.596409,-81.416514,0.147574,-0.977691,-0.149473
9085,gamma,0.092013,2715.700663,-2.826908,-92.000000,-2.295262,116.682664,-131.020642,-0.586436,-0.674127,-0.449049
9141,gamma,4143.858757,388.019088,-0.038515,-92.000000,1.607211,89.498561,-90.517926,-0.009039,-0.999921,0.008752
8999,gamma,0.742419,10.103382,-1.280573,-92.000000,-2.922656,71.793836,-89.068101,0.015450,-0.949813,0.312437
9220,neutron,19511.480870,1022.695031,-2.892039,-92.000000,-2.661621,90.221355,-90.074079,-0.001293,-0.999992,-0.003863
9086,neutron,3489.360719,2707.084884,-0.547992,-92.000000,-1.144377,97.643869,-77.949502,0.206919,-0.969274,-0.133015
9142,neutron,19511.576325,2157.065574,1.987259,-92.000000,-2.132173,90.000000,-90.000000,0.000000,-1.000000,0.000000
9300,neutron,19511.576325,2977.620154,-1.437159,-92.000000,-1.830041,90.000000,-90.000000,0.000000,-1.000000,0.000000
9301,neutron,19511.576325,270.587409,1.696910,-92.000000,2.625870,90.000000,-90.000000,0.000000,-1.000000,0.000000
9302,neutron,19511.576325,0.000000,0.120230,-92.000000,-2.893250,90.000000,-90.000000,0.000000,-1.000000,0.000000
9221,e+,17.131999,40.526051,-0.229412,-92.000000,2.114654,117.466304,-52.999140,0.533990,-0.708607,-0.461227
9222,neutron,257.419319,91.938267,-0.579678,-92.000000,-0.672591,99.679688,-63.274097,0.443320,-0.880452,-0.168140
9223,neutron,144.741532,1051.124127,2.894337,-92.000000,1.483416,44.037153,-58.218912,0.366105,-0.590902,0.718889
9224,proton,19291.570423,96.569062,-0.210937,-92.000000,-1.832532,89.411309,-89.029126,0.016943,-0.999804,0.010274
9143,neutron,488.200079,1173.359216,1.731388,-92.000000,2.013545,106.183423,-77.875642,0.201711,-0.938952,-0.278713
9303,neutron,19505.366269,3798.395150,-0.544661,-92.000000,-1.038161,89.005288,-89.445364,0.009679,-0.999802,0.017360
9087,gamma,641.362606,2454.210710,2.874474,-92.000000,-1.941190,90.446583,-88.497393,0.026222,-0.999626,-0.007794
9304,neutron,17712.565426,0.000000,-0.091248,-92.000000,1.652476,90.106943,-89.966996,0.000576,-0.999998,-0.001867
9305,neutron,19510.511341,1600.849374,-1.523758,-92.000000,-0.174126,90.087411,-90.459172,-0.008014,-0.999967,-0.001526
9144,gamma,7.878625,2481.835787,-2.485802,-92.000000,-0.373873,77.829405,-102.070110,-0.204409,-0.955914,0.210823
9225,gamma,0.510999,3773.663342,-2.185940,-92.000000,-0.315641,66.774833,-96.328239,-0.101292,-0.913363,0.394346
9088,mu-,1841.747486,112.314971,-1.647300,-92.000000,-2.374312,96.477711,-92.210683,-0.038328,-0.992876,-0.112817
9307,neutron,19511.576325,0.000000,2.290873,-92.000000,-1.522179,90.000000,-90.000000,0.000000,-1.000000,0.000000
9308,neutron,19511.576325,64.856466,-2.110015,-92.000000,2.273631,90.000000,-90.000000,0.000000,-1.000000,0.000000
9309,neutron,19511.576325,32.677591,1.268595,-92.000000,0.763486,90.000000,-90.000000,0.000000,-1.000000,0.000000
9310,neutron,19511.576325,0.000000,-1.575551,-92.000000,1.419641,90.000000,-90.000000,0.000000,-1.000000,0.000000
9089,gamma,0.361379,2461.391903,1.458561,-92.000000,0.438604,83.180733,-72.618017,0.296627,-0.947583,0.118738
9226,neutron,19511.576325,3894.405394,-2.450172,-92.000000,2.585884,90.000000,-90.000000,0.000000,-1.000000,0.000000
9311,neutron,81.565783,1322.469215,-1.315352,-92.000000,0.425905,83.137892,-105.157231,-0.259596,-0.958298,0.119480
9147,neutron,19511.576325,0.000000,-0.051311,-92.000000,2.438477,90.000000,-90.000000,0.000000,-1.000000,0.000000
9312,neutron,19511.188026,2081.069667,1.258640,-92.000000,2.991894,90.091056,-89.638087,0.006317,-0.999979,-0.001589
9313,neutron,19511.576325,0.000000,0.738774,-92.000000,2.267974,90.000000,-90.000000,0.000000,-1.000000,0.000000
9090,mu+,1217.345731,105.910278,0.992178,-92.000000,0.069188,90.166123,-90.299570,-0.005228,-0.999982,-0.002899
9314,gamma,0.226156,1.833835,2.294819,-92.000000,-1.846637,118.323593,-101.183970,-0.170739,-0.863565,-0.474451
9315,gamma,0.134219,0.134219,-0.125755,-92.000000,-0.492922,117.505278,-95.251022,-0.081175,-0.883246,-0.461830
9227,neutron,62.186950,2558.719638,-0.080541,-92.000000,0.374849,93.730909,-127.148268,-0.602600,-0.795386,-0.065071
9228,neutron,19511.576325,0.000000,-1.034886,-92.000000,-0.479375,90.000000,-90.000000,0.000000,-1.000000,0.000000
9229,neutron,18389.922899,108.433101,0.265201,-92.000000,0.475745,88.508802,-88.650064,0.023551,-0.999384,0.026023
9148,neutron,7.480310,1606.467974,-2.056569,-92.000000,-0.316740,134.866867,-104.675072,-0.179552,-0.685627,-0.705462
9149,proton,79.903749,165.644135,-2.176490,-92.000000,-0.954040,110.252101,-75.351833,0.237249,-0.907685,-0.346151
9150,neutron,19511.460154,0.000000,-0.288126,-92.000000,1.878149,89.859740,-89.913121,0.001516,-0.999996,0.002448
9151,neutron,3807.046470,2446.951477,1.664783,-92.000000,-0.912057,89.735879,-87.621502,0.041500,-0.999128,0.004610
9230,neutron,19511.576325,4418.552722,-2.876134,-92.000000,1.880322,90.000000,-90.000000,0.000000,-1.000000,0.000000
9231,neutron,19509.219681,125.114835,-0.469965,-92.000000,1.433839,90.059947,-89.259273,0.012928,-0.999916,-0.001046
9091,gamma,14.918193,445.232512,-2.295131,-92.000000,-0.430213,79.147765,-65.080615,0.413807,-0.890682,0.188277
9232,neutron,8203.993036,2014.725811,-0.507127,-92.000000,1.251079,89.123820,-89.448891,0.009617,-0.999837,0.015292
9092,neutron,19511.576325,895.549937,-0.269898,-92.000000,-1.176569,90.000000,-90.000000,0.000000,-1.000000,0.000000
9093,neutron,19511.465673,0.156063,-0.203940,-92.000000,1.393628,90.063792,-89.837732,0.002832,-0.999995,-0.001113
9094,neutron,19511.053277,0.000000,-1.400895,-92.000000,0.044805,89.684493,-89.935510,0.001126,-0.999984,0.005507
9152,e+,363.423179,1815.638828,-2.840389,-92.000000,2.072375,89.777788,-92.554018,-0.044561,-0.998999,0.003878
9317,neutron,19511.553093,0.036250,-0.518742,-92.000000,0.824218,89.972404,-89.931573,0.001194,-0.999999,0.000482
9318,neutron,19467.237173,0.000000,0.146114,-92.000000,-1.226095,89.655317,-90.344899,-0.006019,-0.999964,0.006016
9153,neutron,19254.232462,619.303868,-1.820815,-92.000000,-1.109971,91.004481,-88.800345,0.020933,-0.999627,-0.017531
9319,neutron,21.074327,1898.353478,2.559678,-92.000000,2.964569,79.917107,-29.116261,0.860141,-0.479068,0.175073
9154,gamma,398.429813,2042.116178,0.265342,-92.000000,-2.558032,88.374408,-87.685477,0.040369,-0.998782,0.028368
9095,gamma,0.280035,360.912483,1.650348,-92.000000,-0.413095,89.340868,-39.077575,0.776242,-0.630330,0.011504
9096,neutron,19511.576325,0.138746,1.609723,-92.000000,2.536002,90.000000,-90.000000,0.000000,-1.000000,0.000000
9234,neutron,19511.576325,0.000000,-2.219284,-92.000000,-1.573324,90.000000,-90.000000,0.000000,-1.000000,0.000000
9320,proton,2770.965797,1141.949430,-2.599144,-92.000000,2.285601,95.928202,-86.897693,0.053830,-0.993194,-0.103282
9321,neutron,19511.576325,0.000000,-0.204831,-92.000000,-1.179818,90.000000,-90.000000,0.000000,-1.000000,0.000000
9097,gamma,0.131479,561.845857,2.737703,-92.000000,2.922184,101.398374,-80.655844,0.159162,-0.967269,-0.197630
9322,neutron,19511.458716,1138.071024,1.736949,-92.000000,-2.964888,89.971159,-89.782354,0.003799,-0.999993,0.000503
9156,neutron,19511.576325,0.000000,-1.097093,-92.000000,2.735400,90.000000,-90.000000,0.000000,-1.000000,0.000000
9157,neutron,19511.576325,0.000000,-0.776142,-92.000000,-0.500949,90.000000,-90.000000,0.000000,-1.000000,0.000000
9098,gamma,3.531660,2006.173209,1.303551,-92.000000,-2.308616,98.718446,-84.437120,0.095818,-0.983790,-0.151579
9323,gamma,5098.340719,70.559375,-1.696608,-92.000000,0.454031,90.223229,-92.792096,-0.048712,-0.998805,-0.003896
9099,gamma,0.060804,2083.286656,-0.237366,-92.000000,-1.680473,76.632422,-54.923598,0.559099,-0.796214,0.231197
9158,pi+,2287.298395,2588.609865,2.903341,-92.000000,1.131419,90.044971,-79.360073,0.184636,-0.982807,-0.000785
9235,gamma,8.217323,1823.064808,0.596966,-92.000000,-1.240296,108.079525,-95.824654,-0.096474,-0.945719,-0.310337
9324,kaon+,342.960456,1082.143659,-0.672833,-92.000000,-2.319317,75.740727,-90.087475,-0.001480,-0.969190,0.246310
9325,neutron,19511.576325,0.000000,1.061563,-92.000000,2.713458,90.000000,-90.000000,0.000000,-1.000000,0.000000
9326,neutron,19511.454536,2656.888511,2.039337,-92.000000,1.779846,90.059029,-89.830797,0.002953,-0.999995,-0.001030
9159,neutron,96.457812,3140.401368,-0.929036,-92.000000,-1.015073,85.388600,-103.473387,-0.232239,-0.969330,0.080397
9160,neutron,19511.389722,0.000000,2.431135,-92.000000,0.048018,90.187708,-89.907858,0.001608,-0.999993,-0.003276
9236,gamma,32.861897,152.331509,-0.713046,-92.000000,-1.211866,97.472518,-88.473360,0.026415,-0.991155,-0.130051
9161,proton,8276.728366,1763.425202,-0.154432,-92.000000,1.306312,91.132844,-93.827957,-0.066748,-0.997574,-0.019771
9328,pi+,1920.724562,2747.681533,-1.569027,-92.000000,-1.769643,93.863102,-97.023863,-0.122005,-0.990240,-0.067373
9329,neutron,19511.561541,0.019353,2.498101,-92.000000,-2.546678,90.045029,-90.063495,-0.001108,-0.999999,-0.000786
9162,neutron,19511.524793,1106.171539,-2.872859,-92.000000,-0.270040,90.062025,-90.082000,-0.001431,-0.999998,-0.001083
9238,neutron,19511.576325,0.035994,-2.243430,-92.000000,-0.325926,90.000000,-90.000000,0.000000,-1.000000,0.000000
9163,neutron,74.459493,314.473260,-1.726165,-92.000000,0.924178,118.367475,-120.291613,-0.443832,-0.759783,-0.475125
9239,gamma,0.272940,1140.417884,2.659183,-92.000000,-2.307071,139.677676,-90.254092,-0.002870,-0.647081,-0.762416
9401,pi-,836.759780,700.868993,-0.601976,-92.000000,-0.914641,85.490735,-98.114794,-0.140720,-0.986923,0.078620
9330,proton,740.057599,3701.700459,-1.479284,-92.000000,-2.753797,124.578243,-105.692016,-0.222689,-0.792665,-0.567531
9331,gamma,0.740655,0.459588,1.891111,-92.000000,-1.445803,76.151696,-100.478375,-0.176578,-0.954741,0.239352
9402,neutron,19511.492838,1023.337172,0.382889,-92.000000,2.489672,89.931979,-90.172018,-0.003002,-0.999995,0.001187
9332,neutron,4.365567,1774.779795,-2.060841,-92.000000,2.792483,91.202560,-112.579138,-0.383875,-0.923147,-0.020987
9240,pi+,163.717433,4175.316411,-1.702199,-92.000000,1.648508,99.590439,-102.462032,-0.212777,-0.962792,-0.166604
9403,pi+,5024.186816,1855.728681,1.195282,-92.000000,-2.157705,87.178614,-97.997281,-0.138957,-0.989074,0.049223
9333,pi+,419.917102,2448.813962,2.277208,-92.000000,1.364212,109.505547,-100.745062,-0.175739,-0.926082,-0.333898
9404,neutron,19511.576325,1889.947002,1.806820,-92.000000,-1.384286,90.000000,-90.000000,0.000000,-1.000000,0.000000
9334,pi-,577.108514,3286.652952,-2.389138,-92.000000,-1.301176,76.917406,-83.421910,0.111584,-0.967632,0.226355
9335,neutron,19511.033704,0.000000,2.605392,-92.000000,2.911417,89.528644,-90.014867,-0.000259,-0.999966,0.008227
9241,proton,257.201384,3900.751386,-0.659787,-92.000000,1.741885,63.958717,-98.531014,-0.133284,-0.888537,0.439019
9405,gamma,0.761986,2486.296331,2.324279,-92.000000,1.055951,59.657944,-77.302759,0.189692,-0.841920,0.505161
9336,gamma,0.398311,3490.351583,-1.741304,-92.000000,2.044826,75.201100,-132.737204,-0.656125,-0.710110,0.255427
9166,neutron,1355.702987,2822.154560,-0.317138,-92.000000,-1.595072,97.340334,-109.629472,-0.333183,-0.934166,-0.127763
9167,neutron,28.927234,316.785991,0.665484,-92.000000,-0.681113,78.047638,-107.502042,-0.294220,-0.933030,0.207098
9337,gamma,0.147954,485.616457,0.663166,-92.000000,-2.892960,127.020565,-129.287718,-0.505571,-0.617957,-0.602102
9242,neutron,15.935199,1936.795867,-2.839492,-92.000000,-2.272239,87.826684,-149.861345,-0.864191,-0.501733,0.037922
9243,proton,1358.633074,903.513736,1.012782,-92.000000,1.849669,109.390739,-92.801222,-0.046099,-0.942149,-0.332009
9244,neutron,19511.576325,0.000000,2.972707,-92.000000,0.236095,90.000000,-90.000000,0.000000,-1.000000,0.000000
9168,gamma,0.525878,1231.509266,2.337060,-92.000000,-0.638018,56.498064,-73.890967,0.231370,-0.801126,0.551965
9338,proton,835.604107,1334.591481,2.034745,-92.000000,-2.243660,124.374216,-68.336405,0.304690,-0.767070,-0.564596
9169,pi-,912.242448,547.728052,-0.480019,-92.000000,2.563538,103.102133,-61.321010,0.467409,-0.854483,-0.226688
9407,gamma,0.339757,2644.861097,-0.011593,-92.000000,1.102767,100.002414,-91.084275,-0.018635,-0.984624,-0.173690
9245,neutron,6807.162995,1669.732331,-0.992872,-92.000000,-0.817139,87.648171,-91.067242,-0.018610,-0.998984,0.041036
9246,neutron,19511.576325,0.000000,-1.613450,-92.000000,2.212310,90.000000,-90.000000,0.000000,-1.000000,0.000000
9339,neutron,0.264789,2606.533093,-2.679541,-92.000000,-1.206098,75.645189,-111.808049,-0.359900,-0.899447,0.247926
9408,neutron,19511.576325,1205.677192,-2.730238,-92.000000,2.089247,90.000000,-90.000000,0.000000,-1.000000,0.000000
9340,neutron,19457.416753,546.984614,-2.249177,-92.000000,1.417725,90.817134,-89.874697,0.002187,-0.999896,-0.014261
9247,neutron,2427.391664,2733.375361,-2.130834,-92.000000,0.510726,109.912661,-94.080369,-0.066901,-0.937830,-0.340587
9409,gamma,0.589583,2359.929953,1.642694,-92.000000,-0.615675,76.706771,-48.118357,0.649707,-0.724577,0.229935
9171,neutron,19511.576325,0.000000,-0.598286,-92.000000,-2.628739,90.000000,-90.000000,0.000000,-1.000000,0.000000
9172,neutron,19511.576325,218.357174,1.638740,-92.000000,-1.993976,90.000000,-90.000000,0.000000,-1.000000,0.000000
9173,neutron,15443.769493,13.533811,-2.746934,-92.000000,-2.985906,91.335564,-88.750613,0.021798,-0.999491,-0.023308
9410,neutron,19433.081310,656.738920,-0.326720,-92.000000,-0.266673,89.024623,-88.065205,0.033757,-0.999285,0.017023
9248,anti_nu_mu,51.576992,1709.865463,-1.112071,-92.000000,-0.118272,119.732749,-58.221514,0.457304,-0.738175,-0.495955
9341,neutron,411.995310,1467.671234,-1.265444,-92.000000,0.294954,90.063617,-89.583235,0.007274,-0.999973,-0.001110
9342,gamma,6.604151,23.749281,2.958372,-92.000000,-2.771535,117.035927,-89.174816,0.012828,-0.890629,-0.454549
9411,neutron,19511.576325,1955.689049,-2.176118,-92.000000,2.789129,90.000000,-90.000000,0.000000,-1.000000,0.000000
9343,gamma,0.394052,2174.720014,0.645077,-92.000000,-2.694396,97.927421,-58.264678,0.520969,-0.842359,-0.137919
9344,neutron,19511.576325,0.000000,1.724895,-92.000000,-0.218410,90.000000,-90.000000,0.000000,-1.000000,0.000000
9345,neutron,19511.195511,0.000000,0.409131,-92.000000,-0.589649,90.089315,-90.431744,-0.007535,-0.999970,-0.001559
9346,neutron,19317.729781,0.000000,-0.162496,-92.000000,2.133357,90.182628,-89.111749,0.015502,-0.999875,-0.003187
9412,gamma,2.330378,1516.481645,-2.405278,-92.000000,-1.834827,94.505368,-117.756352,-0.464274,-0.882202,-0.078552
9413,neutron,19511.576325,0.000000,-0.670377,-92.000000,-2.652404,90.000000,-90.000000,0.000000,-1.000000,0.000000
9175,gamma,0.213012,1517.410207,1.984248,-92.000000,-0.717365,77.933653,-44.265597,0.700290,-0.682564,0.209044
9249,pi-,2746.968112,3630.508331,-1.349288,-92.000000,1.247120,101.512734,-98.131679,-0.138603,-0.970028,-0.199586
9250,neutron,19511.353566,0.230245,-0.080358,-92.000000,0.933301,89.901603,-90.206191,-0.003599,-0.999992,0.001717
9347,gamma,67.228765,1012.323519,-0.828719,-92.000000,-0.708000,80.658251,-59.530316,0.500357,-0.850467,0.162323
9348,gamma,264.808752,549.649289,2.223169,-92.000000,-0.360808,53.595765,-63.729286,0.356237,-0.721719,0.593478
9251,neutron,0.596339,1218.309334,2.965251,-92.000000,-0.717905,44.239583,-124.964929,-0.399812,-0.571735,0.716429
9252,neutron,19511.576325,0.000000,-2.875261,-92.000000,-1.704245,90.000000,-90.000000,0.000000,-1.000000,0.000000
9414,neutron,0.406931,2023.417282,2.719372,-92.000000,-2.037524,101.118163,-64.934930,0.415696,-0.888826,-0.192833
9176,neutron,19511.566982,2448.940057,2.522087,-92.000000,-2.099755,89.969770,-90.053993,-0.000942,-0.999999,0.000528
9253,gamma,0.510999,1291.079107,-0.825454,-92.000000,0.074129,64.349935,-87.343194,0.041785,-0.900486,0.432874
9177,neutron,884.425419,2067.766259,1.907174,-92.000000,1.498397,105.593042,-84.596548,0.090702,-0.958915,-0.268803
9254,gamma,7.234523,898.641505,-2.107260,-92.000000,-1.315355,119.585542,-75.120242,0.223311,-0.840458,-0.493722
9255,neutron,1.603148,5.058119,-0.620465,-92.000000,-1.962258,94.523610,-101.281470,-0.195020,-0.977623,-0.078870
9415,neutron,8.991418,3299.932012,1.186964,-92.000000,-1.323274,88.381224,-96.776507,-0.117950,-0.992618,0.028249
9256,neutron,0.000330,2248.081383,-2.854785,-92.000000,-1.345992,87.551285,-136.560655,-0.725440,-0.686958,0.042725
9179,neutron,19511.576325,0.034321,1.949219,-92.000000,-1.030959,90.000000,-90.000000,0.000000,-1.000000,0.000000
9180,neutron,19511.576325,0.156824,1.659137,-92.000000,2.346267,90.000000,-90.000000,0.000000,-1.000000,0.000000
9416,neutron,54.407579,2672.573212,-0.198760,-92.000000,1.995751,82.576143,-116.762301,-0.446516,-0.885398,0.129209
9257,kaon0L,1592.305803,2435.853293,2.308222,-92.000000,0.282887,96.349631,-77.192224,0.220321,-0.969137,-0.110595
9258,neutron,19511.576325,0.000000,-2.459120,-92.000000,1.935278,90.000000,-90.000000,0.000000,-1.000000,0.000000
9350,neutron,0.201121,3328.287020,1.200328,-92.000000,-1.911116,102.341119,-90.113451,-0.001934,-0.976891,-0.213732
9417,neutron,30.866208,995.736079,1.428967,-92.000000,-0.237070,124.049721,-109.588185,-0.277778,-0.780601,-0.559912
9259,neutron,19510.516250,1940.834503,0.685824,-92.000000,-2.328259,89.567657,-89.752035,0.004328,-0.999962,0.007546
9260,neutron,2432.825033,1070.461873,-2.422147,-92.000000,0.228667,91.266573,-107.320415,-0.297642,-0.954422,-0.022104
9183,e+,51.600043,168.023902,-1.773705,-92.000000,1.882757,110.528475,-103.193386,-0.213745,-0.911779,-0.350673
9184,neutron,19511.576325,17.223718,0.207144,-92.000000,-2.795002,90.000000,-90.000000,0.000000,-1.000000,0.000000
9261,proton,2594.345665,2035.524137,-2.226233,-92.000000,1.188351,89.480465,-75.997049,0.241962,-0.970243,0.009067
9185,neutron,19511.576325,2113.440122,-0.010282,-92.000000,-1.370977,90.000000,-90.000000,0.000000,-1.000000,0.000000
9418,gamma,0.109377,3348.436894,0.647544,-92.000000,0.887843,93.024959,-63.699315,0.442465,-0.895232,-0.052771
9351,neutron,204.929270,3690.864394,0.856227,-92.000000,2.732082,37.579133,-115.368295,-0.261284,-0.551050,0.792512
9186,neutron,9897.330955,256.252214,1.682879,-92.000000,2.011357,91.629270,-89.979871,0.000351,-0.999596,-0.028432
9187,neutron,19511.576325,0.000000,2.150163,-92.000000,-0.097619,90.000000,-90.000000,0.000000,-1.000000,0.000000
9188,neutron,19511.576325,0.000000,-1.483037,-92.000000,1.285875,90.000000,-90.000000,0.000000,-1.000000,0.000000
9189,neutron,19511.263774,0.000000,2.311186,-92.000000,-1.555776,89.913441,-89.743593,0.004475,-0.999989,0.001511
9190,neutron,19511.576325,74.987356,2.226972,-92.000000,-2.777169,90.000000,-90.000000,0.000000,-1.000000,0.000000
9262,gamma,0.959426,0.770583,2.810725,-92.000000,2.207647,98.225817,-106.379497,-0.279097,-0.949544,-0.143075
9263,neutron,19511.438403,0.000000,-2.107544,-92.000000,-2.935330,90.047842,-90.232891,-0.004065,-0.999991,-0.000835
9352,neutron,19511.576325,434.655861,1.556484,-92.000000,-2.706545,90.000000,-90.000000,0.000000,-1.000000,0.000000
9264,e-,1.826415,1494.325953,1.591102,-92.000000,-1.448598,109.028845,-95.627774,-0.092707,-0.940798,-0.326044
9419,neutron,9149.632356,1949.885707,0.328209,-92.000000,0.034561,87.974178,-90.769390,-0.013420,-0.999285,0.035350
9353,gamma,6.706438,1484.666201,1.246082,-92.000000,-1.101609,71.000218,-98.511552,-0.139945,-0.935106,0.325565
9265,neutron,19511.576325,704.967153,0.747275,-92.000000,-0.939689,90.000000,-90.000000,0.000000,-1.000000,0.000000
9266,neutron,19509.449325,0.000000,-1.928300,-92.000000,-1.960148,89.311104,-90.154499,-0.002696,-0.999924,0.012023
9354,proton,11482.417912,739.311123,-0.931922,-92.000000,-1.543657,88.994484,-88.342909,0.028913,-0.999428,0.017549
9420,neutron,18807.567930,930.124361,2.883686,-92.000000,-2.691911,90.848621,-90.630042,-0.010995,-0.999830,-0.014811
9191,gamma,1.650927,3073.455225,2.560040,-92.000000,-1.183617,70.191387,-66.523793,0.374797,-0.862953,0.338879
9421,neutron,19171.379245,2104.750998,-0.318368,-92.000000,-1.328156,91.093360,-91.977307,-0.034497,-0.999223,-0.019082
9422,gamma,0.154925,0.926332,-0.462689,-92.000000,-1.430008,108.199691,-50.543981,0.603695,-0.733487,-0.312330
9355,neutron,7307.071649,856.422690,0.738973,-92.000000,0.014277,89.120940,-84.730690,0.091826,-0.995657,0.015342
9192,neutron,18852.074708,0.115103,-0.902056,-92.000000,1.551213,88.558721,-89.470314,0.009242,-0.999641,0.025152
9193,gamma,0.804645,2.614950,-0.962651,-92.000000,-1.634122,78.912079,-73.023985,0.286521,-0.938574,0.192315
9267,gamma,0.097116,6352.000049,0.695491,-92.000000,-1.493611,83.687147,-117.240040,-0.454944,-0.883706,0.109957
9268,neutron,19511.576325,0.000000,2.338068,-92.000000,-2.850966,90.000000,-90.000000,0.000000,-1.000000,0.000000
9194,mu+,515.522916,87.785088,-0.455036,-92.000000,1.592043,89.009152,-88.181838,0.031723,-0.999347,0.017293
9356,gamma,4.044827,1231.880073,2.070036,-92.000000,-2.717348,109.300120,-76.028505,0.227870,-0.915879,-0.330516
9357,neutron,19511.576325,514.419511,-2.117239,-92.000000,2.680620,90.000000,-90.000000,0.000000,-1.000000,0.000000
9195,neutron,384.879104,1818.875743,-0.309672,-92.000000,0.241978,98.356774,-87.733736,0.039124,-0.988608,-0.145337
9269,neutron,8960.537110,1455.343795,-0.853141,-92.000000,-2.937673,90.122574,-90.226439,-0.003952,-0.999990,-0.002139
9424,neutron,2.928485,206.584106,-1.699531,-92.000000,2.609052,64.869399,-70.983147,0.295002,-0.855931,0.424683
9425,neutron,19511.576325,0.000000,-0.413224,-92.000000,-0.133605,90.000000,-90.000000,0.000000,-1.000000,0.000000
9426,neutron,19511.576325,0.000000,0.012510,-92.000000,-1.321170,90.000000,-90.000000,0.000000,-1.000000,0.000000
9427,neutron,19447.231011,0.000000,0.185431,-92.000000,0.873487,89.983942,-89.409129,0.010312,-0.999947,0.000280
9270,neutron,19511.166865,1174.131538,-1.992030,-92.000000,-1.756204,89.517437,-90.082752,-0.001444,-0.999963,0.008422
9359,gamma,12.472827,1204.278889,2.694372,-92.000000,1.681540,95.523085,-93.532544,-0.061329,-0.993466,-0.096247
9271,neutron,19510.891665,218.454326,0.577659,-92.000000,-2.080147,89.929328,-89.558727,0.007702,-0.999970,0.001233
9360,neutron,19510.878534,939.460638,-1.604292,-92.000000,-1.227324,90.245630,-90.321210,-0.005606,-0.999975,-0.004287
9196,neutron,74.326245,2524.241536,0.525960,-92.000000,-1.816564,88.098440,-119.307681,-0.489230,-0.871523,0.033182
9197,pi-,913.781699,623.512385,2.146470,-92.000000,-2.344599,108.527230,-75.232399,0.241688,-0.916852,-0.317755
9198,neutron,19511.576325,0.000000,0.511488,-92.000000,2.646280,90.000000,-90.000000,0.000000,-1.000000,0.000000
9361,pi-,120.208605,3331.230106,-2.718315,-92.000000,-0.681585,67.180344,-125.927677,-0.540838,-0.746379,0.387832
9362,neutron,19511.515403,0.000000,2.500544,-92.000000,1.949197,90.131577,-89.907542,0.001614,-0.999996,-0.002296
9272,proton,7995.434950,3922.318614,-0.249283,-92.000000,-2.773542,91.331685,-94.107976,-0.071617,-0.997161,-0.023240
9429,pi-,11763.937612,1582.529178,-2.627507,-92.000000,-1.181147,90.400031,-87.430609,0.044828,-0.998970,-0.006982
9363,neutron,19510.915165,2336.403615,-1.837775,-92.000000,2.874403,89.636293,-89.942121,0.001010,-0.999979,0.006348
9273,neutron,0.000498,1756.275920,0.425338,-92.000000,-1.513166,81.696611,-61.757942,0.468237,-0.871721,0.144415
9274,neutron,19511.576325,0.000000,-2.014888,-92.000000,0.933919,90.000000,-90.000000,0.000000,-1.000000,0.000000
9430,mu-,3203.838590,97.082121,0.874424,-92.000000,-0.788331,91.978335,-90.550390,-0.009600,-0.999358,-0.034522
9431,neutron,12436.980289,1498.026195,-1.116260,-92.000000,1.126786,88.938491,-87.694773,0.040216,-0.999019,0.018526
9365,neutron,16.308127,2111.520103,1.608241,-92.000000,-1.135479,128.936066,-66.376692,0.311701,-0.712664,-0.628453
9275,neutron,43.560319,911.902601,-1.108284,-92.000000,0.509716,58.501087,-101.758812,-0.173764,-0.834756,0.522482
9366,neutron,19511.576325,2017.438969,-2.838437,-92.000000,-1.414986,90.000000,-90.000000,0.000000,-1.000000,0.000000
9367,pi+,2803.670249,2009.016473,-1.284117,-92.000000,-0.850932,84.763967,-89.458307,0.009415,-0.995783,0.091259
9433,neutron,19511.576325,0.000000,1.150358,-92.000000,2.641219,90.000000,-90.000000,0.000000,-1.000000,0.000000
9368,neutron,19511.576325,514.482393,-1.474969,-92.000000,-0.464999,90.000000,-90.000000,0.000000,-1.000000,0.000000
9276,gamma,3.844114,1844.935895,-0.100113,-92.000000,-0.384015,93.570324,-126.866246,-0.598785,-0.798485,-0.062274
9501,mu-,771.497620,86.829854,0.320068,-92.000000,2.270524,87.682647,-89.774624,0.003930,-0.999174,0.040434
9369,neutron,19510.528993,1231.137552,0.431956,-92.000000,0.936943,89.545026,-89.803991,0.003421,-0.999963,0.007941
9434,neutron,19510.842652,1971.401257,-1.618567,-92.000000,2.896463,89.831517,-90.378856,-0.006612,-0.999974,0.002941
9370,gamma,0.071844,229.718578,-0.491108,-92.000000,-0.769762,136.387470,-95.273331,-0.063395,-0.686858,-0.724021
9371,gamma,6.560474,1475.016511,-1.983583,-92.000000,0.349266,103.030663,-81.072702,0.151185,-0.962448,-0.225472
9277,neutron,156.035115,2345.306779,1.377047,-92.000000,-1.382222,81.941190,-36.665995,0.794209,-0.591252,0.140189
9278,neutron,19511.576325,0.000000,0.169251,-92.000000,-2.981697,90.000000,-90.000000,0.000000,-1.000000,0.000000
9503,neutron,19511.576325,0.000000,0.821438,-92.000000,2.817730,90.000000,-90.000000,0.000000,-1.000000,0.000000
9279,neutron,17279.358625,849.651649,0.873512,-92.000000,-0.739455,90.257487,-91.579482,-0.027563,-0.999610,-0.004494
9504,neutron,16368.836204,0.000000,0.751834,-92.000000,-1.408376,90.360622,-88.734039,0.022093,-0.999736,-0.006294
9505,neutron,19511.576325,184.828552,1.240207,-92.000000,-1.272272,90.000000,-90.000000,0.000000,-1.000000,0.000000
9506,neutron,19511.576325,0.000000,-1.528989,-92.000000,-2.885058,90.000000,-90.000000,0.000000,-1.000000,0.000000
9435,pi+,2030.157870,2561.694467,-1.191427,-92.000000,0.490021,99.989381,-70.805314,0.323795,-0.930090,-0.173466
9507,kaon-,3541.144327,1761.409301,-0.404709,-92.000000,-2.973733,89.538399,-97.702385,-0.134023,-0.990945,0.008056
9372,gamma,5.724918,1528.893168,-2.703346,-92.000000,-1.979257,74.115321,-83.647080,0.106427,-0.955908,0.273702
9436,gamma,0.203035,3475.144107,1.235598,-92.000000,-1.235378,115.450787,-100.755577,-0.168509,-0.887092,-0.429736
9437,gamma,0.510999,179.322707,-0.871959,-92.000000,0.874687,107.786018,-62.275022,0.442992,-0.842882,-0.305463
9280,neutron,10126.975196,2110.582399,1.762541,-92.000000,-1.498028,88.424589,-87.831529,0.037824,-0.998906,0.027493
9508,gamma,0.561072,2197.555381,-1.427749,-92.000000,1.323080,111.007596,-81.449059,0.138806,-0.923156,-0.358492
9509,neutron,18750.327880,0.081100,-0.243116,-92.000000,2.684873,89.932367,-90.056681,-0.000989,-0.999999,0.001180
9510,neutron,19511.510400,1765.283688,-2.374000,-92.000000,1.692457,90.132816,-90.096846,-0.001690,-0.999996,-0.002318
9281,gamma,0.218214,1781.365528,0.445253,-92.000000,-2.244652,87.067520,-111.251771,-0.361992,-0.930776,0.051159
9373,proton,9227.121158,2271.746704,2.379665,-92.000000,2.061466,87.845067,-90.107360,-0.001872,-0.999291,0.037602
9374,neutron,19510.920439,0.000000,0.220658,-92.000000,1.823653,89.863342,-89.727547,0.004755,-0.999986,0.002385
9439,gamma,0.217741,3672.924230,-1.295433,-92.000000,0.186819,83.998961,-68.761629,0.360264,-0.926974,0.104546
9282,neutron,613.677921,2856.319057,-0.492355,-92.000000,-2.564461,108.077534,-90.074952,-0.001244,-0.950637,-0.310304
9283,neutron,19511.576325,0.000000,-0.456609,-92.000000,2.198495,90.000000,-90.000000,0.000000,-1.000000,0.000000
9284,neutron,19511.576325,0.000000,-0.760758,-92.000000,-2.234477,90.000000,-90.000000,0.000000,-1.000000,0.000000
9285,neutron,19511.576325,0.561379,-1.744681,-92.000000,-2.437708,90.000000,-90.000000,0.000000,-1.000000,0.000000
9375,neutron,9035.268144,1684.318267,-2.404542,-92.000000,0.099995,83.415923,-87.831689,0.037586,-0.992693,0.114661
9376,neutron,19511.576325,0.000000,-1.565290,-92.000000,-2.076347,90.000000,-90.000000,0.000000,-1.000000,0.000000
9511,e+,130.247565,1687.881868,0.814388,-92.000000,-1.976221,94.512107,-95.429032,-0.094320,-0.992429,-0.078670
9377,neutron,19511.061252,1897.963568,-1.022249,-92.000000,-1.534274,89.652634,-90.005486,-0.000096,-0.999982,0.006063
9440,proton,13253.055155,1657.888643,-0.018059,-92.000000,0.082070,89.087045,-88.953930,0.018254,-0.999706,0.015933
9441,gamma,0.102300,274.474017,1.256495,-92.000000,-0.735359,63.977226,-111.147346,-0.324193,-0.838103,0.438728
9286,neutron,0.949967,2903.216964,-1.566224,-92.000000,0.053069,102.006867,-119.779321,-0.485795,-0.848956,-0.208029
9442,neutron,19511.576325,963.754649,-1.171076,-92.000000,-2.915678,90.000000,-90.000000,0.000000,-1.000000,0.000000
9512,pi+,440.763996,2530.408193,2.405821,-92.000000,1.442318,104.579689,-44.844148,0.686196,-0.682473,-0.251726
9287,neutron,60.086749,1355.455934,2.858631,-92.000000,-1.078346,123.225633,-82.265514,0.112581,-0.828909,-0.547938
9288,neutron,19511.576325,82.240603,-0.666834,-92.000000,-0.525637,90.000000,-90.000000,0.000000,-1.000000,0.000000
9289,neutron,19511.576325,0.000000,2.553702,-92.000000,1.275610,90.000000,-90.000000,0.000000,-1.000000,0.000000
9443,gamma,0.171862,3453.714739,-1.229142,-92.000000,0.633064,107.105547,-91.407469,-0.023476,-0.955476,-0.294133
9514,gamma,0.891852,363.615324,-2.172293,-92.000000,2.448204,79.813457,-76.245868,0.234008,-0.956014,0.176854
9444,neutron,308.590474,1305.107758,1.136966,-92.000000,2.929534,83.853217,-57.695348,0.531349,-0.840359,0.107076
9515,proton,10893.493972,1001.532060,-2.642978,-92.000000,-2.904009,89.948081,-89.994671,0.000093,-1.000000,0.000906
9516,neutron,19511.418838,0.000000,0.693254,-92.000000,2.287354,90.187575,-89.958556,0.000723,-0.999994,-0.003274
9517,neutron,49.361427,14.227269,1.747335,-92.000000,-2.242609,113.481439,-100.882794,-0.173166,-0.900694,-0.398452
9518,neutron,19511.576325,0.000000,1.480195,-92.000000,0.223273,90.000000,-90.000000,0.000000,-1.000000,0.000000
9445,pi-,3494.385564,148.333870,-0.128204,-92.000000,2.664943,87.815259,-89.989992,0.000175,-0.999273,0.038122
9290,gamma,0.982902,3153.817469,-1.196749,-92.000000,-0.909573,100.968876,-93.418847,-0.058545,-0.979983,-0.190276
9291,neutron,19511.576325,0.000000,-0.373129,-92.000000,-2.009074,90.000000,-90.000000,0.000000,-1.000000,0.000000
9292,neutron,19511.576325,1445.076001,2.055295,-92.000000,1.801706,90.000000,-90.000000,0.000000,-1.000000,0.000000
9446,neutron,5010.800737,2122.518781,-2.002331,-92.000000,-1.506478,94.300220,-94.634265,-0.080568,-0.993925,-0.074983
9379,neutron,499.660820,2780.763406,0.580014,-92.000000,0.415298,66.576101,-107.120297,-0.270119,-0.876929,0.397531
9380,neutron,9.992922,125.019780,-0.048662,-92.000000,-1.130588,64.949076,-76.714838,0.208181,-0.881688,0.423424
9293,gamma,3.163083,133.923273,1.021430,-92.000000,2.963393,86.945785,-85.712921,0.074648,-0.995786,0.053281
9447,neutron,19511.576325,1689.830688,2.000838,-92.000000,-2.537393,90.000000,-90.000000,0.000000,-1.000000,0.000000
9519,gamma,1.521024,3448.969619,-0.525316,-92.000000,-2.139181,111.882271,-83.732566,0.101304,-0.922405,-0.372701
9294,neutron,24.066453,1048.127467,-2.864942,-92.000000,-1.068707,79.604442,-77.992840,0.204619,-0.962066,0.180443
9295,neutron,19511.576325,0.000000,1.443564,-92.000000,1.452183,90.000000,-90.000000,0.000000,-1.000000,0.000000
9448,neutron,19510.758848,2460.227105,-2.886501,-92.000000,-1.837512,90.544331,-89.836166,0.002859,-0.999951,-0.009500
9296,neutron,3.341855,2049.251997,1.814225,-92.000000,1.236615,76.813095,-37.585610,0.771547,-0.593863,0.228128
9381,neutron,32.515869,741.839016,-1.312944,-92.000000,-0.507597,68.515909,-135.534966,-0.664091,-0.651804,0.366243
9449,pi-,697.668206,1872.244515,2.192366,-92.000000,-2.000029,99.197574,-91.404000,-0.024187,-0.986847,-0.159839
9382,gamma,0.362476,1405.521636,0.980006,-92.000000,-0.443001,52.586027,-103.050177,-0.179349,-0.773753,0.607570
9450,neutron,19511.576325,2187.312308,0.124536,-92.000000,1.398617,90.000000,-90.000000,0.000000,-1.000000,0.000000
9297,gamma,0.123690,5323.991324,2.785583,-92.000000,0.386041,90.318089,-35.952240,0.809494,-0.587102,-0.005552
9521,gamma,0.243872,3588.425216,1.868839,-92.000000,-0.619561,79.829988,-107.855644,-0.301802,-0.936877,0.176570
9451,neutron,19509.960677,2364.760159,-1.473784,-92.000000,2.203261,89.734072,-89.939723,0.001052,-0.999989,0.004641
9383,proton,7356.815979,4123.461015,0.657876,-92.000000,2.391488,89.329074,-91.379165,-0.024067,-0.999642,0.011710
9384,neutron,19511.552360,0.000000,-2.547985,-92.000000,2.944202,90.023191,-89.928742,0.001244,-0.999999,-0.000405
9452,neutron,1.694302,951.270015,2.125463,-92.000000,1.748162,91.684105,-58.847084,0.517100,-0.855420,-0.029389
9522,pi+,2627.942786,2238.572924,-1.070247,-92.000000,1.565784,86.885652,-76.382271,0.235095,-0.970453,0.054329
9298,neutron,4.709994,3634.994383,2.656731,-92.000000,-1.948639,112.238269,-64.322730,0.401072,-0.834212,-0.378459
9523,proton,942.180958,1477.659212,2.422825,-92.000000,0.217803,82.742755,-95.282922,-0.091336,-0.987775,0.126324
9453,neutron,19511.576325,1474.713339,0.335256,-92.000000,-0.001093,90.000000,-90.000000,0.000000,-1.000000,0.000000
9454,neutron,19511.576325,0.000000,-0.395877,-92.000000,2.933151,90.000000,-90.000000,0.000000,-1.000000,0.000000
9386,neutron,19511.576325,0.000000,-1.423217,-92.000000,2.492676,90.000000,-90.000000,0.000000,-1.000000,0.000000
9299,neutron,19511.576325,1904.538952,0.454480,-92.000000,-2.980771,90.000000,-90.000000,0.000000,-1.000000,0.000000
9600,neutron,19511.576325,0.000000,-0.968906,-92.000000,-1.788601,90.000000,-90.000000,0.000000,-1.000000,0.000000
9524,neutron,18616.798352,2302.490933,-2.819937,-92.000000,-1.122443,90.361979,-89.942600,0.001002,-0.999980,-0.006318
9455,gamma,0.103116,2837.754113,2.494821,-92.000000,-2.225234,110.195941,-69.941052,0.321899,-0.881587,-0.345232
9601,gamma,2.963551,2910.738773,1.637527,-92.000000,-2.364487,121.149929,-72.466857,0.257821,-0.816058,-0.517279
9387,gamma,96.098713,4537.938693,-2.966618,-92.000000,1.335442,63.969829,-125.293336,-0.519156,-0.733411,0.438844
9456,neutron,24.438136,2588.877635,-2.777480,-92.000000,-0.440151,82.367254,-131.759344,-0.660102,-0.739340,0.132823
9525,neutron,14.104022,5476.866742,-0.469041,-92.000000,-0.592662,98.764614,-97.361984,-0.126641,-0.980175,-0.152375
9603,neutron,19511.420773,1701.217815,-2.767657,-92.000000,1.587807,90.049106,-90.247672,-0.004323,-0.999990,-0.000857
9604,neutron,19511.576325,1715.573622,2.110669,-92.000000,1.805976,90.000000,-90.000000,0.000000,-1.000000,0.000000
9605,neutron,19511.576325,1151.941142,2.495796,-92.000000,0.067159,90.000000,-90.000000,0.000000,-1.000000,0.000000
9606,neutron,19511.576325,1388.010462,-1.686226,-92.000000,-1.183362,90.000000,-90.000000,0.000000,-1.000000,0.000000
9388,gamma,3.338643,1383.711126,-1.092096,-92.000000,-2.867146,70.241100,-97.273134,-0.119146,-0.933551,0.338063
9526,gamma,0.317696,4490.050350,-0.467997,-92.000000,0.488298,69.806470,-81.986963,0.130830,-0.929369,0.345192
9457,gamma,0.947934,120.864355,-1.818016,-92.000000,-1.525603,86.511243,-67.604097,0.380298,-0.922860,0.060853
9458,neutron,17803.585907,6.896257,-1.585850,-92.000000,0.118548,89.557287,-91.111969,-0.019406,-0.999782,0.007727
9527,neutron,4.473173,1253.565713,-1.799934,-92.000000,-0.462670,83.623877,-86.461846,0.061331,-0.991920,0.111055
9389,pi+,1262.889789,2590.731005,-2.123516,-92.000000,-1.146739,105.893159,-111.367509,-0.350421,-0.895664,-0.273844
9608,gamma,0.166062,1996.405750,-1.723054,-92.000000,1.457402,76.101573,-60.454949,0.478671,-0.844498,0.240201
9390,gamma,0.088247,1127.725466,-2.362053,-92.000000,-1.727946,83.085091,-91.293201,-0.022405,-0.992473,0.120395
9528,pi+,2237.147778,81.325379,1.041313,-92.000000,2.803249,92.457087,-85.768312,0.073722,-0.996357,-0.042871
9459,gamma,0.847081,3457.151770,-0.272471,-92.000000,-1.612530,87.736160,-99.609810,-0.166807,-0.985198,0.039501
9460,neutron,19511.576325,98.022064,0.193269,-92.000000,-1.845714,90.000000,-90.000000,0.000000,-1.000000,0.000000
9609,proton,16469.598083,2350.660958,-1.382161,-92.000000,-1.679924,89.544181,-92.130903,-0.037182,-0.999277,0.007955
9610,gamma,0.092886,466.021030,-1.600003,-92.000000,-0.213280,46.440501,-57.313251,0.391349,-0.609899,0.689107
9461,pi-,2315.036697,2848.130454,-0.710352,-92.000000,-1.589107,85.909206,-85.203821,0.083398,-0.993960,0.071337
9462,neutron,19511.576325,287.996216,0.003875,-92.000000,-2.520848,90.000000,-90.000000,0.000000,-1.000000,0.000000
9463,neutron,19511.576325,0.015685,-2.576423,-92.000000,-0.618078,90.000000,-90.000000,0.000000,-1.000000,0.000000
9392,e+,6.878852,541.063061,2.356928,-92.000000,2.180640,81.059162,-89.666484,0.005750,-0.987833,0.155415
9464,neutron,11.132623,652.282973,0.919924,-92.000000,1.213166,82.533925,-116.957805,-0.449491,-0.883784,0.129939
9465,neutron,19510.700454,0.000000,1.097464,-92.000000,-0.913470,89.870455,-89.796975,0.003543,-0.999991,0.002261
9529,e+,502.473082,3678.003977,-0.808091,-92.000000,2.560715,92.023189,-85.204857,0.083541,-0.995879,-0.035304
9530,neutron,19511.489991,39.422010,1.354562,-92.000000,2.908391,89.833144,-89.849328,0.002630,-0.999992,0.002912
9611,gamma,0.083109,2794.607745,-0.357835,-92.000000,-0.853879,100.987337,-104.422559,-0.244506,-0.950732,-0.190592
9466,deuteron,130.813302,1605.612664,2.689911,-92.000000,-1.003996,117.020959,-69.926354,0.305761,-0.836724,-0.454316
9531,neutron,19511.576325,3244.222362,-1.665727,-92.000000,-1.825943,90.000000,-90.000000,0.000000,-1.000000,0.000000
9467,neutron,93.500609,1692.761972,-2.364129,-92.000000,-2.759410,127.808149,-117.213254,-0.361301,-0.702616,-0.613019
9532,neutron,19511.576325,739.531832,-0.575338,-92.000000,-2.593390,90.000000,-90.000000,0.000000,-1.000000,0.000000
9533,neutron,19511.576325,0.147553,-1.761685,-92.000000,2.955880,90.000000,-90.000000,0.000000,-1.000000,0.000000
9534,neutron,19511.171867,241.516089,-2.339418,-92.000000,1.199062,89.908157,-89.603347,0.006923,-0.999975,0.001603
9535,neutron,19511.576325,0.000000,1.920110,-92.000000,0.028689,90.000000,-90.000000,0.000000,-1.000000,0.000000
9468,pi+,2420.671286,2985.339849,0.901035,-92.000000,-2.484147,103.617368,-97.549943,-0.127697,-0.963464,-0.235437
9613,proton,84.677575,2721.653758,-0.620119,-92.000000,1.339422,95.612902,-61.942992,0.468095,-0.878249,-0.097807
9469,neutron,19362.396444,503.189250,2.674961,-92.000000,2.913513,90.666040,-91.344521,-0.023463,-0.999657,-0.011624
9470,neutron,19511.278929,64.176438,-0.855251,-92.000000,-2.247005,89.802102,-89.825294,0.003049,-0.999989,0.003454
9536,e+,206.470539,1786.369407,2.451948,-92.000000,-1.456318,96.689131,-88.171536,0.031690,-0.992687,-0.116482
9537,neutron,19511.576325,748.546588,1.602842,-92.000000,-2.681386,90.000000,-90.000000,0.000000,-1.000000,0.000000
9471,neutron,19511.576325,785.997512,1.396932,-92.000000,-1.192350,90.000000,-90.000000,0.000000,-1.000000,0.000000
9472,neutron,19511.257598,0.000000,1.339764,-92.000000,-0.359892,90.009197,-89.726871,0.004767,-0.999989,-0.000161
9394,neutron,77.071386,3867.209348,-0.167799,-92.000000,-2.197202,104.171105,-96.064173,-0.102427,-0.964143,-0.244818
9395,neutron,19511.576325,0.000000,-2.714533,-92.000000,-0.681818,90.000000,-90.000000,0.000000,-1.000000,0.000000
9396,neutron,19511.576325,0.000000,-1.158453,-92.000000,2.209435,90.000000,-90.000000,0.000000,-1.000000,0.000000
9614,neutron,0.030914,356.756903,1.763704,-92.000000,-1.076823,97.971173,-96.064492,-0.104627,-0.984796,-0.138675
9473,neutron,19511.576325,1011.456075,-2.309112,-92.000000,-1.228980,90.000000,-90.000000,0.000000,-1.000000,0.000000
9397,neutron,0.241895,92.860946,1.668150,-92.000000,1.781617,111.918152,-114.318236,-0.382038,-0.845404,-0.373282
9474,neutron,1.965229,815.510203,-2.021208,-92.000000,0.382626,70.233054,-112.608273,-0.361777,-0.868759,0.338195
9475,neutron,19511.416778,0.000000,2.092745,-92.000000,1.199193,90.120348,-89.848668,0.002641,-0.999994,-0.002100
9538,neutron,12987.614177,4105.546836,-1.962723,-92.000000,-1.656506,90.337108,-91.212525,-0.021161,-0.999759,-0.005884
9615,kaon0L,6882.388100,457.144905,-0.442649,-92.000000,0.354864,89.446781,-89.657797,0.005972,-0.999936,0.009655
9476,neutron,2.210145,3003.251945,-2.080123,-92.000000,1.316509,52.470985,-107.444327,-0.237738,-0.756572,0.609163
9616,neutron,0.296246,1933.516438,-0.134382,-92.000000,0.555653,85.995446,-69.510212,0.349186,-0.934448,0.069836
9539,gamma,5.153484,8.156548,-0.288545,-92.000000,-1.085542,89.397091,-88.597673,0.024471,-0.999645,0.010523
9540,neutron,19511.576325,0.000000,2.633986,-92.000000,0.221765,90.000000,-90.000000,0.000000,-1.000000,0.000000
9477,neutron,19511.576325,583.327737,1.431758,-92.000000,-1.794710,90.000000,-90.000000,0.000000,-1.000000,0.000000
9398,e+,14.833579,2072.289091,-1.179879,-92.000000,2.844320,76.537489,-91.061903,-0.018023,-0.972355,0.232809
9399,neutron,19511.576325,0.000000,0.363743,-92.000000,2.494167,90.000000,-90.000000,0.000000,-1.000000,0.000000
9700,neutron,19511.576325,0.261821,0.275118,-92.000000,0.370572,90.000000,-90.000000,0.000000,-1.000000,0.000000
9617,gamma,0.089928,1982.861093,-1.280013,-92.000000,-0.960020,81.195806,-67.214852,0.382713,-0.911100,0.153058
9478,kaon0L,6497.124458,1338.346837,-1.506335,-92.000000,0.701317,90.460233,-86.907771,0.053942,-0.998512,-0.008032
9701,gamma,0.507505,288.523012,1.102234,-92.000000,-1.530661,115.397877,-94.145455,-0.065302,-0.900988,-0.428902
9702,neutron,19511.419509,0.000000,-0.915285,-92.000000,1.965942,90.203205,-89.848413,0.002646,-0.999990,-0.003547
9703,neutron,5.962742,789.894781,0.147122,-92.000000,-0.790427,124.438474,-46.483496,0.567882,-0.598077,-0.565521
9479,neutron,19511.576325,2809.721005,1.884174,-92.000000,0.080260,90.000000,-90.000000,0.000000,-1.000000,0.000000
9618,gamma,0.193289,2194.312967,2.827141,-92.000000,-0.182310,95.193342,-35.399892,0.811783,-0.576902,-0.090517
9542,gamma,8.603780,238.260709,0.321949,-92.000000,-1.362956,69.838238,-98.002689,-0.130689,-0.929582,0.344672
9619,neutron,12234.269825,0.000000,1.168378,-92.000000,1.883131,90.156608,-88.445695,0.027124,-0.999628,-0.002733
9620,neutron,19511.576325,0.000000,-1.371871,-92.000000,2.576350,90.000000,-90.000000,0.000000,-1.000000,0.000000
9704,gamma,0.088035,1711.659451,-1.926011,-92.000000,-1.146371,68.224661,-81.866110,0.131391,-0.919304,0.370968
9705,neutron,19511.576325,40.351378,1.984394,-92.000000,-1.772875,90.000000,-90.000000,0.000000,-1.000000,0.000000
9621,neutron,19511.576325,675.278251,-1.331584,-92.000000,-2.210561,90.000000,-90.000000,0.000000,-1.000000,0.000000
9706,neutron,19511.576325,1477.987302,0.355643,-92.000000,0.683053,90.000000,-90.000000,0.000000,-1.000000,0.000000
9543,neutron,294.251992,2323.965233,2.174346,-92.000000,-1.827475,91.574727,-91.735607,-0.030276,-0.999164,-0.027481
9544,gamma,9.857838,9.259887,-0.166748,-92.000000,2.586639,96.098481,-63.536836,0.443100,-0.890155,-0.106238
9480,gamma,454.142365,2803.939047,-0.686352,-92.000000,1.412225,96.966161,-103.680914,-0.234769,-0.964455,-0.121283
9545,neutron,19511.576325,462.061009,1.451142,-92.000000,-2.365190,90.000000,-90.000000,0.000000,-1.000000,0.000000
9546,neutron,19511.576325,0.000000,-1.140134,-92.000000,-1.558518,90.000000,-90.000000,0.000000,-1.000000,0.000000
9707,neutron,19510.626580,2944.912842,-2.481803,-92.000000,2.175201,89.552245,-89.851448,0.002593,-0.999966,0.007815
9547,neutron,19511.576325,559.701214,-2.161082,-92.000000,0.145040,90.000000,-90.000000,0.000000,-1.000000,0.000000
9482,neutron,19511.321231,74.957031,-0.505952,-92.000000,-0.575162,90.382336,-89.950123,0.000871,-0.999977,-0.006673
9625,neutron,19511.493044,0.614650,-2.853848,-92.000000,1.344552,90.058459,-90.126873,-0.002214,-0.999997,-0.001020
9549,neutron,19511.576325,919.387405,1.838232,-92.000000,0.185578,90.000000,-90.000000,0.000000,-1.000000,0.000000
9550,neutron,19511.576325,0.000000,-0.606008,-92.000000,2.496969,90.000000,-90.000000,0.000000,-1.000000,0.000000
9551,neutron,19511.576325,0.126865,-0.567802,-92.000000,-2.959259,90.000000,-90.000000,0.000000,-1.000000,0.000000
9708,gamma,0.064763,3638.190616,-1.961360,-92.000000,2.965633,79.111665,-102.028518,-0.204647,-0.960436,0.188896
9710,neutron,8.774288,716.926529,-0.966986,-92.000000,0.619406,123.976816,-80.701115,0.133996,-0.818366,-0.558857
9711,neutron,19511.576325,0.000000,-0.655698,-92.000000,-1.574959,90.000000,-90.000000,0.000000,-1.000000,0.000000
9552,neutron,12.040451,2880.439071,-0.021322,-92.000000,1.143212,96.101608,-79.634675,0.178905,-0.978108,-0.106292
9483,neutron,1213.925501,3693.422241,-1.249062,-92.000000,-0.218989,105.114166,-89.455150,0.009180,-0.965365,-0.260743
9484,neutron,19511.576325,860.936517,2.022135,-92.000000,0.848584,90.000000,-90.000000,0.000000,-1.000000,0.000000
9553,e+,33.654597,765.386442,2.035285,-92.000000,-1.628472,73.468427,-93.802093,-0.063569,-0.956553,0.284544
9628,mu+,62.683273,71.692389,-1.415491,-92.000000,-0.597547,103.198969,-97.177101,-0.121636,-0.965955,-0.228333
9629,proton,2182.883321,1600.161212,1.711187,-92.000000,-1.335235,80.386941,-103.376841,-0.228106,-0.959208,0.166993
9630,neutron,19511.576325,0.000000,-1.364703,-92.000000,-0.215649,90.000000,-90.000000,0.000000,-1.000000,0.000000
9712,neutron,123.391322,2686.641176,-1.886692,-92.000000,0.051166,85.289853,-110.292872,-0.345648,-0.934765,0.082115
9714,neutron,19511.576325,0.000000,2.143239,-92.000000,-0.066069,90.000000,-90.000000,0.000000,-1.000000,0.000000
9715,neutron,19511.576325,548.629394,-2.819755,-92.000000,-2.281299,90.000000,-90.000000,0.000000,-1.000000,0.000000
9555,neutron,90.690308,2843.119618,-0.267847,-92.000000,-2.795422,113.247740,-131.248573,-0.605794,-0.690811,-0.394708
9716,neutron,0.000029,849.302045,2.384221,-92.000000,-1.694901,129.825611,-98.515804,-0.113727,-0.759530,-0.640453
9717,neutron,19511.576325,0.000000,0.970959,-92.000000,-0.738214,90.000000,-90.000000,0.000000,-1.000000,0.000000
9631,pi+,2407.548444,2591.985830,-1.769124,-92.000000,-1.364155,104.282360,-86.515371,0.058902,-0.967300,-0.246701
9486,e+,35.007479,4705.299037,-0.049383,-92.000000,-1.798069,105.977108,-94.851304,-0.081303,-0.957928,-0.275253
9487,neutron,19511.576325,0.000000,2.380964,-92.000000,-0.637147,90.000000,-90.000000,0.000000,-1.000000,0.000000
9488,neutron,19511.576325,0.000000,-0.103047,-92.000000,-0.547069,90.000000,-90.000000,0.000000,-1.000000,0.000000
9557,proton,746.452038,502.476483,-0.869795,-92.000000,-2.521266,91.866400,-112.259354,-0.378599,-0.924988,-0.032569
9558,neutron,19511.576325,0.000000,-0.783993,-92.000000,-1.455019,90.000000,-90.000000,0.000000,-1.000000,0.000000
9632,neutron,12443.636972,1445.105200,1.487659,-92.000000,0.555251,89.025419,-90.708064,-0.012356,-0.999779,0.017009
9489,gamma,2.152088,1388.335732,1.264601,-92.000000,2.884923,87.476276,-63.671699,0.443084,-0.895398,0.044033
9718,neutron,31.254103,4174.674040,1.560341,-92.000000,-2.273713,116.949856,-87.550270,0.038101,-0.890589,-0.453211
9490,pi+,1565.756246,3293.646833,1.177861,-92.000000,2.840268,81.968985,-99.155778,-0.157559,-0.977577,0.139709
9719,neutron,9040.656476,347.456877,-0.880026,-92.000000,2.386359,88.701785,-90.904250,-0.015777,-0.999619,0.022656
9633,neutron,0.024882,3692.366935,-0.075112,-92.000000,2.795198,44.170487,-90.499510,-0.006075,-0.696769,0.717270
9634,neutron,19510.953510,67.625796,1.582962,-92.000000,-0.560603,90.132919,-89.641848,0.006251,-0.999978,-0.002320
9491,neutron,19511.496281,2737.315419,1.831115,-92.000000,-1.645336,89.865340,-90.121130,-0.002114,-0.999995,0.002350
9492,neutron,19511.576325,0.000000,0.239355,-92.000000,0.797943,90.000000,-90.000000,0.000000,-1.000000,0.000000
9720,gamma,0.391346,2182.695886,-0.199022,-92.000000,0.918625,84.307889,-107.863246,-0.305234,-0.947098,0.099183
9559,gamma,0.139172,4619.614092,-2.414471,-92.000000,1.784058,41.855921,-117.564843,-0.308776,-0.591518,0.744825
9721,proton,262.610172,907.691624,-0.464522,-92.000000,2.901154,66.665309,-65.504665,0.380706,-0.835564,0.396102
9635,nu_mu,55.507726,2641.535160,-1.747327,-92.000000,-2.813397,133.092670,-84.835529,0.065733,-0.727285,-0.683180
9636,neutron,1.580432,604.659140,-1.335596,-92.000000,-0.608294,70.217001,-79.449094,0.172302,-0.925072,0.338459
9637,neutron,19511.576325,1728.811785,0.344332,-92.000000,-0.789204,90.000000,-90.000000,0.000000,-1.000000,0.000000
9493,gamma,0.173432,2825.262166,-1.598866,-92.000000,1.098189,58.118532,-100.132772,-0.149389,-0.835898,0.528164
9560,mu+,367.031585,167.198120,0.058221,-92.000000,0.141421,96.187189,-88.667671,0.023116,-0.993906,-0.107777
9495,neutron,19511.383868,1468.305269,2.486652,-92.000000,2.471735,89.828891,-89.874232,0.002195,-0.999993,0.002986
9561,gamma,0.266334,1870.708649,-1.664866,-92.000000,1.231827,73.326701,-66.526514,0.381578,-0.878680,0.286914
9562,neutron,19511.576325,0.000000,0.336001,-92.000000,0.838192,90.000000,-90.000000,0.000000,-1.000000,0.000000
9723,gamma,0.132109,1862.390891,0.632503,-92.000000,1.616068,82.627000,-98.916393,-0.153712,-0.979747,0.128328
9638,neutron,39.507309,3015.181592,2.985362,-92.000000,0.502058,84.112016,-66.929138,0.389802,-0.915167,0.102584
9724,neutron,0.253184,1846.035334,-0.488071,-92.000000,2.661549,102.500331,-117.199121,-0.446249,-0.868339,-0.216445
9564,gamma,0.055022,87.787827,1.544456,-92.000000,-1.530170,75.554961,-115.498524,-0.416879,-0.874063,0.249451
9725,neutron,19511.576325,0.000000,-0.283071,-92.000000,1.010157,90.000000,-90.000000,0.000000,-1.000000,0.000000
9565,neutron,19511.576325,560.125857,2.300619,-92.000000,1.648835,90.000000,-90.000000,0.000000,-1.000000,0.000000
9566,neutron,19511.576325,2.301551,-2.277727,-92.000000,0.384414,90.000000,-90.000000,0.000000,-1.000000,0.000000
9567,neutron,19511.576325,0.000000,-1.534467,-92.000000,-2.806324,90.000000,-90.000000,0.000000,-1.000000,0.000000
9568,neutron,19511.576325,155.653938,-1.482334,-92.000000,-2.498280,90.000000,-90.000000,0.000000,-1.000000,0.000000
9639,neutron,9.510602,1082.240248,-1.952967,-92.000000,-2.170753,141.071524,-104.437510,-0.156663,-0.608507,-0.777931
9496,gamma,38.035050,953.870769,-2.100932,-92.000000,0.686356,101.782754,-105.211395,-0.256852,-0.944631,-0.204201
9497,neutron,19511.576325,290.272751,-1.860692,-92.000000,-2.811795,90.000000,-90.000000,0.000000,-1.000000,0.000000
9498,neutron,19511.222074,0.129742,-0.863654,-92.000000,-0.044344,90.264050,-89.945697,0.000948,-0.999989,-0.004609
9499,neutron,19511.576325,0.351653,-1.877269,-92.000000,0.040092,90.000000,-90.000000,0.000000,-1.000000,0.000000
9800,neutron,19509.518133,451.531142,1.643093,-92.000000,0.005016,89.377573,-90.186661,-0.003258,-0.999936,0.010863
9801,neutron,19510.231769,0.000000,1.737860,-92.000000,1.671162,90.300635,-90.345544,-0.006031,-0.999968,-0.005247
9802,neutron,19511.576325,0.193076,1.205537,-92.000000,0.519301,90.000000,-90.000000,0.000000,-1.000000,0.000000
9803,neutron,19511.576325,0.000000,2.332618,-92.000000,-1.117424,90.000000,-90.000000,0.000000,-1.000000,0.000000
9804,neutron,19511.576325,0.000000,0.939064,-92.000000,-2.882946,90.000000,-90.000000,0.000000,-1.000000,0.000000
9569,neutron,55.268497,801.727438,-1.296807,-92.000000,-1.027354,100.142303,-136.164764,-0.710062,-0.681764,-0.176094
9570,gamma,9.119660,726.531608,0.830755,-92.000000,0.690240,77.681309,-105.299686,-0.257792,-0.942351,0.213349
9805,gamma,0.179000,2720.185401,0.291271,-92.000000,-2.990252,122.585697,-50.737592,0.533250,-0.652378,-0.538560
9727,kaon-,437.081455,2205.242090,1.180614,-92.000000,-1.838093,111.435131,-73.785073,0.259927,-0.893804,-0.365448
9806,neutron,1.238885,418.760809,-1.179841,-92.000000,-1.012321,99.735671,-140.803719,-0.763824,-0.622877,-0.169103
9571,neutron,91.344537,2005.700760,-2.402815,-92.000000,0.018617,84.588131,-106.259116,-0.278734,-0.955726,0.094315
9807,neutron,19511.576325,428.986640,-2.969508,-92.000000,2.226866,90.000000,-90.000000,0.000000,-1.000000,0.000000
9640,gamma,0.088787,69.288535,-1.092718,-92.000000,-0.575490,122.925256,-82.362676,0.111555,-0.831934,-0.543545
9641,neutron,19511.576325,0.000000,0.490588,-92.000000,-1.431865,90.000000,-90.000000,0.000000,-1.000000,0.000000
9728,neutron,54.549187,854.518062,0.831644,-92.000000,0.236256,88.687253,-127.786186,-0.612556,-0.790095,0.022910
9729,neutron,11.708804,818.692598,2.543627,-92.000000,-2.512681,82.731956,-94.901434,-0.084755,-0.988338,0.126511
9642,mu-,749.105174,178.224267,-1.335189,-92.000000,-1.835889,91.332782,-90.669364,-0.011679,-0.999661,-0.023259
9808,gamma,0.146036,1107.738475,1.624318,-92.000000,-2.568940,98.945297,-62.151940,0.461447,-0.873435,-0.155491
9572,neutron,1534.844691,3493.879243,0.819726,-92.000000,0.942393,90.798205,-95.825879,-0.101496,-0.994738,-0.013931
9574,neutron,19346.898644,0.000000,2.263102,-92.000000,2.526000,91.217225,-88.933564,0.018608,-0.999601,-0.021243
9575,neutron,19511.327282,0.000000,-0.174418,-92.000000,2.257019,90.151745,-89.718852,0.004907,-0.999984,-0.002648
9730,proton,344.055827,2586.773794,-1.863200,-92.000000,1.269088,88.729516,-80.063753,0.172510,-0.984758,0.022172
9731,neutron,19511.576325,0.276122,-2.018826,-92.000000,2.892306,90.000000,-90.000000,0.000000,-1.000000,0.000000
9810,neutron,19509.808607,0.113333,-0.711707,-92.000000,0.166471,89.859234,-90.296485,-0.005175,-0.999984,0.002457
9644,gamma,5.957501,1607.820398,-2.298345,-92.000000,1.855663,103.348308,-82.952581,0.119376,-0.965634,-0.230870
9811,neutron,19511.576325,1198.778887,2.301016,-92.000000,-1.670545,90.000000,-90.000000,0.000000,-1.000000,0.000000
9646,neutron,19511.576325,0.000000,1.567881,-92.000000,-1.502818,90.000000,-90.000000,0.000000,-1.000000,0.000000
9647,neutron,19511.576325,0.000000,-0.546164,-92.000000,2.374329,90.000000,-90.000000,0.000000,-1.000000,0.000000
9648,neutron,19511.576325,0.000000,-1.018556,-92.000000,2.198401,90.000000,-90.000000,0.000000,-1.000000,0.000000
9576,gamma,0.185324,3535.767547,2.751216,-92.000000,-2.687727,148.549826,-79.442335,0.095599,-0.512924,-0.853094
9732,neutron,0.006185,2826.106327,-0.776824,-92.000000,0.280824,106.290703,-83.043802,0.116248,-0.952785,-0.280511
9733,neutron,19511.576325,0.000000,1.488867,-92.000000,2.656198,90.000000,-90.000000,0.000000,-1.000000,0.000000
9649,gamma,2.673897,115.765985,1.792443,-92.000000,-2.218945,111.461720,-95.564169,-0.090237,-0.926277,-0.365880
9812,gamma,0.165806,2402.562988,2.623799,-92.000000,-1.085939,75.798403,-48.979252,0.636274,-0.731414,0.245334
9813,neutron,19510.736534,0.000000,2.227770,-92.000000,-1.352997,90.083352,-89.681212,0.005564,-0.999983,-0.001455
9734,pi+,1420.117948,94.257349,-1.339452,-92.000000,-2.084340,93.016372,-89.344565,0.011423,-0.998549,-0.052621
9577,gamma,0.234132,2041.197370,1.595239,-92.000000,-0.280826,73.557229,-62.445137,0.443679,-0.850310,0.283057
9650,neutron,19510.256658,3596.933509,-2.863023,-92.000000,1.875632,89.561484,-90.081598,-0.001424,-0.999970,0.007653
9651,neutron,19510.844583,0.000000,1.544038,-92.000000,-2.337449,89.971278,-90.418977,-0.007312,-0.999973,0.000501
9652,neutron,19511.576325,0.000000,2.412911,-92.000000,2.741793,90.000000,-90.000000,0.000000,-1.000000,0.000000
9815,gamma,0.382002,1477.440537,0.248786,-92.000000,-1.297163,137.409457,-83.993185,0.070820,-0.673039,-0.736209
9816,neutron,19511.514912,0.000000,-1.810520,-92.000000,0.055180,90.131597,-89.933927,0.001153,-0.999997,-0.002297
9818,neutron,19511.576325,0.245020,2.995300,-92.000000,1.701677,90.000000,-90.000000,0.000000,-1.000000,0.000000
9735,pi+,2239.728279,2225.881820,0.510567,-92.000000,1.524651,97.934018,-87.468891,0.043739,-0.989461,-0.138033
9736,neutron,19510.601652,0.000000,-0.851418,-92.000000,0.139213,90.300655,-90.371485,-0.006483,-0.999965,-0.005247
9578,gamma,643.535298,2931.216153,-2.421750,-92.000000,-2.501384,94.863116,-103.295343,-0.229143,-0.969694,-0.084776
9819,proton,11485.280132,1044.353157,2.848456,-92.000000,-1.569865,88.198536,-87.208402,0.048679,-0.998320,0.031436
9653,gamma,0.252853,2519.490271,2.344148,-92.000000,-1.381155,98.966936,-92.491785,-0.042945,-0.986844,-0.155864
9579,neutron,19432.225785,3147.353813,-2.372794,-92.000000,1.674243,90.483931,-89.655203,0.006018,-0.999946,-0.008446
9737,pi+,639.027794,1725.319112,0.193348,-92.000000,-0.561496,83.490870,-83.553131,0.111558,-0.987271,0.113362
9738,neutron,19511.576325,1189.658217,2.987198,-92.000000,-1.183345,90.000000,-90.000000,0.000000,-1.000000,0.000000
9820,pi-,9577.621002,758.558101,1.919686,-92.000000,-2.956468,90.285277,-89.624355,0.006556,-0.999966,-0.004979
9739,gamma,0.071227,159.338349,1.272890,-92.000000,-0.712703,114.783406,-36.496795,0.729851,-0.539998,-0.419189
9821,neutron,19511.391203,835.542958,-1.556699,-92.000000,1.782654,89.913185,-89.825533,0.003045,-0.999994,0.001515
9822,neutron,2.044608,1730.447002,-2.264856,-92.000000,0.384335,49.360867,-117.175559,-0.346570,-0.675061,0.651293
9823,anti_nu_mu,39.181897,530.515064,1.874362,-92.000000,1.538655,102.322182,-64.159864,0.425821,-0.879280,-0.213409
9824,neutron,17592.479390,0.024237,-2.536157,-92.000000,-2.963666,92.116118,-86.491964,0.061147,-0.997446,-0.036925
9741,neutron,19511.576325,230.873652,0.631481,-92.000000,-2.223163,90.000000,-90.000000,0.000000,-1.000000,0.000000
9654,e+,60.104235,5344.441806,-1.582364,-92.000000,-2.159923,99.923336,-78.062404,0.203752,-0.963736,-0.172330
9742,proton,11365.070681,1242.691011,0.781654,-92.000000,1.795487,84.247592,-89.784862,0.003736,-0.994957,0.100230
9580,neutron,1.525249,1852.204662,-2.595038,-92.000000,1.871552,68.229189,-143.248927,-0.744094,-0.555663,0.370895
9655,gamma,0.304722,431.623081,-1.376791,-92.000000,-1.523674,64.481336,-91.695390,-0.026700,-0.902050,0.430805
9825,gamma,7.233370,2044.729989,0.295828,-92.000000,-2.637099,101.610160,-69.332446,0.345724,-0.916500,-0.201252
9826,neutron,19511.576325,0.389628,-0.910265,-92.000000,0.653812,90.000000,-90.000000,0.000000,-1.000000,0.000000
9743,gamma,1.188919,2090.910810,-2.112717,-92.000000,-0.909186,131.340915,-123.696985,-0.416540,-0.624647,-0.660538
9744,pi+,135.082562,365.503983,1.799941,-92.000000,0.485886,106.873952,-91.626341,-0.027159,-0.956560,-0.290267
9745,neutron,19511.576325,0.000000,-2.506020,-92.000000,-2.148321,90.000000,-90.000000,0.000000,-1.000000,0.000000
9746,neutron,8878.898949,479.365329,1.189612,-92.000000,-2.472782,93.068380,-91.487549,-0.025922,-0.998230,-0.053528
9581,gamma,0.223409,238.341561,0.505337,-92.000000,0.710955,120.474494,-63.216276,0.388373,-0.769390,-0.507155
9582,neutron,19511.576325,0.000000,2.813573,-92.000000,0.074374,90.000000,-90.000000,0.000000,-1.000000,0.000000
9747,neutron,19511.287894,174.318862,2.598981,-92.000000,0.311511,90.101254,-89.820791,0.003128,-0.999994,-0.001767
9583,mu+,436.264207,791.896636,-0.554403,-92.000000,-0.866547,94.261359,-84.918164,0.088334,-0.993316,-0.074306
9748,neutron,19511.396886,1120.934923,-0.403624,-92.000000,2.610339,89.815136,-89.911280,0.001548,-0.999994,0.003226
9827,neutron,1234.845900,2975.653025,-2.796495,-92.000000,1.181664,78.749230,-94.077037,-0.069731,-0.978301,0.195103
9656,neutron,0.485898,2977.143458,1.145975,-92.000000,-2.665708,109.717813,-110.646637,-0.331929,-0.880904,-0.337388
9657,neutron,19511.576325,0.000000,-0.311283,-92.000000,-2.390351,90.000000,-90.000000,0.000000,-1.000000,0.000000
9658,neutron,19511.190907,0.000000,-2.491518,-92.000000,-2.483734,90.359494,-89.830501,0.002958,-0.999976,-0.006274
9659,neutron,55.501115,584.765869,2.587852,-92.000000,2.183438,62.716642,-95.184653,-0.080313,-0.885114,0.458391
9660,neutron,19511.576325,0.000000,-0.195325,-92.000000,1.650504,90.000000,-90.000000,0.000000,-1.000000,0.000000
9828,pi-,2717.278187,4092.280194,2.419230,-92.000000,-0.281532,87.179106,-91.382333,-0.024095,-0.998498,0.049214
9584,proton,18341.721773,94.168204,1.897191,-92.000000,-2.587786,90.826260,-89.262373,0.012872,-0.999813,-0.014420
9829,neutron,9582.240076,0.000000,0.020607,-92.000000,-0.009054,89.816048,-88.501039,0.026159,-0.999653,0.003211
9750,neutron,19511.576325,0.000000,0.446741,-92.000000,1.911635,90.000000,-90.000000,0.000000,-1.000000,0.000000
9585,neutron,19511.576325,610.196447,-1.371745,-92.000000,0.315832,90.000000,-90.000000,0.000000,-1.000000,0.000000
9586,neutron,19511.576325,0.000000,-2.364595,-92.000000,-0.295137,90.000000,-90.000000,0.000000,-1.000000,0.000000
9587,neutron,19511.576325,0.000000,-0.805882,-92.000000,-0.813133,90.000000,-90.000000,0.000000,-1.000000,0.000000
9751,gamma,74.475988,326.001850,2.249936,-92.000000,-1.437597,128.475047,-95.536557,-0.075533,-0.779227,-0.622174
9752,neutron,19511.576325,749.797110,1.046035,-92.000000,2.794222,90.000000,-90.000000,0.000000,-1.000000,0.000000
9662,gamma,4.793795,4.793795,-2.977627,-92.000000,-2.853954,85.882492,-86.831272,0.055134,-0.995894,0.071802
9663,neutron,19511.379451,0.000000,-2.039890,-92.000000,0.597697,90.165642,-89.863275,0.002386,-0.999993,-0.002891
9664,neutron,19511.576325,555.620860,-2.501070,-92.000000,0.290652,90.000000,-90.000000,0.000000,-1.000000,0.000000
9588,neutron,0.053178,1423.528072,-1.452170,-92.000000,1.226235,65.673181,-65.097324,0.383691,-0.826490,0.411941
9589,neutron,19511.576325,137.796353,2.958100,-92.000000,-2.479916,90.000000,-90.000000,0.000000,-1.000000,0.000000
9590,gamma,0.166845,406.858269,-1.137715,-92.000000,-0.094892,118.011997,-138.190958,-0.658050,-0.588552,-0.469656
9665,neutron,19430.507314,3879.717509,-2.583852,-92.000000,-1.098232,90.278158,-89.574539,0.007426,-0.999961,-0.004855
9666,neutron,19511.325139,0.226188,-0.593651,-92.000000,1.707890,90.006952,-89.858497,0.002470,-0.999997,-0.000121
9667,neutron,19511.576325,0.000000,2.769448,-92.000000,-1.459489,90.000000,-90.000000,0.000000,-1.000000,0.000000
9753,mu+,1188.182436,3153.155598,-0.564859,-92.000000,-1.002388,99.987012,-89.828857,0.002942,-0.984843,-0.173425
9831,pi+,3797.292418,3273.295764,0.583571,-92.000000,-2.024601,97.647267,-93.854737,-0.066629,-0.988864,-0.133074
9754,proton,11428.526486,263.377086,2.026892,-92.000000,-2.184680,88.594869,-89.672580,0.005713,-0.999683,0.024522
9591,anti_nu_mu,43.299144,2130.332552,0.179998,-92.000000,-0.399912,92.340879,-80.317414,0.168049,-0.984932,-0.040845
9668,pi+,4075.798767,2214.735750,-0.016271,-92.000000,-2.868626,101.249925,-82.753668,0.123712,-0.972952,-0.195089
9669,neutron,19511.531595,0.000000,-2.566748,-92.000000,-0.584858,90.081862,-89.892152,0.001882,-0.999997,-0.001429
9670,neutron,63.249246,865.985645,-0.723716,-92.000000,2.371378,69.027449,-78.574413,0.184972,-0.915248,0.357921
9671,neutron,19511.576325,0.000000,-0.206619,-92.000000,0.714519,90.000000,-90.000000,0.000000,-1.000000,0.000000
9755,gamma,0.141705,1490.530965,1.237352,-92.000000,2.212841,32.757132,-88.269793,0.016337,-0.540832,0.840972
9672,gamma,0.326101,514.737356,1.338469,-92.000000,-1.960275,99.048162,-84.658038,0.091941,-0.983267,-0.157265
9673,neutron,19511.573571,0.000000,0.150053,-92.000000,-0.453699,90.010925,-90.021112,-0.000368,-1.000000,-0.000191
9832,gamma,0.981685,1.352887,2.853195,-92.000000,2.300100,106.230832,-107.787662,-0.293314,-0.914244,-0.279508
9674,neutron,0.277937,1058.292767,1.846002,-92.000000,0.540298,122.815111,-86.941923,0.044835,-0.839227,-0.541930
9675,neutron,19509.929075,394.951608,0.861372,-92.000000,-0.408701,90.612388,-89.895156,0.001830,-0.999941,-0.010688
9756,pi-,1087.090309,2307.842579,-0.902319,-92.000000,0.758570,105.178099,-92.314531,-0.038976,-0.964329,-0.261820
9833,pi+,448.266954,2207.225925,0.356611,-92.000000,-2.600792,87.692667,-81.902607,0.140742,-0.989227,0.040260
9834,neutron,19511.576325,0.000000,0.196188,-92.000000,0.037655,90.000000,-90.000000,0.000000,-1.000000,0.000000
9676,neutron,12600.330162,1415.182998,1.978806,-92.000000,-1.242462,91.237355,-88.757300,0.021682,-0.999532,-0.021594
9757,neutron,2.673919,1586.870176,1.309908,-92.000000,-1.200018,75.199662,-113.599597,-0.387060,-0.885962,0.255451
9592,gamma,0.482654,3860.995390,0.473553,-92.000000,0.777734,55.557215,-116.504005,-0.368027,-0.738019,0.565583
9758,neutron,19511.576325,1207.678635,1.272033,-92.000000,-1.383729,90.000000,-90.000000,0.000000,-1.000000,0.000000
9835,neutron,19511.576325,1760.774112,1.438930,-92.000000,0.623717,90.000000,-90.000000,0.000000,-1.000000,0.000000
9593,gamma,5.725033,21.050182,0.456210,-92.000000,-2.298955,74.714804,-91.098149,-0.018487,-0.964448,0.263624
9594,neutron,19511.562537,0.000000,2.113730,-92.000000,2.405163,89.969978,-89.915321,0.001478,-0.999999,0.000524
9677,gamma,0.170028,1339.418729,-3.000000,-92.062680,2.807266,94.689149,-32.454416,0.840994,-0.534832,-0.081750
9678,neutron,19511.576325,97.762040,2.223541,-92.000000,-1.421869,90.000000,-90.000000,0.000000,-1.000000,0.000000
9759,gamma,5.140794,3458.194899,2.064999,-92.000000,0.886340,93.023393,-48.811955,0.657616,-0.751505,-0.052744
9679,gamma,0.129464,1653.385033,-1.288448,-92.000000,-0.069226,122.772146,-116.636879,-0.376973,-0.751589,-0.541300
9680,neutron,19511.576325,0.000000,1.750137,-92.000000,1.592781,90.000000,-90.000000,0.000000,-1.000000,0.000000
9595,proton,2254.393600,2387.167744,-2.205342,-92.000000,-2.614568,92.795986,-95.291016,-0.092105,-0.994554,-0.048780
9760,proton,13063.491766,342.060822,-0.073892,-92.000000,0.337313,89.529842,-89.290992,0.012374,-0.999890,0.008206
9761,neutron,19511.445759,0.000000,1.247723,-92.000000,0.677448,90.195950,-89.809918,0.003318,-0.999989,-0.003420
9836,pi+,539.504544,4360.886556,-1.515976,-92.000000,2.007544,55.305102,-91.901102,-0.027276,-0.821742,0.569206
9837,neutron,18679.475635,0.664571,-2.406306,-92.000000,-2.140487,89.809329,-88.656896,0.023439,-0.999720,0.003328
9838,neutron,19511.576325,0.000000,-1.355410,-92.000000,2.148485,90.000000,-90.000000,0.000000,-1.000000,0.000000
9681,pi+,1009.622241,2887.042396,1.992101,-92.000000,0.760200,75.383901,-62.122176,0.452456,-0.855341,0.252341
9682,neutron,19511.576325,0.000000,1.000474,-92.000000,1.026292,90.000000,-90.000000,0.000000,-1.000000,0.000000
9683,neutron,1.774529,395.151286,1.633872,-92.000000,1.105058,55.738984,-89.764707,0.003394,-0.826475,0.562964
9684,neutron,19511.576325,0.000000,2.993252,-92.000000,0.435501,90.000000,-90.000000,0.000000,-1.000000,0.000000
9596,neutron,1.124014,3231.486443,-0.147131,-92.000000,1.638749,54.030822,-112.080565,-0.304236,-0.749974,0.587350
9763,neutron,19511.289060,0.038059,2.292364,-92.000000,-2.028497,90.012912,-89.757590,0.004231,-0.999991,-0.000225
9765,neutron,19511.576325,167.085928,-2.863279,-92.000000,1.462212,90.000000,-90.000000,0.000000,-1.000000,0.000000
9839,gamma,0.057452,3601.802428,0.375015,-92.000000,-1.263456,79.130541,-84.370932,0.096328,-0.977324,0.188572
9685,neutron,7073.972452,742.727121,2.781549,-92.000000,0.405904,90.619863,-89.236884,0.013318,-0.999853,-0.010818
9840,pi+,193.101301,1193.339711,1.016383,-92.000000,2.456065,98.332373,-106.529937,-0.281513,-0.948552,-0.144915
9766,neutron,447.687934,1743.838743,1.213869,-92.000000,1.367673,102.705236,-54.941102,0.560353,-0.798519,-0.219935
9767,neutron,19423.226707,0.000000,-0.520756,-92.000000,-1.462012,90.581046,-90.113528,-0.001981,-0.999947,-0.010141
9768,proton,2.449564,714.107479,2.115170,-92.000000,-2.231585,52.719438,-76.592168,0.184503,-0.773992,0.605719
9598,neutron,19511.576325,0.000000,0.855684,-92.000000,-2.440835,90.000000,-90.000000,0.000000,-1.000000,0.000000
9599,neutron,19511.576325,0.000000,-1.425827,-92.000000,2.244678,90.000000,-90.000000,0.000000,-1.000000,0.000000
9900,gamma,0.516790,207.816384,0.623067,-92.000000,-0.149448,58.373152,-123.312331,-0.467636,-0.711574,0.524385
9686,neutron,0.079493,3330.970490,-1.765584,-92.000000,-0.304595,117.566436,-95.697382,-0.088004,-0.882096,-0.462777
9769,gamma,2.817811,1460.519931,0.637121,-92.000000,-0.146843,122.559464,-48.769641,0.555501,-0.633866,-0.538175
9770,neutron,19511.576325,2.089023,-1.158887,-92.000000,2.553589,90.000000,-90.000000,0.000000,-1.000000,0.000000
9771,neutron,19511.576325,0.000000,-0.513119,-92.000000,1.834208,90.000000,-90.000000,0.000000,-1.000000,0.000000
9772,neutron,148.938499,766.425193,0.495181,-92.000000,-0.439138,73.134950,-54.702528,0.552970,-0.781061,0.290118
9687,gamma,1.794694,779.198566,2.270407,-92.000000,-2.739659,97.995656,-97.731121,-0.133217,-0.981277,-0.139098
9688,neutron,19498.063542,0.000000,-0.142156,-92.000000,0.964011,90.384365,-90.227691,-0.003974,-0.999970,-0.006708
9903,neutron,19511.510257,0.334073,2.584973,-92.000000,0.977247,89.992830,-90.164398,-0.002869,-0.999996,0.000125
9689,neutron,19511.370069,2535.028037,-0.981081,-92.000000,0.240108,90.062544,-90.195957,-0.003420,-0.999994,-0.001092
9904,gamma,0.554249,782.943227,1.593196,-92.000000,1.632231,77.563476,-47.997519,0.653461,-0.725679,0.215358
9690,neutron,19511.576325,3725.594423,-1.848049,-92.000000,-2.311444,90.000000,-90.000000,0.000000,-1.000000,0.000000
9691,neutron,19511.576325,0.000000,1.943676,-92.000000,-0.511717,90.000000,-90.000000,0.000000,-1.000000,0.000000
9692,neutron,19511.576325,0.000000,-2.464653,-92.000000,1.097075,90.000000,-90.000000,0.000000,-1.000000,0.000000
9905,gamma,0.434067,0.820036,1.306396,-92.000000,1.835029,78.044294,-120.456009,-0.495882,-0.843320,0.207155
9906,neutron,19511.576325,0.000000,-0.771084,-92.000000,1.365183,90.000000,-90.000000,0.000000,-1.000000,0.000000
9907,neutron,19511.576325,299.492668,-2.924621,-92.000000,-2.961414,90.000000,-90.000000,0.000000,-1.000000,0.000000
9908,neutron,19511.529218,0.000000,-2.524681,-92.000000,-0.668222,89.927414,-90.075956,-0.001326,-0.999998,0.001267
9909,neutron,19511.576325,0.000000,-0.383206,-92.000000,2.951178,90.000000,-90.000000,0.000000,-1.000000,0.000000
9910,neutron,19511.543428,0.000000,1.018476,-92.000000,1.441467,89.992977,-90.138600,-0.002419,-0.999997,0.000123
9843,neutron,18958.968757,1408.724393,-1.792618,-92.000000,-0.345235,89.941100,-89.966148,0.000591,-0.999999,0.001028
9911,gamma,4.460854,192.988255,-2.848836,-92.000000,-2.078199,87.365620,-86.577590,0.059634,-0.997162,0.045962
9912,neutron,19511.576325,0.000000,-1.376317,-92.000000,-1.869769,90.000000,-90.000000,0.000000,-1.000000,0.000000
9774,pi+,2129.864841,3254.536810,1.106446,-92.000000,-0.319705,97.459076,-80.874916,0.157248,-0.978989,-0.129818
9844,gamma,730.344163,590.766991,-2.279296,-92.000000,2.988382,81.500601,-84.168083,0.100495,-0.983899,0.147799
9775,gamma,0.222748,701.553966,-1.655505,-92.000000,-1.998504,112.980632,-115.836703,-0.401221,-0.828610,-0.390420
9776,neutron,19511.576325,0.000000,-2.137771,-92.000000,-2.752082,90.000000,-90.000000,0.000000,-1.000000,0.000000
9845,neutron,19511.576325,2271.622881,1.021816,-92.000000,0.834151,90.000000,-90.000000,0.000000,-1.000000,0.000000
9693,gamma,991.427357,2618.337290,-2.107043,-92.000000,0.677802,94.309731,-85.005184,0.086819,-0.993386,-0.075148
9913,proton,2872.714316,2403.449367,0.510743,-92.000000,-1.312167,99.841240,-95.419208,-0.093052,-0.980881,-0.170919
9914,neutron,19511.551557,1870.017097,-2.632144,-92.000000,-2.465932,90.000661,-90.098943,-0.001727,-0.999999,-0.000012
9846,neutron,19510.318404,1081.880717,-0.878077,-92.000000,0.503140,89.657868,-89.403525,0.010410,-0.999928,0.005971
9777,neutron,774.854993,592.027653,2.528203,-92.000000,1.481799,63.175849,-80.061589,0.154018,-0.879004,0.451254
9915,proton,321.347385,785.126178,-1.654538,-92.000000,1.453146,34.568058,-127.524872,-0.345597,-0.449987,0.823453
9695,neutron,19511.064101,0.000000,2.428706,-92.000000,-1.024920,89.711940,-90.092389,-0.001612,-0.999986,0.005028
9778,neutron,112.003109,1549.682444,-0.006264,-92.000000,2.336705,76.564477,-98.927627,-0.150940,-0.960849,0.232351
9847,gamma,0.114588,415.327889,2.864029,-92.000000,2.049104,33.029122,-103.794920,-0.129969,-0.529343,0.838394
9848,nu_mu,814.211822,171.024604,-1.039452,-92.000000,-2.210364,121.235615,-82.262729,0.115115,-0.847258,-0.518559
9849,neutron,19511.576325,0.000000,2.248096,-92.000000,2.931432,90.000000,-90.000000,0.000000,-1.000000,0.000000
9696,neutron,5.332601,1057.781857,-1.228692,-92.000000,-2.020669,104.402862,-117.735018,-0.450756,-0.857291,-0.248738
9779,pi-,5947.646792,105.997384,1.245496,-92.000000,-0.006194,90.603165,-89.876666,0.002152,-0.999942,-0.010527
9850,neutron,19511.407730,0.000000,-2.273067,-92.000000,-1.874038,89.748252,-89.924358,0.001320,-0.999989,0.004394
9851,neutron,19511.576325,0.000000,-2.644982,-92.000000,-1.590172,90.000000,-90.000000,0.000000,-1.000000,0.000000
9852,neutron,19511.505235,0.000000,2.493485,-92.000000,1.240751,90.053080,-89.980256,0.000345,-1.000000,-0.000926
9916,neutron,49.831893,2888.386628,-2.959976,-92.000000,-2.395267,125.135435,-122.071176,-0.434226,-0.692990,-0.575511
9917,neutron,19511.576325,0.000000,-2.019826,-92.000000,2.259689,90.000000,-90.000000,0.000000,-1.000000,0.000000
9697,gamma,0.829138,8.741899,1.769910,-92.000000,-0.773931,88.243003,-95.637965,-0.098196,-0.994695,0.030661
9698,neutron,19509.924187,0.241030,1.531961,-92.000000,2.720390,89.417985,-90.014232,-0.000248,-0.999948,0.010158
9780,gamma,0.103791,2586.655924,-1.329508,-92.000000,-0.103350,99.990018,-97.631891,-0.130794,-0.976114,-0.173477
9781,neutron,19511.576325,0.000000,0.649903,-92.000000,2.814275,90.000000,-90.000000,0.000000,-1.000000,0.000000
9853,neutron,10446.132273,2206.116267,1.152378,-92.000000,0.790454,92.205248,-90.160142,-0.002793,-0.999255,-0.038479
9854,neutron,17945.724792,0.000000,-0.824059,-92.000000,2.956644,89.372644,-89.847787,0.002656,-0.999937,0.010949
9782,neutron,4.619934,1057.504569,-1.237394,-92.000000,-0.910772,85.581454,-63.869348,0.439111,-0.895124,0.077042
9783,neutron,19511.576325,0.000000,-1.077973,-92.000000,2.500689,90.000000,-90.000000,0.000000,-1.000000,0.000000
9918,pi-,308.552110,3418.205393,-0.862933,-92.000000,-2.752816,105.353555,-87.763286,0.037635,-0.963576,-0.264775
9919,gamma,0.121950,1547.100208,-2.028108,-92.000000,-0.242180,110.782269,-108.670156,-0.299291,-0.885737,-0.354818
9920,gamma,0.107702,3.170373,-1.040492,-92.000000,-2.905564,98.504475,-94.592291,-0.079184,-0.985829,-0.147887
9855,neutron,40.541580,1880.761063,2.361348,-92.000000,-2.810246,120.450719,-32.132331,0.730016,-0.458512,-0.506797
9784,gamma,0.258367,2566.572019,2.928524,-92.000000,-0.690135,94.170335,-72.621576,0.297891,-0.951826,-0.072722
9921,gamma,0.105979,423.161992,-2.742922,-92.000000,-0.164717,98.419067,-68.925325,0.355709,-0.923057,-0.146412
9922,neutron,19511.576325,249.070410,-0.698440,-92.000000,-1.438755,90.000000,-90.000000,0.000000,-1.000000,0.000000
9856,neutron,0.000202,3906.423786,-1.083580,-92.000000,2.437042,35.302028,-87.064888,0.029591,-0.577128,0.816117
9923,gamma,0.278948,135.849901,2.599443,-92.000000,0.692451,103.782094,-112.321290,-0.368865,-0.898435,-0.238230
9924,neutron,19511.576325,0.000000,-2.095607,-92.000000,0.936437,90.000000,-90.000000,0.000000,-1.000000,0.000000
9857,neutron,19511.576325,1388.084580,2.865494,-92.000000,-0.931061,90.000000,-90.000000,0.000000,-1.000000,0.000000
9858,neutron,19511.001160,491.245140,-2.956283,-92.000000,0.619182,89.977360,-90.001891,-0.000033,-1.000000,0.000395
9785,neutron,697.694647,2219.787160,-0.886753,-92.000000,-1.373523,71.503785,-76.417274,0.222718,-0.921821,0.317242
9786,neutron,19087.877765,0.339742,-2.052829,-92.000000,0.926549,89.909988,-87.862046,0.037306,-0.999303,0.001571
9787,neutron,77.770291,79.906265,0.689624,-92.000000,0.017317,101.976357,-125.905337,-0.573683,-0.792356,-0.207508
9859,gamma,0.122458,991.602072,0.993371,-92.000000,-2.422113,83.120700,-98.695013,-0.150086,-0.981390,0.119778
9860,neutron,19511.549569,0.000000,-1.347582,-92.000000,0.803880,89.920846,-90.002038,-0.000036,-0.999999,0.001381
9788,gamma,0.051895,1057.887839,1.266578,-92.000000,-2.286749,109.563920,-81.209809,0.143994,-0.931201,-0.334858
9861,gamma,0.215756,1934.396185,0.963895,-92.000000,1.397309,103.988393,-35.702184,0.787979,-0.566266,-0.241725
9789,e+,2715.481047,1046.496731,-2.489566,-92.000000,-1.718621,92.831493,-97.377802,-0.128255,-0.990510,-0.049399
9925,gamma,0.098409,3134.883341,-1.160030,-92.000000,-1.438235,69.638257,-111.495569,-0.343533,-0.872307,0.347946
9926,proton,19337.383765,111.642094,-0.637879,-92.000000,-2.375361,90.004523,-90.252148,-0.004401,-0.999990,-0.000079
9862,neutron,9.680453,1636.626762,-1.042482,-92.000000,-1.235207,64.902512,-98.100497,-0.127606,-0.896552,0.424160
9863,neutron,19205.690331,0.000000,-1.689414,-92.000000,-0.078275,89.818726,-92.215935,-0.038666,-0.999247,0.003164
9790,e+,275.630375,3055.755243,0.203872,-92.000000,1.750228,92.530337,-83.506349,0.112983,-0.992616,-0.044148
9864,neutron,19358.433748,1958.830966,0.124401,-92.000000,2.013138,92.169956,-88.847934,0.020092,-0.999081,-0.037864
9927,gamma,6.067991,33.984998,-1.015767,-92.000000,-2.394817,64.457121,-87.141837,0.044990,-0.901140,0.431186
9928,neutron,19511.576325,0.000000,0.035135,-92.000000,2.102497,90.000000,-90.000000,0.000000,-1.000000,0.000000
9865,neutron,1.259045,3238.602865,-1.549043,-92.000000,-0.520936,123.874703,-123.703198,-0.460703,-0.690711,-0.557379
9929,neutron,356.280337,2635.593958,1.224598,-92.000000,0.080597,127.352299,-98.305596,-0.114828,-0.786583,-0.606714
9930,neutron,19511.576325,163.660854,2.667746,-92.000000,-2.247751,90.000000,-90.000000,0.000000,-1.000000,0.000000
9931,proton,234.841875,674.682096,-0.042942,-92.000000,-2.851069,94.707585,-108.739292,-0.320179,-0.943796,-0.082070
9866,anti_nu_mu,21.797318,2000.994552,2.224705,-92.000000,0.900304,96.425982,-49.626923,0.643692,-0.757056,-0.111920
9791,gamma,0.082956,350.234956,0.017583,-92.000000,-2.371483,94.845970,-48.443428,0.660988,-0.745626,-0.084477
9932,neutron,0.659145,1711.842810,0.556811,-92.000000,-1.825631,92.877220,-98.319652,-0.144513,-0.988229,-0.050196
9792,gamma,58.134352,122.356396,-2.885378,-92.000000,-0.404354,91.664328,-91.425209,-0.024862,-0.999269,-0.029044
9793,neutron,19511.576325,0.000000,-1.468285,-92.000000,1.657613,90.000000,-90.000000,0.000000,-1.000000,0.000000
9867,neutron,23.337134,2776.114166,2.021726,-92.000000,0.674864,62.303194,-66.671469,0.350629,-0.813036,0.464793
9868,neutron,8606.191095,208.441449,0.561376,-92.000000,-2.423722,91.723293,-90.568392,-0.009916,-0.999499,-0.030073
9869,neutron,19511.576325,0.180187,1.334400,-92.000000,1.160435,90.000000,-90.000000,0.000000,-1.000000,0.000000
9870,neutron,19511.576325,0.000000,2.486501,-92.000000,1.573819,90.000000,-90.000000,0.000000,-1.000000,0.000000
9933,gamma,0.264723,92.237214,-1.561384,-92.000000,-0.231112,71.074839,-56.880359,0.516853,-0.792257,0.324333
9795,neutron,19511.576325,114.167581,-1.136814,-92.000000,2.774175,90.000000,-90.000000,0.000000,-1.000000,0.000000
9934,gamma,0.357501,1259.117404,-0.808601,-92.000000,-0.497980,60.368817,-99.838144,-0.148521,-0.856443,0.494415
9871,neutron,7.554552,1013.675515,1.777570,-92.000000,1.422599,64.026810,-119.791943,-0.446669,-0.780183,0.437951
9796,neutron,2.326313,2637.162871,1.537869,-92.000000,1.925929,75.784686,-73.045096,0.282689,-0.927245,0.245566
9872,gamma,0.163533,2022.593720,-1.185519,-92.000000,-2.421873,115.232057,-107.697780,-0.274991,-0.861777,-0.426285
9936,neutron,19511.531390,0.062523,1.192584,-92.000000,-1.661730,89.982590,-89.898877,0.001765,-0.999998,0.000304
9937,neutron,19511.324033,0.000000,-2.697894,-92.000000,-1.544924,90.139986,-90.295807,-0.005163,-0.999984,-0.002443
9873,pi+,1632.255185,2684.618415,-0.915723,-92.000000,1.147219,85.253135,-80.858690,0.158325,-0.983913,0.082754
9797,pi+,1759.099420,2775.739386,-0.397570,-92.000000,0.349312,93.058883,-83.579985,0.111657,-0.992313,-0.053362
9938,neutron,98.673314,3282.894417,-0.636829,-92.000000,-0.957073,60.061551,-116.445231,-0.385917,-0.775885,0.499069
9874,gamma,504.459835,439.687614,-1.345009,-92.000000,-2.869293,90.544380,-96.292441,-0.109598,-0.993931,-0.009501
9798,gamma,0.075290,3325.687504,0.048975,-92.000000,-2.057434,108.822475,-74.149815,0.258517,-0.910535,-0.322637
9799,neutron,19511.576325,80.593775,-1.097312,-92.000000,2.531691,90.000000,-90.000000,0.000000,-1.000000,0.000000
9939,neutron,2245.028250,1900.033795,0.564780,-92.000000,-1.782781,76.725921,-99.053541,-0.153153,-0.961157,0.229609
9875,gamma,7.218240,1557.610121,-0.001968,-92.000000,-1.834863,83.119052,-92.557063,-0.044293,-0.991809,0.119807
9876,pi+,2602.158167,1423.106019,-0.042598,-92.000000,-0.243827,92.351700,-90.508218,-0.008862,-0.999118,-0.041033
9877,gamma,0.112096,1302.907541,1.102066,-92.000000,-2.591472,92.896666,-114.643287,-0.416435,-0.907760,-0.050535
9878,neutron,19511.576325,0.000000,2.499753,-92.000000,2.940069,90.000000,-90.000000,0.000000,-1.000000,0.000000
9879,proton,796.854937,775.075775,-1.813123,-92.000000,-1.380501,83.899842,-73.576023,0.281142,-0.953764,0.106267
9880,neutron,170.564725,94.747655,-0.033631,-92.000000,1.550982,94.295244,-53.656316,0.590963,-0.803214,-0.074896
9881,neutron,19511.576325,0.059478,-0.742271,-92.000000,0.260406,90.000000,-90.000000,0.000000,-1.000000,0.000000
9940,pi+,604.546740,3649.214698,1.987104,-92.000000,-0.784496,105.019728,-77.507373,0.208924,-0.942969,-0.259152
9941,neutron,19511.576325,0.000000,2.376150,-92.000000,2.218443,90.000000,-90.000000,0.000000,-1.000000,0.000000
9882,e+,277.403517,2533.273477,2.987969,-92.000000,-1.928781,88.018026,-68.439631,0.367262,-0.929475,0.034585
9942,proton,615.318693,2631.418856,0.608779,-92.000000,1.096283,63.381105,-96.199566,-0.096545,-0.888778,0.448054
9883,neutron,60.724595,2167.045961,-1.638431,-92.000000,0.781856,75.952367,-131.241190,-0.639515,-0.729454,0.242728
9943,e+,464.320401,2652.453947,1.858078,-92.000000,-0.460488,110.032699,-79.783561,0.166636,-0.924601,-0.342556
9884,neutron,22.549136,1502.923084,0.397041,-92.000000,-2.317035,80.618780,-88.719344,0.022051,-0.986379,0.163003
9944,neutron,738.876414,2192.782591,-0.444506,-92.000000,-1.232665,96.114310,-116.460767,-0.443050,-0.890147,-0.106512
9945,neutron,19511.576325,0.000000,-1.381154,-92.000000,1.776255,90.000000,-90.000000,0.000000,-1.000000,0.000000
9946,neutron,10692.621533,869.737743,0.235123,-92.000000,-0.909360,89.619704,-89.224743,0.013530,-0.999886,0.006637
9947,neutron,19511.576325,0.000000,-0.872426,-92.000000,0.778018,90.000000,-90.000000,0.000000,-1.000000,0.000000
9885,gamma,0.740538,4843.737891,0.009472,-92.000000,1.697061,75.298297,-103.694079,-0.228987,-0.939764,0.253787
9886,proton,15764.446971,97.201720,-2.113056,-92.000000,2.367580,87.730391,-91.094926,-0.019094,-0.999033,0.039602
9948,gamma,0.143697,2300.030192,-1.138551,-92.000000,2.711900,69.253685,-139.884605,-0.715160,-0.602550,0.354231
9887,proton,470.698856,3474.196754,-1.104524,-92.000000,0.139619,88.229695,-76.997145,0.224892,-0.973894,0.030893
9949,neutron,3.238052,4417.017404,-1.803149,-92.000000,2.866245,43.418071,-86.144875,0.046211,-0.685761,0.726358
9950,proton,19224.138497,89.465225,0.042855,-92.000000,0.317027,90.960029,-90.513139,-0.008955,-0.999820,-0.016755
9951,neutron,19511.576325,0.000000,2.296602,-92.000000,2.105844,90.000000,-90.000000,0.000000,-1.000000,0.000000
9952,neutron,19511.576325,1789.768523,0.922308,-92.000000,-1.431947,90.000000,-90.000000,0.000000,-1.000000,0.000000
9888,gamma,0.070780,1925.468320,-2.988537,-92.000000,0.619611,88.061357,-93.730462,-0.065026,-0.997310,0.033829
9889,gamma,0.855410,2062.301939,1.300455,-92.000000,2.512001,99.716935,-98.028542,-0.137663,-0.975993,-0.168781
9890,neutron,19511.576325,0.000000,2.781978,-92.000000,1.007557,90.000000,-90.000000,0.000000,-1.000000,0.000000
9891,neutron,19511.576325,0.000000,1.872225,-92.000000,1.020752,90.000000,-90.000000,0.000000,-1.000000,0.000000
9953,gamma,338.934094,733.144290,-1.054800,-92.000000,2.744650,86.219151,-74.989246,0.258437,-0.963775,0.065940
9892,neutron,19511.576325,8.930263,2.563889,-92.000000,2.797450,90.000000,-90.000000,0.000000,-1.000000,0.000000
9954,neutron,278.136356,2115.589612,0.933181,-92.000000,1.777282,107.406737,-110.094265,-0.327832,-0.896121,-0.299153
9893,neutron,1339.392966,1170.794871,-2.656472,-92.000000,0.353039,89.903492,-84.899197,0.088908,-0.996038,0.001684
9894,neutron,19511.462021,1100.045712,1.218108,-92.000000,-2.955643,90.053073,-90.209835,-0.003662,-0.999993,-0.000926
9958,neutron,59.780829,2008.846149,-1.479117,-92.000000,2.744166,83.988469,-86.194636,0.066002,-0.992308,0.104729
9959,gamma,18.608916,26.175327,0.837666,-92.000000,2.673083,104.792291,-96.528200,-0.109924,-0.960589,-0.255316
9960,pi+,1859.877692,1237.693918,2.822444,-92.000000,-2.826068,93.326721,-92.001026,-0.034859,-0.997706,-0.058030
9961,neutron,19511.401004,0.249224,1.803796,-92.000000,1.254136,89.895487,-90.246844,-0.004308,-0.999989,0.001824
9962,neutron,19511.576325,0.000000,0.164051,-92.000000,-0.873544,90.000000,-90.000000,0.000000,-1.000000,0.000000
9896,neutron,0.000344,4107.798946,0.124685,-92.000000,0.147617,107.525177,-122.515194,-0.512574,-0.804109,-0.301125
9897,neutron,19511.017966,0.000000,-0.120625,-92.000000,1.081444,90.398003,-89.734589,0.004632,-0.999965,-0.006946
9898,neutron,19511.576325,0.000000,2.117332,-92.000000,1.037088,90.000000,-90.000000,0.000000,-1.000000,0.000000
9963,neutron,18656.304113,2138.423779,1.483658,-92.000000,2.058653,92.252694,-90.683306,-0.011916,-0.999156,-0.039307
9899,neutron,36.768449,1342.356833,1.574213,-92.000000,-2.125700,104.476258,-13.273309,0.942385,-0.222307,-0.249979
9964,e+,417.611846,2766.919743,-0.974068,-92.000000,-2.320671,81.942221,-95.119599,-0.088354,-0.986177,0.140172
9965,gamma,0.430689,1366.173607,-2.210023,-92.000000,0.656863,108.089881,-109.786825,-0.321789,-0.894448,-0.310509
9966,pi-,2925.306842,958.149177,0.983646,-92.000000,-0.586413,90.776415,-92.055063,-0.035857,-0.999265,-0.013551
9967,neutron,19511.576325,0.000000,0.519081,-92.000000,1.940520,90.000000,-90.000000,0.000000,-1.000000,0.000000
9968,neutron,19511.484381,3489.131468,1.528600,-92.000000,2.635739,89.950579,-90.138209,-0.002412,-0.999997,0.000863
9969,gamma,3.918240,4018.749980,2.406902,-92.000000,1.322956,85.916905,-88.027866,0.034326,-0.996871,0.071203
9970,neutron,19511.576325,0.232908,1.980116,-92.000000,0.923859,90.000000,-90.000000,0.000000,-1.000000,0.000000
9971,neutron,19511.510218,0.014253,-0.456971,-92.000000,0.014658,90.124458,-89.999525,0.000008,-0.999998,-0.002172
9972,neutron,19511.576325,1947.584966,1.929439,-92.000000,1.707863,90.000000,-90.000000,0.000000,-1.000000,0.000000
9973,neutron,19511.576325,0.000000,-1.352528,-92.000000,2.198424,90.000000,-90.000000,0.000000,-1.000000,0.000000
9974,neutron,19511.470266,394.392862,-2.582953,-92.000000,1.051320,90.071560,-90.140466,-0.002452,-0.999996,-0.001249
9975,gamma,2.432982,2866.262908,1.407817,-92.000000,2.540803,69.828500,-54.387405,0.546586,-0.763109,0.344831
9976,neutron,40.535475,2830.614928,1.018179,-92.000000,0.136459,98.658182,-109.566164,-0.331079,-0.931517,-0.150539
9977,pi-,3919.574976,3227.449019,-1.600805,-92.000000,0.986149,88.635153,-86.944334,0.053291,-0.998295,0.023819
9978,neutron,19510.447146,0.000000,1.705267,-92.000000,1.156027,90.514305,-90.009520,-0.000166,-0.999960,-0.008976
9979,neutron,2675.312917,0.000000,-0.514954,-92.000000,2.023521,98.497347,-122.276580,-0.528145,-0.836199,-0.147764
9980,neutron,19511.576325,0.000000,2.118176,-92.000000,2.953669,90.000000,-90.000000,0.000000,-1.000000,0.000000
9981,gamma,0.401866,4770.808480,1.684970,-92.000000,2.883924,101.862083,-94.450770,-0.075945,-0.975694,-0.205557
9983,neutron,19511.576325,951.771036,2.938245,-92.000000,0.064643,90.000000,-90.000000,0.000000,-1.000000,0.000000
9984,neutron,19511.576325,1560.994415,0.161299,-92.000000,0.335314,90.000000,-90.000000,0.000000,-1.000000,0.000000
9985,neutron,63.085364,2227.144012,-0.266937,-92.000000,-2.166832,134.751379,-89.209357,0.009800,-0.710101,-0.704032
9986,neutron,17492.727876,0.000000,-0.798719,-92.000000,-0.050898,91.388764,-88.820786,0.020574,-0.999495,-0.024236
9987,neutron,19511.364954,0.000000,-1.310279,-92.000000,-0.542440,89.889929,-90.176762,-0.003085,-0.999993,0.001921
9988,neutron,14312.945180,2391.235584,-1.375583,-92.000000,-1.437931,89.172242,-90.816480,-0.014248,-0.999794,0.014447
9989,neutron,19510.102121,0.000000,0.205040,-92.000000,0.417021,90.467407,-89.981847,0.000317,-0.999967,-0.008158
9990,neutron,19511.576325,1014.767597,-2.128059,-92.000000,2.597316,90.000000,-90.000000,0.000000,-1.000000,0.000000
9991,e+,212.803925,1364.286138,1.792804,-92.000000,-0.785973,86.280817,-84.301015,0.099093,-0.992962,0.064866
9992,e+,12.744445,3140.491897,-2.567041,-92.000000,-2.037938,132.956693,-125.643834,-0.426493,-0.594757,-0.681445
9993,neutron,19511.576325,1774.729052,0.482858,-92.000000,-0.656925,90.000000,-90.000000,0.000000,-1.000000,0.000000
9994,neutron,19511.576325,0.000000,1.435552,-92.000000,-1.851954,90.000000,-90.000000,0.000000,-1.000000,0.000000
9995,neutron,19511.576325,0.000000,2.073666,-92.000000,-2.205245,90.000000,-90.000000,0.000000,-1.000000,0.000000
9996,gamma,0.120309,1671.152727,1.218000,-92.000000,-2.176092,87.111612,-90.869754,-0.015160,-0.998615,0.050391
9998,neutron,19511.576325,0.000000,0.233794,-92.000000,-1.817253,90.000000,-90.000000,0.000000,-1.000000,0.000000
9999,neutron,19511.576325,0.000000,2.129167,-92.000000,-1.148234,90.000000,-90.000000,0.000000,-1.000000,0.000000
